1.842968 1.26823711395
3.369007 1.51841592789
4.793388 1.41825819016
6.268666 1.4683740139
7.743139 1.46833300591
9.168486 1.41842389107
10.693642 1.51844000816
12.118633 1.41830301285
13.543424 1.41843295097
14.96784 1.41831302643
16.392285 1.41832208633
17.817105 1.41838693619
19.341787 1.51852202415
20.716224 1.36829400063
22.241775 1.51857495308
23.666823 1.41828608513
25.050926 1.26828694344
26.376191 1.31823301315
27.701394 1.3183760643
28.976736 1.26823806763
30.201768 1.21821498871
31.677359 1.26832294464
32.954033 1.26847505569
34.379385 1.418653965
35.755155 1.368694067
37.030206 1.26831221581
38.405421 1.36840605736
39.680613 1.26825499535
41.055764 1.36847305298
42.431087 1.36835217476
43.806214 1.36839294434
45.131444 1.31850790977
46.527227 1.26844596863
47.802499 1.26854896545
49.027571 1.21828508377
50.352561 1.31834697723
51.678081 1.31835317612
52.953195 1.2682890892
54.328747 1.36853885651
55.553742 1.21828603745
56.878792 1.3183259964
58.304328 1.41855597496
59.579337 1.26828503609
60.904836 1.31844091415
62.585543 1.36845397949
63.961912 1.36855101585
65.186954 1.21827697754
66.412153 1.2183599472
67.755864 1.21818423271
68.931082 1.16822695732
70.105856 1.16803979874
71.481435 1.36859488487
72.806529 1.31834506989
74.031451 1.21824121475
75.306812 1.2683608532
76.53176 1.21819591522
77.756593 1.21812200546
78.982022 1.21826696396
80.206991 1.21825695038
81.382186 1.16816782951
82.557099 1.16822195053
83.781996 1.2181520462
85.007282 1.21827912331
86.282301 1.2682800293
87.716435 1.31843209267
88.941795 1.21829390526
90.216825 1.26827216148
91.592272 1.36842012405
93.05915 1.21834492683
94.23573 1.16843390465
95.460702 1.2182431221
96.635693 1.16826915741
97.860968 1.21824884415
99.186233 1.31844186783
100.411525 1.21826386452
101.686752 1.26844501495
103.012926 1.3186879158
104.288145 1.26846289635
105.513255 1.21835184097
106.738725 1.21840000153
108.482396 1.61884880066
110.057449 1.56884002686
111.532195 1.46853804588
113.057126 1.51874899864
114.532345 1.4686768055
115.957021 1.41848516464
117.431865 1.46864104271
119.007188 1.56879401207
120.532081 1.51872706413
122.15697 1.61870312691
123.776148 1.41868019104
125.152489 1.36854910851
126.527823 1.36856293678
127.903037 1.36846208572
129.32896 1.41871404648
130.704331 1.36860609055
132.345102 1.56871008873
133.670242 1.31856203079
134.944819 1.26842999458
136.569841 1.6188249588
138.094752 1.51869106293
139.670194 1.56891298294
141.094979 1.41858100891
142.470053 1.36872220039
144.045338 1.56881189346
145.320127 1.26853299141
146.69497 1.36852908134
148.119866 1.41873788834
149.595076 1.46862888336
151.019941 1.41857600212
152.645102 1.61892294884
154.317314 1.41862607002
155.73886 1.26846289635
156.913836 1.16819119453
158.13918 1.21835494041
159.414314 1.26834893227
160.639798 1.21839499474
161.914915 1.26835203171
163.140277 1.21830701828
164.415408 1.26833820343
165.590435 1.16820788383
166.865991 1.26843714714
168.191219 1.31843900681
169.51638 1.31836295128
170.841767 1.31834816933
172.116965 1.26836895943
173.292679 1.16831994057
174.583404 1.26842498779
175.967384 1.26831293106
177.2428 1.26835107803
178.467987 1.21832299232
179.74337 1.26830196381
180.96841 1.21823501587
182.243887 1.26834702492
183.518953 1.26825094223
184.933956 1.16831493378
186.310889 1.36838889122
187.536037 1.21821188927
188.711477 1.1683318615
189.936789 1.21836400032
191.26198 1.31838393211
192.487314 1.21826815605
193.762369 1.26828598976
195.037748 1.26830291748
196.433349 1.268419981
197.758557 1.31838011742
199.034102 1.2684109211
200.309625 1.2685251236
201.584857 1.26833605766
202.910001 1.31832098961
204.185627 1.26844096184
205.510914 1.31845903397
206.686363 1.16831707954
207.911652 1.21828007698
209.236939 1.31847286224
210.562465 1.31841301918
211.787768 1.2183868885
213.01319 1.21830201149
214.288493 1.26846504211
215.789814 1.26842308044
217.241018 1.31845402718
218.665969 1.41839814186
220.090617 1.41841411591
221.565679 1.46857500076
222.890252 1.3183259964
224.515244 1.61878800392
225.99007 1.46852183342
227.31506 1.31844091415
228.890172 1.56884503365
230.26499 1.36841583252
231.790436 1.51876497269
233.265574 1.46864390373
234.690653 1.41865420341
236.216333 1.51887607574
237.741141 1.51854610443
239.16596 1.41849088669
240.603819 1.3188431263
241.829498 1.21850395203
243.104794 1.26844501495
244.330387 1.21839404106
245.605803 1.2684469223
247.092409 1.26846790314
248.318933 1.21845006943
249.544112 1.21829199791
250.869394 1.31839489937
252.195039 1.31850099564
253.47032 1.26838803291
254.745866 1.26836490631
255.971138 1.2183701992
257.196314 1.21829605103
258.422385 1.2183740139
259.648171 1.21854710579
261.301032 1.51871490479
262.826865 1.51892590523
264.401967 1.56870794296
265.776712 1.36848306656
267.25191 1.46860408783
268.726687 1.46850204468
270.201554 1.46855306625
271.626636 1.41847205162
273.101604 1.46865200996
274.626383 1.51855301857
275.901747 1.26856017113
277.633322 1.46869087219
279.060251 1.41886496544
280.435679 1.36863994598
282.011246 1.56874203682
283.487365 1.46887087822
284.909857 1.26839804649
286.135511 1.21839189529
287.410987 1.26849389076
288.686918 1.26862096786
289.96275 1.26843214035
291.238393 1.26853990555
292.414026 1.16836190224
293.58935 1.16835808754
294.864776 1.26847505569
296.240628 1.36858010292
297.516004 1.26847696304
298.842034 1.31859087944
300.167529 1.31853103638
301.342781 1.16826796532
302.768676 1.41860198975
303.943848 1.16818118095
305.400127 1.31888389587
306.725709 1.31850814819
308.179597 1.2183880806
309.455665 1.26846313477
310.680871 1.21827483177
311.906391 1.21830010414
313.181839 1.268419981
314.407106 1.21817779541
315.632307 1.21830701828
316.857351 1.21818685532
318.182918 1.31840705872
319.458189 1.26838207245
320.733905 1.26831793785
321.908924 1.16816687584
323.234603 1.31845498085
324.509853 1.2683570385
326.153222 1.51864290237
327.528069 1.36838078499
329.052925 1.51853489876
330.377965 1.3184299469
331.752831 1.36852192879
333.227635 1.46848797798
334.702714 1.46852612495
336.227554 1.51850199699
337.752493 1.51861906052
339.238397 1.26857113838
340.616397 1.36851906776
342.192074 1.56879091263
343.667701 1.46874403954
345.043412 1.36851191521
346.568979 1.51863503456
348.0449 1.46871685982
349.630711 1.36886000633
351.205616 1.56866908073
352.680633 1.46847581863
354.255787 1.56876993179
355.680543 1.41846084595
357.055526 1.36843681335
358.680578 1.61882591248
360.005181 1.31835103035
361.480473 1.46874809265
362.955331 1.46860098839
364.480256 1.51863503456
366.055409 1.56861591339
367.630391 1.56874608994
369.055161 1.4185230732
370.862645 1.61886286736
372.339306 1.46874499321
