1.824161 1.36824083328
3.199926 1.3681948185
4.423924 1.2178940773
6.099514 1.66849708557
7.573789 1.46816492081
8.99889 1.41819500923
10.273613 1.26801991463
11.948586 1.66865181923
13.505025 1.51854109764
14.93088 1.41845488548
16.255346 1.31835508347
17.779936 1.51841282845
19.404987 1.61846899986
20.929617 1.51850199699
22.354538 1.41821503639
24.130284 1.76877212524
25.659642 1.41833496094
27.036177 1.36853289604
28.710979 1.66862511635
30.235699 1.51849484444
31.96829 1.41846013069
33.444413 1.46843099594
34.869357 1.41831898689
36.494923 1.618694067
37.920061 1.41849994659
39.395117 1.46840000153
41.020849 1.61874198914
42.546349 1.51873803139
44.021986 1.46871781349
45.296888 1.26825380325
46.722019 1.41851496696
48.097325 1.36838102341
49.533072 1.36836600304
51.058202 1.51873898506
52.883364 1.81906199455
54.408031 1.51853489876
55.732326 1.31813788414
57.307088 1.56854820251
58.932192 1.61866593361
60.306601 1.36828708649
61.731106 1.41836500168
63.391881 1.41840791702
64.767972 1.36840510368
66.243104 1.46847200394
67.818328 1.56855106354
69.293715 1.46848011017
70.869021 1.56860113144
72.54498 1.66885685921
73.926463 1.26829695702
75.151679 1.21821904182
76.476808 1.31842803955
77.752006 1.2682390213
79.027153 1.26837491989
80.252021 1.21811699867
81.57741 1.31833291054
82.952538 1.36840796471
84.227608 1.26831197739
85.452827 1.21813511848
86.677772 1.21823906898
88.003242 1.31845092773
89.278426 1.26827478409
90.553436 1.26825499535
91.728651 1.16820597649
93.003618 1.26829791069
94.499647 1.16824197769
95.725469 1.21832704544
96.950794 1.21817803383
98.225891 1.26829886436
99.400898 1.16811013222
100.576209 1.16832208633
101.801298 1.21819806099
103.077085 1.26837706566
104.352105 1.26829695702
105.526855 1.16805100441
106.80209 1.2682518959
107.977029 1.16820001602
109.352666 1.36886715889
110.628015 1.26827096939
111.853119 1.21835899353
113.078516 1.21824502945
114.547911 1.36835980415
115.82374 1.26837491989
117.249083 1.41856002808
118.624649 1.36851882935
119.799671 1.16829705238
120.974637 1.16818499565
122.250191 1.2683069706
123.525239 1.26828503609
124.958846 1.21825695038
126.235373 1.26846504211
127.510417 1.26827192307
128.83593 1.31845784187
130.111011 1.26827478409
131.386036 1.26824998856
132.661271 1.26822209358
133.936269 1.26826786995
135.261165 1.21833586693
136.436417 1.16820907593
137.661425 1.2182071209
138.937012 1.2684700489
140.212511 1.26862382889
141.437717 1.21808218956
142.612841 1.1683242321
143.838558 1.21838593483
145.113577 1.26825094223
146.339075 1.2183868885
147.413941 1.06800603867
148.689065 1.2683160305
149.91443 1.21832704544
151.089328 1.1680970192
152.364796 1.26837301254
153.540002 1.16842889786
154.806554 1.16827392578
156.250447 1.21828508377
157.426657 1.16833496094
158.601584 1.16813111305
159.8267 1.21827292442
161.052194 1.21825194359
162.177359 1.11806988716
163.402852 1.21837592125
164.5277 1.11806201935
165.753075 1.2182559967
167.028183 1.26830601692
168.20318 1.1681740284
169.378404 1.1681740284
170.503385 1.11814212799
171.628631 1.11809802055
172.803605 1.16819119453
174.141328 1.21849298477
175.366351 1.21822309494
176.591575 1.21815919876
177.766477 1.16813993454
178.891595 1.11804413795
180.11651 1.21815109253
181.391914 1.2683160305
182.616868 1.21813106537
183.74168 1.1180369854
184.917257 1.16816782951
186.44279 1.51876497269
187.792181 1.16832900047
188.91831 1.11806583405
190.093483 1.16829299927
191.218632 1.11805796623
192.393497 1.16809916496
193.691699 1.16829895973
195.116362 1.41841888428
196.641337 1.51878094673
198.216339 1.5687930584
199.591509 1.36855387688
201.016235 1.41848993301
202.641261 1.61878395081
204.21641 1.56865596771
205.591008 1.368309021
207.065738 1.46846008301
208.590475 1.51851391792
210.115677 1.51860404015
211.690534 1.56858491898
213.215362 1.51857018471
214.840652 1.61864614487
216.215265 1.36837601662
217.43559 1.11816811562
218.800428 1.16820907593
220.076665 1.26827383041
221.251566 1.16810297966
222.426519 1.16810202599
223.601864 1.16824412346
224.776959 1.16828203201
225.902121 1.11806488037
227.177185 1.26827096939
228.502266 1.31826496124
229.677569 1.16817903519
230.802656 1.11810517311
232.027977 1.21822690964
233.253017 1.21822309494
234.528666 1.26853394508
235.7037 1.16818809509
236.974213 1.16825795174
238.249333 1.26827120781
239.374709 1.11819696426
240.499804 1.11821913719
241.625172 1.11818885803
242.800273 1.16823005676
244.075819 1.26853895187
245.201053 1.11805701256
246.275952 1.0680668354
247.401353 1.11815905571
248.576499 1.16818118095
249.95025 1.16816306114
251.126531 1.16820788383
252.251664 1.1181640625
253.477486 1.21827411652
254.752716 1.26833510399
256.409087 1.51851701736
258.03429 1.61866211891
259.909829 1.86923313141
261.384647 1.46851992607
262.709206 1.31824207306
264.284415 1.568598032
265.859281 1.56861615181
267.384221 1.51864290237
268.809184 1.41844010353
270.133827 1.31841897964
271.558441 1.41839194298
273.083511 1.51856303215
274.758422 1.66872215271
276.13307 1.3683180809
277.659287 1.51870179176
279.234295 1.56877493858
280.891182 1.26842403412
282.067067 1.16821908951
283.242132 1.1681599617
284.517695 1.26837086678
285.692903 1.16827988625
287.018631 1.31851196289
288.24394 1.21835112572
289.369288 1.11831116676
290.695027 1.31853103638
291.820316 1.11831188202
292.996199 1.16862916946
294.171317 1.16813707352
295.396488 1.21821093559
296.622307 1.2183599472
297.797563 1.1683819294
299.023118 1.21826696396
300.34041 1.21845412254
301.4657 1.11808300018
302.590719 1.11811494827
303.716307 1.1182820797
304.941698 1.21820402145
306.166935 1.21832108498
307.292413 1.11816191673
308.41749 1.11816811562
309.642744 1.21833586693
311.107963 1.21831202507
312.284312 1.16829395294
313.359266 1.0680770874
314.534485 1.1682510376
315.760117 1.21817994118
316.88518 1.11815094948
318.061085 1.16821503639
319.573128 1.36856985092
321.049871 1.46853399277
322.57474 1.51853585243
323.949538 1.36843705177
325.498005 1.51883983612
327.02294 1.51861095428
328.547863 1.51859402657
330.072739 1.51853013039
331.698145 1.61870002747
333.323854 1.61937785149
334.748761 1.41859388351
336.173927 1.41840100288
337.899236 1.71888995171
339.374111 1.46855902672
340.849189 1.46847081184
342.716622 1.61889719963
343.999596 1.16829681396
345.224737 1.21814799309
346.400102 1.16815805435
347.525129 1.11812114716
348.750372 1.21833491325
350.025905 1.26831817627
351.200986 1.16816592216
352.42651 1.21829605103
353.601593 1.16817498207
354.826688 1.21817588806
356.102286 1.26834893227
357.327367 1.21815609932
358.452246 1.11794114113
359.677741 1.21819996834
360.802767 1.11811590195
361.978191 1.16812109947
363.890121 1.71897697449
365.465154 1.5687558651
366.83997 1.36843299866
368.465326 1.61872601509
370.040366 1.56873297691
371.465272 1.41850495338
373.357879 1.56868195534
374.784327 1.41851401329
376.209635 1.41849279404
377.785124 1.56863379478
379.26072 1.4684472084
380.735986 1.46847891808
382.311751 1.56864404678
383.787092 1.46848297119
385.36262 1.56867694855
386.888364 1.51846003532
388.513309 1.46875715256
389.839037 1.31842803955
390.964005 1.11800217628
392.08961 1.11823606491
393.314895 1.21831893921
394.489951 1.16807603836
395.615423 1.11819601059
396.790669 1.16826105118
397.966202 1.16822886467
399.241578 1.26839900017
400.466852 1.21829319
401.592273 1.11813282967
402.717512 1.11806702614
404.090525 1.11822795868
405.317142 1.21837806702
406.492265 1.1681599617
409.095511 1.61912298203
410.320736 1.21824407578
411.44576 1.11806488037
412.671187 1.21821498871
413.946458 1.268242836
415.123865 1.16859984398
416.249115 1.11814188957
417.424722 1.16827583313
418.599924 1.16821599007
419.825446 1.21849894524
421.051161 1.2183880806
422.176528 1.11814284325
423.352157 1.1683011055
424.527495 1.16824913025
425.652945 1.11840200424
426.878732 1.21837377548
428.67533 1.51909303665
430.300451 1.61873483658
431.875712 1.56870794296
433.250552 1.36835217476
434.883574 1.41843104362
436.510553 1.61869716644
437.936023 1.41862010956
439.311943 1.36863994598
440.637087 1.31825494766
441.962203 1.31829190254
443.487829 1.5185520649
445.113481 1.61875200272
446.539146 1.41857790947
447.814127 1.26815795898
449.289435 1.46844005585
450.865266 1.56871795654
452.82636 1.56886601448
454.051642 1.2181968689
455.277168 1.21823406219
456.452343 1.16816711426
457.577847 1.11815714836
458.75298 1.1681740284
459.978568 1.21831297874
461.103828 1.11824011803
462.329146 1.21825218201
463.454826 1.11818981171
464.580222 1.11836409569
465.900557 1.11824917793
467.078527 1.16834402084
468.253789 1.16823887825
469.479489 1.21840810776
470.705036 1.21848487854
472.457879 1.56895780563
473.683192 1.21828103065
474.958669 1.26840019226
476.084012 1.11811113358
477.309825 1.21835494041
478.43506 1.11817097664
479.560758 1.11829590797
480.786235 1.21838378906
481.961543 1.16819190979
483.137131 1.16823911667
484.312491 1.16827201843
485.588397 1.26853609085
486.813762 1.21829819679
487.938862 1.11805391312
489.114573 1.16828799248
490.28996 1.1682779789
491.801835 1.2182199955
493.026399 1.21816301346
494.301613 1.26854681969
495.676546 1.3685438633
497.00032 1.11832094193
498.277816 1.26873803139
499.453024 1.16822290421
500.630596 1.16865611076
502.006201 1.3685669899
503.381856 1.3684990406
504.673197 1.26843690872
505.848604 1.16825699806
507.224041 1.36852693558
508.599452 1.36847186089
509.775008 1.16826200485
510.850124 1.06810688972
512.145417 1.16856718063
513.32016 1.16833305359
514.594755 1.2682261467
515.870096 1.2686548233
517.195065 1.31857299805
518.470056 1.26856994629
519.744979 1.26851010323
521.050233 1.26834797859
522.275092 1.21841406822
523.399662 1.11798596382
524.72484 1.31845092773
525.949502 1.21824097633
527.482594 1.26839804649
528.809177 1.3183529377
530.03443 1.21830391884
531.109819 1.06815195084
532.732629 1.41861891747
534.05748 1.31842303276
535.683048 1.61875200272
537.308363 1.61886715889
538.683558 1.36871290207
540.058882 1.36858892441
541.483996 1.41869497299
542.959113 1.46855592728
544.534652 1.56878900528
545.959666 1.41856193542
547.434637 1.46854496002
548.960082 1.51871299744
550.63548 1.66900110245
552.26059 1.61870002747
553.736004 1.4686820507
555.311272 1.56889200211
556.572366 1.11821198463
557.9067 1.11829185486
559.083208 1.16828012466
560.258648 1.16824293137
561.384395 1.11827301979
562.55989 1.16830396652
563.786187 1.21841406822
564.961625 1.16830086708
566.137001 1.16823601723
567.362636 1.21828103065
568.488123 1.11835098267
569.614952 1.11940193176
570.790374 1.16830992699
572.015861 1.2183508873
573.241653 1.21841692924
574.417141 1.16825294495
575.688662 1.16829800606
576.814314 1.11814403534
577.93965 1.11818504333
579.115404 1.16827702522
580.290866 1.16829013824
581.516327 1.21828913689
582.691983 1.16821789742
583.817341 1.11819505692
584.943029 1.11823010445
586.118463 1.16825389862
587.243828 1.11809206009
588.630794 1.16820907593
589.807396 1.16836094856
590.982788 1.16830396652
592.108175 1.11819696426
593.334161 1.2185280323
594.735588 1.2686650753
596.010516 1.26845383644
597.235207 1.21823000908
598.560261 1.31833696365
599.885215 1.3185069561
601.160068 1.26838183403
602.435172 1.26835393906
603.709924 1.26824402809
605.034901 1.31854391098
606.259936 1.21832299232
607.484729 1.21817517281
608.709558 1.21824288368
610.034803 1.31846094131
611.359714 1.31841683388
612.684663 1.31837201118
614.059645 1.3684668541
615.690437 1.4187681675
617.165878 1.4685781002
618.640871 1.46847701073
620.389884 1.56868600845
621.866919 1.46866488457
623.242379 1.36837410927
624.768414 1.51869106293
626.143872 1.36841678619
627.71982 1.56869292259
629.195691 1.4685690403
630.57125 1.36846899986
631.896993 1.31841802597
633.472814 1.56872081757
634.998553 1.5187292099
636.524648 1.51868796349
638.00036 1.46867609024
639.427362 1.26872301102
640.653208 1.21834397316
641.878678 1.21830201149
643.004376 1.11822009087
644.229856 1.21833205223
645.40535 1.16827893257
646.531001 1.11821198463
647.756503 1.21828389168
648.882274 1.11833190918
650.197402 1.11827993393
651.374043 1.16827917099
652.649466 1.26829600334
653.824953 1.16825509071
655.000727 1.168364048
656.126082 1.11816906929
657.401962 1.26846909523
658.678559 1.16827392578
659.904105 1.21829986572
661.079963 1.16835999489
662.255464 1.16829204559
663.380774 1.11808800697
664.606806 1.21854710579
665.782226 1.1682510376
667.008266 1.21847820282
668.283834 1.26837706566
669.40921 1.11817502975
670.584971 1.16825389862
671.710203 1.1180639267
672.936541 1.21841692924
674.11222 1.1682600975
675.287677 1.16821908951
676.413406 1.11821103096
678.178098 1.56880116463
679.753247 1.56862306595
681.281267 1.31836986542
682.908898 1.61915898323
684.384688 1.46868896484
685.810819 1.41871786118
687.286631 1.46867108345
688.66222 1.36850905418
690.188516 1.51869988441
691.614232 1.41857600212
693.040178 1.41852498055
694.4159 1.36861014366
696.041851 1.61882019043
697.618087 1.56882500648
698.993813 1.3685760498
700.420832 1.41864895821
702.217169 1.31852817535
703.542297 1.31834816933
704.667677 1.11810088158
705.843499 1.16830396652
706.984505 1.118227005
708.059907 1.06811189651
709.18531 1.1181499958
710.461509 1.26847505569
711.796965 1.16820311546
712.923933 1.11852908134
714.049263 1.11809921265
715.174985 1.11826109886
716.400421 1.21828603745
717.525692 1.11805200577
718.701428 1.16818904877
719.876886 1.16826319695
722.301222 1.51895809174
723.72645 1.41848397255
725.251593 1.51861596107
726.776891 1.51853585243
728.151882 1.36848187447
729.526992 1.36837100983
730.852068 1.31833720207
732.427312 1.56869506836
733.702181 1.26830792427
735.179038 1.4686858654
736.554081 1.36852884293
738.129318 1.56870007515
739.554522 1.41859984398
740.929619 1.36855792999
742.521009 1.31838989258
744.097902 1.56869387627
745.638201 1.2183470726
747.26351 1.61872601509
748.788681 1.51861405373
750.364365 1.56869411469
751.739421 1.36844205856
753.264502 1.51854586601
754.740064 1.46869087219
756.265268 1.51861214638
757.740342 1.46849703789
759.115631 1.36840486526
760.512952 1.36862397194
761.93802 1.41841578484
763.364913 1.41865801811
764.990418 1.6189391613
766.465706 1.46868515015
767.791203 1.31858611107
769.741986 1.46900606155
771.16726 1.41849017143
772.592369 1.41843080521
774.23523 1.41862082481
775.66221 1.41864299774
777.088035 1.41849708557
778.464049 1.36855006218
779.989958 1.51870918274
781.315519 1.31842899323
782.841757 1.5187318325
784.11721 1.26830196381
785.693567 1.5688700676
787.219413 1.51869916916
788.645151 1.4185860157
790.221418 1.56864619255
791.647067 1.41853189468
793.191876 1.31859898567
794.36759 1.1682009697
795.593479 1.21831202507
796.768975 1.16821503639
797.945133 1.16858506203
799.220806 1.26839900017
800.346161 1.11807703972
801.523398 1.1683909893
802.649117 1.11837315559
803.925146 1.26841807365
805.280206 1.16827297211
806.406879 1.11821007729
807.532295 1.11813211441
808.757922 1.21837210655
809.933751 1.16827917099
811.059377 1.11834096909
812.863444 1.41859602928
814.088927 1.21814393997
815.264832 1.16833901405
816.440298 1.16821289062
817.665887 1.21826601028
818.84184 1.16836285591
820.067441 1.21820688248
821.244717 1.16834402084
822.370506 1.11823892593
823.496356 1.11847496033
824.672152 1.16842007637
825.898337 1.21846604347
827.12404 1.21839094162
828.299987 1.16826701164
829.576084 1.26873397827
830.801807 1.21836996078
832.159565 1.16842603683
833.335124 1.16820001602
834.561086 1.21836709976
836.050371 1.2684378624
837.227133 1.16833114624
838.502791 1.26837587357
839.728714 1.21830582619
841.004307 1.26834106445
842.129851 1.11829400063
843.305637 1.16822195053
844.381019 1.06807613373
845.556801 1.16823792458
846.78257 1.21848487854
847.907877 1.11804699898
849.083747 1.16829895973
850.309273 1.21822690964
