2.267525 1.81847810745
3.743974 1.46816778183
5.11986 1.36813187599
6.677017 1.51835799217
8.252771 1.56863093376
9.577328 1.31809282303
10.852004 1.26789402962
12.276555 1.41835784912
13.80195 1.51835298538
15.277001 1.46824383736
16.602356 1.31830692291
17.977481 1.36826491356
19.251875 1.26795816422
20.876853 1.61854815483
22.451424 1.5683350563
23.775703 1.31807303429
25.14316 1.26811885834
26.468413 1.31817007065
27.743282 1.26802301407
29.050512 1.26807284355
30.375401 1.31805706024
31.868297 1.26809287071
33.144419 1.26822900772
34.36911 1.21802401543
35.794451 1.41835403442
37.119442 1.31827306747
38.344271 1.21809911728
39.569313 1.21807694435
40.84413 1.26810312271
42.119319 1.26821804047
43.394323 1.26813197136
44.693026 1.26809597015
46.016219 1.21809101105
47.291321 1.26807904243
48.566201 1.26817798615
49.827007 1.21798801422
51.202389 1.3683321476
52.527299 1.31819391251
53.802497 1.268201828
55.077377 1.26814699173
56.302116 1.21797800064
57.527129 1.21802186966
58.802144 1.26828408241
60.049973 1.21811103821
61.324892 1.26815485954
62.842026 1.2681851387
64.21821 1.36826610565
65.493386 1.26844787598
67.143098 1.51845908165
68.667938 1.51852011681
70.092638 1.41836190224
71.46703 1.36820793152
73.043815 1.56870484352
74.468341 1.41835188866
75.942998 1.46850585938
77.517882 1.5686879158
78.942749 1.41835308075
80.317488 1.36853981018
81.842244 1.51849889755
83.267125 1.41854596138
84.742121 1.46843194962
86.11665 1.36831212044
87.591345 1.46847391129
89.117011 1.51878404617
90.588237 1.36832690239
91.914203 1.3182759285
93.416797 1.2181019783
94.692997 1.26825785637
95.918 1.21819090843
97.243113 1.31822991371
98.618693 1.36850190163
99.919965 1.26830983162
101.295485 1.36847090721
102.620584 1.31831216812
103.845436 1.21806311607
105.120733 1.26824688911
106.54591 1.41841292381
107.871426 1.31844592094
109.196444 1.31825304031
110.521446 1.31820106506
111.806382 1.21798801422
113.581844 1.76894712448
114.956377 1.36824393272
116.36933 1.36850118637
117.793855 1.41834497452
119.368907 1.56850099564
120.893802 1.51858186722
122.368361 1.46835112572
124.182981 1.61876106262
125.65948 1.46862792969
127.335037 1.66873812675
128.860566 1.51872205734
130.185961 1.31831598282
131.511101 1.31833195686
133.036779 1.51859593391
134.562124 1.51859807968
135.992263 1.31841993332
137.317313 1.31822609901
138.742889 1.41844320297
140.092738 1.31835889816
141.367792 1.26818799973
142.69338 1.31842303276
144.018457 1.31820607185
145.343735 1.31840014458
146.619321 1.26848006248
147.944511 1.31832504272
149.219823 1.26814198494
150.569301 1.31832909584
151.844616 1.26846194267
153.119883 1.26813101768
154.706707 1.36842799187
156.007174 1.26834106445
157.388797 1.26818490028
158.814409 1.41850495338
160.139617 1.31832003593
161.465246 1.31848311424
162.740312 1.26820802689
164.115418 1.36828494072
165.390815 1.26824092865
166.742008 1.3182759285
168.268292 1.51861214638
169.643562 1.36841011047
170.968721 1.3182258606
172.243797 1.26818990707
173.534728 1.2683339119
174.860129 1.31838321686
176.135248 1.26813697815
177.535272 1.36836981773
179.002573 1.36840605736
180.277506 1.26812601089
181.553185 1.26827001572
182.800703 1.21809315681
184.026066 1.2182700634
185.523055 1.26825404167
186.79926 1.26827907562
188.149844 1.31820583344
189.424694 1.26800704002
190.750107 1.31829190254
192.125178 1.36827683449
193.400434 1.2682158947
194.725418 1.31818389893
196.000341 1.26806712151
197.275603 1.2680990696
198.57635 1.26813483238
200.071512 1.36847186089
201.546243 1.46844601631
202.920846 1.36833381653
204.195235 1.26814198494
205.720308 1.51852107048
207.395373 1.66865921021
208.970111 1.56849598885
210.445138 1.46844601631
211.869818 1.41841006279
213.294714 1.4185898304
214.719606 1.41835308075
216.635194 1.36846995354
218.161988 1.5187189579
219.637427 1.46860790253
221.162891 1.51857209206
222.5384 1.3683450222
224.2655 1.61874198914
225.740349 1.46857404709
227.164984 1.41835284233
228.74017 1.56862401962
230.214982 1.46855592728
231.63984 1.41853189468
233.06489 1.41839694977
234.439639 1.36835193634
235.914395 1.46845293045
237.389092 1.46837997437
238.964323 1.56853890419
240.439139 1.46853208542
242.01399 1.5686109066
243.338816 1.31827187538
244.613217 1.26820206642
246.288227 1.66875290871
247.908434 1.26841402054
249.234339 1.31818914413
250.609557 1.36836004257
251.9351 1.31836819649
253.310311 1.36831378937
254.635917 1.31840395927
255.911044 1.26827311516
257.236412 1.31837487221
258.511472 1.26816296577
259.887139 1.36831402779
261.412635 1.51857614517
262.82093 1.36870408058
264.146135 1.31824088097
265.521441 1.36837100983
266.846938 1.31818890572
268.12207 1.26824116707
269.639084 1.41830921173
270.914622 1.26831889153
272.14017 1.21863913536
273.565797 1.41844296455
274.840963 1.26825690269
276.06661 1.21823406219
277.391796 1.31828093529
278.938383 1.26831293106
280.214789 1.26824784279
281.540031 1.3183028698
282.866216 1.31839799881
284.141421 1.26829004288
285.416527 1.26820588112
286.692014 1.26822710037
287.967275 1.26831197739
289.343145 1.3684399128
291.255437 1.51858496666
292.830781 1.56870007515
294.305549 1.46845698357
295.730375 1.41847395897
297.205658 1.46864390373
298.9309 1.71885609627
300.255649 1.31839799881
301.630629 1.36833119392
303.105361 1.46837997437
304.680377 1.56864500046
306.055355 1.36833715439
307.480247 1.41849684715
308.855166 1.36843395233
310.520915 1.46861696243
311.898813 1.36849308014
313.274182 1.36840891838
314.70587 1.31846189499
315.981154 1.26825809479
317.256838 1.26839995384
318.503328 1.21821188927
319.829666 1.31838703156
321.155131 1.31841897964
322.480746 1.31853294373
323.779273 1.26844286919
325.104954 1.31863999367
326.480414 1.36847686768
327.756064 1.2682697773
329.107001 1.31842303276
330.432767 1.31850600243
331.708161 1.26838779449
332.93362 1.21847701073
334.209269 1.26828193665
335.820288 1.41850709915
337.245677 1.41874790192
338.67055 1.41858315468
340.145519 1.4686319828
341.638144 1.2685008049
343.215205 1.56880688667
344.740819 1.51872801781
346.316948 1.56887817383
348.042837 1.71897697449
349.418204 1.36846899986
350.644874 1.21830296516
351.920275 1.26847910881
353.446095 1.51863098145
355.172088 1.71907901764
356.797861 1.61889505386
358.173662 1.36858892441
359.597982 1.26854991913
360.923905 1.31840801239
362.299386 1.36849093437
363.675306 1.36852002144
365.000789 1.31846618652
366.376326 1.36845207214
367.702304 1.31857585907
369.052304 1.31841301918
370.328029 1.26837015152
371.653459 1.318349123
373.271095 1.36853289604
374.498088 1.21834301949
375.923798 1.41866707802
377.199241 1.26826286316
378.541037 1.31838703156
379.962459 1.36863708496
382.404883 1.61884999275
383.73049 1.31832408905
385.029481 1.26827907562
386.355289 1.31840205193
387.680886 1.31846308708
388.956213 1.26819109917
390.282068 1.31833600998
391.607416 1.31834697723
392.883356 1.26857614517
394.309047 1.41866707802
395.555778 1.21806097031
396.832525 1.2683300972
398.157962 1.31839108467
399.533756 1.36844205856
400.856833 1.26843380928
402.182276 1.31836485863
404.187407 1.51900100708
405.662951 1.46844983101
407.288125 1.61886405945
408.713198 1.41847991943
410.13812 1.41853499413
411.61291 1.46848511696
413.038149 1.41847801208
414.563053 1.51858305931
415.937768 1.36840391159
417.513165 1.56870889664
418.988044 1.468542099
420.412955 1.41842317581
421.687903 1.26827597618
422.962566 1.26828503609
424.437558 1.4686050415
425.963015 1.51865816116
427.960131 1.61890888214
429.285619 1.31832695007
430.611519 1.31845998764
431.936982 1.31842207909
433.212387 1.26830101013
434.736422 1.21830201149
435.96318 1.21837806702
437.238794 1.26853394508
438.514726 1.26850104332
439.690007 1.16816115379
441.015565 1.31840109825
442.341322 1.31840777397
443.716904 1.36844301224
445.063256 1.31856417656
446.338614 1.2682800293
447.714084 1.36844301224
448.987104 1.16813993454
450.212804 1.21826696396
451.488606 1.26865983009
452.764092 1.26821899414
453.939724 1.16816115379
455.165115 1.21831607819
456.490922 1.31839609146
457.816294 1.3182849884
459.091625 1.26823711395
460.367351 1.26836109161
461.567078 1.16817593575
462.843117 1.26829409599
464.168703 1.31845402718
465.593754 1.16824698448
466.89129 1.26843214035
468.16671 1.26834011078
469.601346 1.3185069561
470.776834 1.16837716103
471.97492 1.16807413101
473.201333 1.2182738781
474.426754 1.21831297874
475.7025 1.26833796501
476.927984 1.21841192245
478.253378 1.31830382347
479.579118 1.31835818291
480.804532 1.21832084656
481.979938 1.16822910309
483.205748 1.21830701828
484.331075 1.11818814278
485.606888 1.2683827877
486.982361 1.36839103699
488.227384 1.21835613251
489.496109 1.16834306717
490.721903 1.21836209297
491.897458 1.16832208633
493.073199 1.16829299927
494.198429 1.11813902855
495.473911 1.26831388474
496.835969 1.11820006371
498.012507 1.16829800606
499.237874 1.2182431221
500.4132 1.1681740284
501.639086 1.2184650898
502.864518 1.2183110714
504.040196 1.16823911667
505.265612 1.21827411652
506.491076 1.21830701828
507.666668 1.16818785667
508.958891 1.16851210594
510.134513 1.16823220253
511.46004 1.31843495369
512.585556 1.11808896065
513.760826 1.16813111305
514.986089 1.21817803383
516.161561 1.16808485985
517.33684 1.16820812225
518.462333 1.11811709404
519.587532 1.11807894707
520.812786 1.21816086769
521.988464 1.16816496849
523.163836 1.16822910309
524.289305 1.11807990074
525.464509 1.16808986664
526.640411 1.16819405556
528.141501 1.16823887825
529.317675 1.16808104515
530.442765 1.11798715591
531.568881 1.11805605888
532.744072 1.16811084747
533.919731 1.16825604439
535.095117 1.16830897331
536.370683 1.26841902733
537.496266 1.11809110641
538.671736 1.16837501526
539.820271 1.11817717552
541.045651 1.21822309494
542.170936 1.11814904213
543.296444 1.11809206009
544.571789 1.26821708679
545.797102 1.21820402145
546.964598 1.06789803505
548.190315 1.21827697754
549.415623 1.21818304062
550.591238 1.16823983192
551.716459 1.11806106567
552.941695 1.21811485291
554.26743 1.31830716133
555.492716 1.21818494797
556.618255 1.11813497543
557.893654 1.26826715469
559.252739 1.16817998886
560.529428 1.26834106445
561.704739 1.16817378998
562.863116 1.11817121506
564.089069 1.21832990646
565.264515 1.16818094254
566.592909 1.21839404106
567.76837 1.16821503639
568.943761 1.16823196411
570.119475 1.16824603081
571.344739 1.21811699867
572.570407 1.21821594238
573.745869 1.16825509071
574.871053 1.11802601814
576.046876 1.16827821732
577.272733 1.21847486496
578.448139 1.16821789742
579.723922 1.26830601692
580.899335 1.16816782951
582.275249 1.36848497391
583.500734 1.21832513809
584.676419 1.16825413704
585.931277 1.11813902855
587.107078 1.16821312904
588.282398 1.1681189537
589.718796 1.16814994812
590.895822 1.16829204559
592.071265 1.16817784309
593.246868 1.16815781593
594.472319 1.21832704544
595.647534 1.16808104515
596.873315 1.21823120117
598.048677 1.16818189621
599.274893 1.21835398674
600.450213 1.16818213463
601.675533 1.21817493439
602.801013 1.11807489395
604.04459 1.21820092201
605.266501 1.11804699898
606.442486 1.16824388504
607.668244 1.21835803986
608.943723 1.26822090149
610.070271 1.11831593513
611.29572 1.21824598312
612.471499 1.16824102402
613.6468 1.16805315018
614.872421 1.21827888489
615.997998 1.11808919907
617.173307 1.16811704636
618.34909 1.16816997528
619.524471 1.16818189621
620.851989 1.11821198463
621.978713 1.11820292473
623.054296 1.068171978
624.284 1.11831212044
625.56014 1.26851797104
626.735902 1.16829204559
627.861528 1.11811590195
629.08724 1.21847820282
630.213114 1.1183412075
631.388944 1.16833305359
632.514227 1.11808109283
633.790194 1.26839399338
634.91558 1.11811685562
636.091011 1.16813087463
637.266744 1.1681599617
638.442236 1.16826105118
639.668176 1.21838593483
640.893643 1.21818780899
642.019198 1.1182820797
643.338506 1.21822404861
644.514581 1.16836285591
645.740116 1.21828913689
646.915935 1.16825604439
648.191475 1.26827406883
649.466977 1.26824808121
650.743402 1.26856994629
652.135648 1.16819787025
653.362388 1.21828103065
654.538177 1.16835093498
655.664099 1.11818194389
657.039882 1.36851000786
658.215478 1.16834402084
659.34124 1.11826610565
660.516779 1.16829299927
661.843895 1.21825289726
663.019669 1.16816806793
664.145031 1.11809301376
665.270694 1.11807394028
666.446069 1.16807985306
667.871763 1.41849184036
669.047498 1.16814494133
670.172994 1.11816692352
671.348784 1.16825294495
672.524182 1.1681330204
673.649462 1.11806201935
674.875736 1.21829509735
676.051264 1.16829490662
677.292144 1.21838784218
678.467517 1.16813015938
679.693338 1.21835112572
681.011364 1.21824502945
682.351371 1.11820197105
683.477861 1.11810517311
684.653192 1.16812181473
685.92966 1.26833987236
687.105083 1.1682009697
688.380572 1.26830816269
689.556315 1.16825294495
690.731631 1.16811203957
691.907347 1.16819214821
693.082622 1.16806197166
694.208042 1.11817383766
695.333556 1.11804199219
696.508882 1.16802406311
697.584424 1.06809091568
698.80988 1.21821498871
700.081814 1.16830992699
701.20721 1.11818313599
702.383097 1.1683371067
703.558493 1.16819000244
704.683803 1.11803197861
705.809387 1.11804199219
706.98475 1.16809892654
708.160521 1.16824388504
709.285956 1.11820983887
710.461337 1.16812705994
711.587172 1.11813497543
712.943103 1.1181769371
714.069701 1.11825299263
715.245268 1.16811299324
716.421142 1.16828894615
717.596487 1.16810202599
718.87533 1.16838216782
720.000801 1.11808800697
721.12619 1.11811995506
722.35216 1.21834015846
723.527563 1.16815710068
724.753506 1.21835303307
725.928901 1.16816997528
727.104394 1.16819810867
728.229807 1.11803078651
729.305465 1.06800103188
730.531094 1.21838283539
731.656777 1.11812496185
732.882366 1.21830797195
734.057795 1.168186903
735.23368 1.16824793816
736.509292 1.26833295822
738.052302 1.3684668541
739.178066 1.11814403534
740.323144 1.11802101135
741.548692 1.21825695038
742.774668 1.21830105782
744.231995 1.21824002266
745.390803 1.11814689636
746.466126 1.0680410862
747.691676 1.21826004982
748.917538 1.21830916405
750.093021 1.16817212105
751.268794 1.16817617416
752.494325 1.21821498871
753.669807 1.16818213463
754.845497 1.16813111305
756.021033 1.16822099686
757.963942 1.56897902489
759.08944 1.11815404892
760.265096 1.1681599617
761.390679 1.118227005
762.545398 1.11810994148
763.770936 1.21823096275
764.896663 1.11811184883
766.122154 1.21817588806
767.247892 1.11842107773
768.473933 1.21841406822
769.749729 1.26845812798
770.925615 1.1682510376
772.101167 1.16823601723
773.326857 1.21833896637
774.797129 1.21820306778
776.12381 1.31836605072
777.866919 1.46859192848
779.292278 1.41852092743
780.767444 1.46850514412
782.342787 1.56869387627
783.668028 1.31829690933
785.293389 1.61872696877
786.868666 1.56867194176
788.394188 1.51859998703
790.01949 1.61863303185
791.394684 1.36839103699
792.769977 1.36835002899
794.145068 1.36847901344
795.720356 1.56861710548
797.296074 1.56865406036
798.871244 1.56858110428
800.296471 1.4186091423
802.314092 1.61897706985
803.389562 1.06805586815
804.565143 1.168227911
805.955293 1.11825704575
807.182111 1.21834087372
808.307668 1.11816906929
809.533254 1.21819186211
810.710524 1.16824197769
811.986312 1.26833796501
813.212413 1.21838593483
814.338051 1.11826992035
815.513659 1.16824007034
816.689659 1.16830801964
818.015516 1.31847500801
819.091402 1.0681810379
820.367244 1.26845502853
821.93535 1.36890792847
823.061009 1.11807608604
824.286565 1.21818804741
825.61258 1.31839585304
826.711337 1.06806898117
827.937313 1.21836805344
829.06276 1.11805891991
830.23863 1.16819500923
831.414234 1.16826605797
832.589783 1.16817212105
833.715652 1.1181268692
834.941167 1.21817421913
836.32413 1.11812400818
837.500953 1.16826105118
838.676642 1.16814112663
839.853184 1.16821503639
841.749592 1.41860795021
843.225219 1.46859097481
844.800834 1.5688419342
846.326128 1.51859211922
847.701444 1.36859607697
849.227245 1.51869511604
850.552437 1.31843304634
852.077907 1.51870703697
853.503406 1.41849708557
855.078997 1.56884884834
856.654597 1.56886816025
858.230422 1.5687930584
859.555537 1.31840395927
860.880746 1.31845879555
862.306332 1.41859602928
863.631676 1.31844711304
