1.708842 1.36842894554
3.036295 1.31898903847
4.511123 1.46851801872
6.135753 1.61848306656
7.66049 1.5183839798
9.23522 1.5685710907
10.710007 1.46861100197
12.237672 1.51872587204
13.713108 1.46896386147
15.288718 1.56871414185
16.563779 1.26821208
17.889039 1.31817102432
19.31402 1.4183781147
20.889673 1.56879687309
22.364446 1.46847200394
23.789167 1.41827702522
25.146956 1.26831698418
26.32184 1.16805386543
27.546736 1.21804904938
28.822146 1.26822304726
30.047414 1.21826195717
31.322996 1.2683930397
33.112409 1.5687251091
34.3383 1.21817779541
35.663252 1.31831979752
36.98877 1.31848287582
38.314525 1.31869292259
39.590274 1.26841211319
40.815741 1.21827602386
42.091257 1.26841306686
43.366883 1.26838803291
44.641722 1.2681748867
45.9564 1.2184150219
47.181626 1.21815013885
48.757106 1.56873488426
49.932157 1.16799807549
51.157362 1.21812987328
52.382301 1.21810603142
53.908161 1.51882791519
55.083259 1.16829395294
56.358366 1.26817798615
57.583736 1.21836495399
59.008825 1.41843700409
60.234003 1.21814012527
61.660057 1.41869688034
63.276529 1.3185749054
64.553639 1.2686290741
65.729163 1.16837120056
67.422532 1.61922001839
69.248229 1.81924986839
70.623617 1.36866283417
72.148611 1.51877212524
73.573698 1.41855812073
75.048449 1.46845412254
76.773459 1.71888113022
77.997913 1.21795988083
79.723282 1.71903991699
81.320659 1.5908908844
82.996675 1.66916203499
84.521237 1.51838517189
86.446821 1.91938710213
87.972634 1.5189909935
89.347071 1.36826491356
91.022052 1.66885399818
92.481033 1.36846804619
94.002077 1.26865315437
95.37926 1.36890292168
96.704407 1.31826996803
98.029819 1.3182849884
99.455462 1.41862106323
101.631922 2.16969609261
102.907555 1.26840090752
104.333202 1.41861486435
105.609236 1.26850008965
106.934204 1.31826496124
108.159382 1.21823382378
109.885182 1.71880698204
111.16002 1.26808404922
112.385308 1.21829891205
113.660183 1.26805400848
115.468859 1.46891403198
116.843414 1.36840105057
118.318001 1.46843695641
119.792976 1.46852707863
121.217438 1.41820478439
122.642631 1.41854000092
123.866987 1.21814203262
125.56039 1.51858615875
127.036997 1.46864199638
128.362055 1.31831407547
129.789131 1.4185230732
131.114684 1.31851816177
132.590812 1.46902799606
133.766178 1.16811513901
134.941445 1.16835904121
136.117637 1.16871905327
137.682862 1.4688000679
139.008603 1.31859707832
140.334486 1.31877803802
141.510464 1.16826701164
142.735577 1.21822500229
143.961175 1.21849703789
145.136497 1.16815495491
146.31152 1.16812300682
147.537561 1.2184920311
149.063707 1.51895213127
150.28937 1.21850204468
151.464579 1.1681189537
152.639602 1.16812801361
154.116067 1.46894192696
155.691404 1.36847114563
156.917628 1.21833896637
158.538906 1.51900196075
159.815028 1.26851296425
160.940278 1.11828804016
162.166238 1.21847295761
163.542113 1.36865115166
164.867332 1.3183619976
166.043213 1.16835713387
167.469172 1.41880702972
168.694912 1.21840405464
169.870202 1.16826105118
171.145648 1.26839780807
172.421275 1.26850914955
173.697444 1.26854515076
175.023194 1.31862187386
176.249239 1.2185189724
177.57557 1.31885695457
178.985307 1.31870508194
180.263782 1.2689781189
181.638995 1.3684129715
183.114834 1.46867799759
184.641087 1.51938199997
186.140098 1.26896810532
187.317168 1.16851091385
188.693169 1.36876296997
190.169743 1.46905207634
191.395233 1.21832990646
192.720502 1.31845188141
193.895902 1.16824102402
195.772001 1.86926412582
196.946985 1.16817307472
198.122577 1.16842007637
199.298209 1.16836619377
201.845364 2.1698307991
203.220014 1.36842012405
204.744794 1.51853513718
206.470181 1.71885704994
208.145158 1.66867685318
209.569936 1.41834282875
211.295563 1.71902108192
212.720552 1.41850209236
214.445833 1.71892619133
215.820283 1.36819505692
217.408704 1.36891388893
218.700678 1.26863002777
220.17645 1.46869707108
221.551866 1.36849403381
223.12725 1.5686841011
224.703307 1.56887412071
226.568732 1.66943097115
227.745462 1.16898703575
229.020667 1.26836800575
230.296408 1.2685110569
231.825284 1.52007293701
233.150858 1.31842494011
234.477047 1.3185749054
235.802499 1.31844496727
237.077884 1.2684481144
238.555132 1.4688038826
239.780775 1.21840906143
240.957031 1.16875886917
242.132273 1.16813993454
243.659159 1.51939320564
244.884813 1.21841192245
246.276936 1.21831297874
247.805204 1.26862978935
249.3327 1.51900601387
250.558102 1.21847701073
251.984176 1.41892409325
253.310726 1.31892704964
254.586016 1.26843214035
255.912077 1.31870102882
257.137202 1.21828198433
258.362766 1.2183971405
259.739227 1.36888813972
261.21478 1.46878886223
262.540432 1.31858706474
263.965874 1.41863298416
265.291286 1.31861400604
266.618457 1.31855607033
267.929747 1.21839690208
269.055437 1.11835503578
270.306651 1.21841883659
271.632262 1.31842303276
273.008186 1.36869001389
274.233974 1.2184689045
275.409377 1.16843104362
276.935672 1.51892709732
278.240881 1.11847496033
279.568455 1.31881308556
280.960042 1.36879301071
282.135831 1.16850399971
283.311818 1.16840481758
284.437406 1.11837792397
285.663525 1.21855306625
286.788989 1.1183450222
288.30697 1.41896390915
289.683165 1.36879920959
290.959027 1.26859688759
292.085245 1.11840701103
293.260688 1.1682369709
294.486623 1.21848702431
295.812193 1.31845092773
297.088263 1.26842594147
298.313454 1.21828508377
299.539878 1.21860408783
300.815705 1.26855802536
301.94065 1.11797904968
303.516874 1.5688958168
304.842173 1.31836509705
306.168034 1.31855797768
307.477402 1.21872401237
308.999447 1.26864600182
310.226577 1.21858906746
311.602725 1.36880493164
312.878535 1.26852703094
314.054647 1.1685230732
315.204454 1.11835002899
316.430838 1.21859884262
317.856957 1.41885089874
319.082768 1.21853089333
320.229736 1.11819911003
321.45605 1.21901702881
322.882693 1.41885089874
324.208685 1.31873011589
325.404134 1.16850590706
326.630343 1.21858406067
328.042426 1.31895899773
329.21761 1.16847205162
330.46322 1.21868014336
331.68883 1.21825790405
333.115211 1.41899085045
334.491663 1.3687608242
335.691004 1.1685321331
336.816724 1.11837911606
337.892453 1.06820011139
339.295314 1.1685500145
340.522656 1.21856498718
341.698406 1.16844987869
342.97453 1.26847505569
344.300114 1.31846499443
345.425567 1.11818194389
346.685912 1.11848282814
347.812043 1.1185028553
348.9377 1.11827421188
350.063281 1.11832785606
351.139131 1.06820106506
352.215129 1.06848406792
353.541477 1.31863594055
354.717266 1.16837501526
355.843913 1.11850190163
357.021539 1.16909885406
358.197339 1.16863417625
359.37327 1.1685359478
360.600041 1.21919488907
361.82797 1.21936607361
363.004375 1.16859483719
364.130869 1.1184489727
