2.048436 1.46854615211
3.52463 1.46841812134
4.999065 1.468282938
6.574199 1.5683760643
8.148985 1.56840705872
9.723799 1.56862092018
11.148494 1.41832900047
12.72317 1.5684940815
14.14753 1.41819596291
15.67316 1.51855897903
17.098283 1.41833305359
18.572842 1.46837496758
19.947846 1.36821913719
21.373191 1.41832304001
22.748263 1.36829185486
24.07351 1.31821298599
25.805369 1.61881804466
27.280384 1.46854996681
28.755283 1.4686858654
30.280227 1.51864910126
31.719481 1.26839399338
33.196003 1.46864891052
34.671318 1.46862101555
36.198208 1.51882481575
37.773591 1.56865787506
39.349427 1.56881594658
40.774706 1.41852998734
42.300071 1.51862597466
43.77565 1.46858286858
45.200962 1.41859698296
46.626604 1.41863107681
48.051853 1.41847395897
49.490659 1.31846690178
50.765742 1.26830816269
52.091064 1.3183221817
53.416748 1.31857204437
54.742001 1.31849694252
56.067557 1.31848597527
57.342788 1.26841783524
58.718064 1.36853194237
60.043661 1.31848597527
61.368843 1.31843495369
62.860941 1.31845498085
64.187457 1.3184568882
65.462536 1.26828193665
66.788069 1.31848406792
68.213676 1.41880893707
69.538779 1.31835794449
70.883758 1.2184650898
72.158949 1.2683699131
73.434461 1.26845693588
74.759816 1.31856894493
76.185195 1.41859292984
77.510697 1.31847000122
78.786058 1.26844000816
80.061112 1.26827692986
81.336588 1.26834416389
82.66175 1.31838703156
83.987391 1.3184659481
85.262562 1.26838302612
86.537728 1.2683608532
87.913445 1.3686299324
89.188628 1.26838803291
90.464559 1.26881122589
91.896328 1.36854505539
93.511329 1.41865682602
95.138216 1.61880493164
96.463851 1.31884694099
98.139954 1.66906714439
99.515174 1.36845803261
100.94058 1.41859006882
102.566418 1.61877202988
104.091871 1.51866698265
105.567795 1.46886992455
106.943129 1.36860489845
108.418568 1.46866393089
109.79428 1.36858987808
111.369852 1.56876897812
112.795774 1.41868495941
114.121053 1.31846308708
115.614634 1.36866903305
116.890136 1.26838207245
118.215457 1.31848502159
119.441201 1.21864795685
120.76653 1.31847000122
121.991843 1.21842288971
123.317573 1.31849217415
124.828296 1.31860899925
126.054682 1.21837592125
127.279903 1.21834802628
128.555618 1.26861715317
129.730815 1.16834282875
130.955919 1.21829199791
132.281962 1.31848096848
133.45696 1.16821193695
134.782548 1.31852602959
136.178614 1.26837110519
137.404076 1.21833992004
138.679242 1.26831388474
139.90482 1.2184510231
141.079846 1.16819906235
142.254908 1.16829705238
143.480892 1.21838092804
144.806473 1.31878399849
145.982053 1.1684179306
147.207255 1.21839022636
148.532583 1.31851100922
149.758159 1.21840310097
151.033419 1.26841807365
152.258958 1.21838903427
153.484111 1.21830391884
154.759333 1.26839089394
156.355459 1.26879692078
157.631398 1.26833701134
158.856599 1.21835398674
160.081959 1.21833086014
161.307185 1.2183110714
162.582588 1.2683660984
163.807831 1.21828603745
164.883097 1.06815600395
166.108639 1.21856498718
167.283743 1.16826891899
168.45921 1.16833496094
169.63435 1.16828203201
170.85943 1.21820902824
172.084956 1.21839189529
173.259993 1.16822695732
174.43546 1.1683819294
175.774883 1.21831798553
176.900236 1.11823797226
177.975146 1.06805300713
179.050464 1.06813597679
180.225418 1.16811585426
181.400852 1.16830086708
182.525838 1.11815309525
183.650801 1.11812996864
184.776157 1.11815786362
185.951223 1.16821789742
187.203911 1.0681540966
188.330517 1.11849403381
189.455646 1.1181230545
190.631056 1.16829586029
191.856243 1.21830105782
192.981237 1.11816000938
