1.983134 1.41836905479
3.559853 1.56845998764
4.884533 1.31827616692
6.459266 1.56857204437
7.834289 1.36824584007
9.259582 1.41862392426
10.684409 1.41810703278
12.510301 1.81889605522
13.984918 1.46842193604
15.460238 1.46837210655
16.936283 1.46867513657
18.361907 1.41855692863
19.73716 1.36854100227
21.162191 1.4182639122
22.687954 1.51873898506
24.112522 1.41831684113
25.792324 1.56880998611
27.267375 1.46861505508
28.742159 1.46856808662
30.317203 1.56883811951
31.927436 1.41872692108
33.204512 1.26873803139
34.630258 1.41873216629
36.005887 1.36868715286
37.381004 1.36842894554
38.906683 1.51873993874
40.281829 1.36848020554
41.757091 1.46859884262
43.2338 1.46875691414
44.759182 1.51859307289
46.084686 1.31854200363
47.559915 1.46853208542
48.996771 1.31868886948
50.322165 1.31852698326
51.647251 1.31835389137
52.972643 1.31834888458
54.247696 1.26835107803
55.524056 1.26856088638
56.849258 1.31830382347
58.074443 1.21843099594
59.299877 1.21834683418
60.625741 1.31876087189
62.093193 1.26845479012
63.319791 1.21862101555
64.594945 1.26844406128
65.970235 1.3685259819
67.245622 1.26837801933
68.570766 1.31840205193
70.014604 1.31850194931
71.340037 1.31863999367
72.515568 1.16843104362
73.791177 1.26845812798
75.066333 1.26835489273
76.391844 1.31844902039
77.616972 1.21832299232
78.992183 1.36850190163
80.368015 1.3686978817
81.793371 1.41860985756
83.118595 1.31841802597
84.394007 1.26835489273
85.619042 1.21830606461
86.894491 1.26834583282
88.11958 1.2183880806
89.444702 1.31833910942
90.777666 1.21833300591
92.00299 1.2183110714
93.501744 1.26838493347
94.778016 1.26834607124
96.103137 1.31838297844
97.328565 1.2183880806
98.603878 1.26854014397
99.829219 1.21839213371
101.15475 1.31845211983
102.429954 1.26840591431
103.655814 1.21879196167
104.931163 1.26855301857
106.106173 1.16812586784
107.481659 1.36845397949
108.706662 1.21827292442
109.982103 1.26839017868
111.317264 1.21829605103
112.592733 1.26838493347
113.767886 1.16831707954
114.993472 1.21837806702
116.218721 1.2183508873
117.593904 1.36842012405
118.769203 1.1682510376
119.94415 1.16816306114
121.119676 1.16845488548
122.344788 1.21831583977
123.634125 1.11832404137
124.810499 1.16841316223
126.035568 1.21829199791
127.26147 1.21842312813
128.486614 1.21841096878
129.711504 1.21815419197
131.50847 1.66883802414
132.883092 1.36843585968
134.357828 1.46856093407
135.948092 1.56891202927
137.422799 1.46849918365
138.897754 1.46862316132
140.422527 1.51858401299
141.94772 1.51877307892
143.47268 1.51878285408
144.947459 1.46860194206
146.522699 1.56875085831
147.947485 1.41849303246
149.47225 1.5185880661
150.897217 1.41846013069
152.372021 1.46858596802
153.746684 1.36845016479
155.304582 1.2182738781
156.480612 1.16822695732
157.655688 1.16815805435
158.931118 1.26837611198
160.156181 1.21824502945
161.331322 1.16827988625
162.506699 1.16831803322
163.731745 1.21828079224
165.007217 1.26838803291
166.132236 1.11822199821
167.257216 1.11815905571
168.482545 1.21826291084
169.757634 1.2682621479
170.982946 1.21825790405
172.157934 1.1682639122
173.33297 1.16819286346
174.766419 1.31852889061
176.041851 1.26835918427
177.316939 1.26829385757
178.442188 1.11818194389
179.667576 1.21858596802
180.842636 1.16821718216
181.967968 1.11824202538
183.193151 1.2183599472
184.368663 1.16828393936
185.783901 1.16835188866
187.060239 1.2684340477
188.235355 1.16828179359
189.460487 1.21829891205
190.686214 1.21863102913
191.811227 1.11815810204
192.98675 1.16827702522
194.327021 1.2183508873
195.552527 1.21840691566
196.727562 1.16818714142
197.852844 1.11813998222
199.028371 1.16840291023
200.203784 1.16824197769
201.378957 1.16837596893
202.604072 1.21826004982
203.729839 1.11850094795
204.955707 1.21859312057
206.031324 1.06813001633
207.156358 1.11819696426
208.381528 1.21831989288
209.557057 1.16838002205
210.832352 1.26848077774
212.057847 1.21834897995
213.440715 1.26834797859
214.516119 1.06825995445
215.641239 1.11822104454
217.034633 1.16828608513
218.110718 1.06815600395
219.185615 1.06806397438
220.460884 1.26841402054
221.586151 1.11819911003
222.661361 1.06831097603
223.786788 1.11834812164
224.911787 1.11816596985
226.136874 1.21821498871
227.262147 1.11820602417
228.387149 1.11819601059
229.462491 1.06821298599
230.587468 1.11812090874
231.874341 1.16831612587
232.949368 1.06813120842
234.024263 1.06804895401
235.149586 1.1181640625
236.324657 1.168186903
237.400518 1.06870102882
238.4756 1.06819415092
239.600716 1.11821198463
240.776334 1.16822218895
241.951527 1.16832494736
243.277209 1.31847715378
244.402417 1.1183681488
245.527442 1.11812186241
246.652834 1.11818194389
247.968488 1.11832404137
249.044813 1.06820607185
250.391082 1.21835613251
251.566253 1.16827917099
252.791918 1.21841883659
253.917074 1.11825609207
255.042086 1.11809182167
256.367838 1.31853795052
257.643074 1.26833200455
258.818668 1.16839885712
259.89362 1.06804418564
261.018632 1.11808681488
262.193679 1.16818499565
263.369246 1.16828083992
264.494484 1.11838197708
265.569812 1.06810498238
266.795079 1.21832513809
267.970168 1.16818499565
269.203155 1.11815500259
270.328543 1.1181910038
271.453621 1.1181871891
272.629208 1.16832780838
273.804482 1.16837692261
275.02968 1.21826386452
276.155083 1.1182141304
277.430384 1.26834511757
278.733908 1.06809997559
279.860646 1.11823010445
280.985726 1.11815404892
282.111154 1.1182448864
283.286405 1.16828918457
284.361319 1.0680270195
285.436667 1.06818413734
286.611874 1.16826915741
287.901647 1.16824483871
289.027764 1.118268013
290.253044 1.21830701828
291.478693 1.21843886375
292.603783 1.11814785004
293.829059 1.21830105782
295.004213 1.16822814941
296.130071 1.11835503578
297.35531 1.218323946
298.480881 1.11830401421
299.606007 1.11816287041
300.681008 1.06804704666
301.856611 1.16834807396
303.031911 1.16829180717
304.107443 1.06823992729
305.282687 1.16831803322
306.659996 1.26889801025
307.73527 1.06813597679
309.401527 1.41863203049
310.5276 1.11817598343
311.902922 1.36839795113
313.428759 1.51869297028
314.90421 1.46858286858
316.029598 1.11825084686
317.505086 1.46861505508
318.730532 1.21851396561
319.955944 1.2182199955
321.081618 1.11839699745
322.507349 1.41856002808
324.133613 1.61905097961
325.359127 1.21837687492
326.484563 1.11829400063
327.771883 1.16829991341
328.998046 1.21853995323
330.173362 1.16840720177
331.348947 1.16821599007
332.52481 1.16849207878
333.69994 1.16818594933
334.875427 1.16823196411
336.100571 1.21817183495
337.226028 1.11822390556
338.4012 1.16819906235
339.935569 1.26846313477
341.061868 1.11819195747
342.136861 1.06807804108
343.262349 1.11821293831
344.437634 1.16830611229
345.562701 1.11811089516
346.755442 1.06816911697
347.9306 1.16816210747
349.156301 1.21846008301
350.331528 1.16826701164
351.506785 1.16828203201
352.732621 1.21842002869
353.857825 1.1182038784
354.932827 1.06801509857
356.058289 1.11817193031
357.233449 1.16821813583
358.309313 1.06818199158
359.484597 1.1683151722
360.609801 1.11825203896
361.835443 1.21832489967
363.010619 1.1682100296
364.236209 1.21829581261
