1.970605 1.51856994629
3.497021 1.51822495461
4.872429 1.36823010445
6.34699 1.4683701992
7.872052 1.51835584641
9.246648 1.36820816994
10.871395 1.61860394478
12.246357 1.36825299263
13.621656 1.36831998825
14.996589 1.36822104454
16.521789 1.51844501495
18.04714 1.51841187477
19.421919 1.36806893349
20.94692 1.51856994629
22.522222 1.56858491898
24.147719 1.61851501465
25.770695 1.56844806671
27.195203 1.41826605797
28.870668 1.6685860157
30.145024 1.26813697815
31.71973 1.56851196289
33.502514 1.56878113747
35.028759 1.51848101616
36.553853 1.51845097542
38.279541 1.71881580353
39.654473 1.36830186844
40.979178 1.31808400154
42.404365 1.41831111908
43.879331 1.4683470726
45.304622 1.4183909893
46.830037 1.51875805855
48.355223 1.51852202415
49.779087 1.31831097603
51.103933 1.31821203232
52.578875 1.46832203865
53.904013 1.31821799278
55.228909 1.31823897362
56.554225 1.31831789017
57.929083 1.36823797226
59.253957 1.31820487976
60.479119 1.21806001663
61.854007 1.36826586723
63.179181 1.31822800636
64.639589 1.2682390213
65.91556 1.26823401451
67.240406 1.3181951046
68.565249 1.31816506386
69.890438 1.31824111938
71.587883 1.56858515739
73.012519 1.41825795174
74.486911 1.46830892563
75.961459 1.46845912933
77.486221 1.51841211319
78.960771 1.46833109856
80.435349 1.46844601631
81.960243 1.51852607727
83.434663 1.468282938
84.909243 1.46847009659
86.63615 1.71906113625
88.210896 1.56862592697
89.835769 1.61875796318
91.260457 1.41846609116
92.835629 1.56874513626
94.31021 1.46849513054
95.790825 1.16822218895
96.966344 1.16807603836
98.191398 1.21837997437
99.4674 1.26833581924
100.692386 1.21823596954
101.967749 1.26830983162
103.192621 1.21815299988
104.46765 1.26826310158
105.692968 1.21821784973
107.168294 1.46859717369
108.393759 1.21835708618
109.66875 1.26824307442
110.943691 1.26818799973
112.219103 1.26819205284
113.444068 1.2182559967
114.718996 1.26820087433
116.042517 1.2182071209
117.217632 1.16808199883
118.542766 1.3184030056
119.768303 1.21847820282
120.943219 1.1681599617
122.218324 1.26836895943
123.493647 1.26825404167
124.718675 1.21826004982
126.093355 1.16816091537
127.219531 1.11813688278
128.444469 1.21818900108
129.769519 1.31832504272
131.044765 1.26821494102
132.319733 1.2682299614
133.544848 1.21815681458
134.719728 1.16812109947
136.044556 1.21812200546
137.2197 1.1681189537
138.344575 1.11812591553
139.519735 1.16811990738
140.694603 1.1681330204
141.869455 1.16805696487
143.094582 1.21823787689
144.269914 1.16819906235
145.44497 1.16818499565
146.7705 1.31832194328
148.04566 1.26837015152
149.220545 1.16809511185
150.395819 1.16821193695
151.620851 1.21825790405
152.796221 1.16818618774
154.021196 1.21825313568
155.337776 1.2181789875
156.834114 1.26827597618
158.060189 1.21826887131
159.235065 1.16814112663
160.459951 1.21807384491
161.635104 1.16815185547
162.810184 1.16824507713
163.935357 1.11812496185
165.110232 1.16814303398
166.285107 1.1681060791
167.460242 1.16810297966
168.635192 1.16812109947
169.810273 1.16805410385
171.035222 1.21817278862
172.210944 1.16819810867
173.435893 1.21820902824
174.768782 1.2182700634
175.993702 1.21814799309
177.168895 1.16816520691
178.393944 1.21812486649
179.569148 1.16819310188
180.743947 1.16802310944
181.969744 1.21834897995
183.094482 1.11795306206
184.2193 1.11806702614
185.344389 1.11804389954
186.569428 1.21824193001
187.936501 1.16816902161
189.062641 1.11807990074
190.287575 1.21812605858
191.412693 1.11805200577
192.637746 1.21818614006
194.115283 1.36862897873
195.340563 1.2181801796
196.515481 1.16810703278
197.690681 1.16804409027
198.815443 1.11795687675
200.140987 1.31843709946
201.31585 1.16805291176
202.641189 1.31851696968
204.016495 1.36848688126
205.242065 1.21813297272
206.416201 1.11803483963
207.641529 1.21824908257
208.816409 1.16806912422
210.041369 1.21816396713
211.216577 1.16810798645
212.441672 1.21829795837
213.911285 1.36847305298
215.036535 1.11804199219
216.211611 1.16807794571
217.386942 1.16817879677
218.834216 1.2182199955
220.060361 1.2182328701
221.335539 1.26832008362
222.510544 1.16809010506
223.63589 1.11821699142
224.76071 1.11797499657
226.036187 1.26837420464
227.211182 1.16812300682
228.386086 1.16807889938
229.611385 1.21823096275
230.786353 1.16812181473
231.911599 1.11808490753
233.724016 1.71890997887
235.199015 1.46846008301
236.723918 1.51868891716
238.4489 1.71871590614
239.773667 1.31822609901
241.198267 1.41836309433
242.622831 1.41833901405
244.048606 1.41848301888
245.373171 1.31835794449
246.797891 1.41843700409
248.373264 1.56870007515
250.00487 1.41863417625
251.381302 1.3683321476
252.85648 1.46849107742
254.632481 1.76930379868
255.957667 1.31817293167
257.198823 1.1181230545
258.324099 1.11810398102
259.499052 1.16808080673
260.724459 1.2182469368
261.849497 1.11804795265
263.074593 1.2182559967
264.299616 1.21820402145
265.575178 1.26830005646
266.700105 1.11804890633
267.925577 1.21826314926
269.150681 1.21823000908
270.325742 1.16815209389
271.501039 1.1681201458
272.626083 1.11810207367
273.751446 1.11812019348
274.976721 1.2183740139
276.565851 1.46871805191
278.190836 1.61868405342
279.915907 1.71877789497
281.459072 1.36855006218
283.186247 1.71907782555
284.711879 1.5187189579
285.936961 1.2181930542
287.362738 1.41854405403
288.838363 1.46875286102
290.364301 1.51871609688
291.789756 1.4185500145
293.265372 1.46870493889
294.692457 1.41849803925
296.317978 1.61866998672
297.99407 1.66882991791
299.369508 1.36853909492
300.743597 1.26849293709
301.918596 1.16808199883
303.094056 1.16822314262
304.269253 1.16823220253
305.394348 1.11817502975
306.570671 1.16838121414
307.695708 1.1181511879
308.871267 1.16828107834
310.046511 1.1682639122
311.221647 1.16820812225
312.583473 1.16825795174
313.759722 1.16827607155
314.934756 1.1681098938
316.109796 1.16812491417
317.335168 1.21822690964
318.560409 1.218323946
319.852758 1.16863203049
321.078101 1.21824002266
322.353276 1.26825094223
323.42816 1.06797099113
324.603405 1.16812300682
325.728411 1.1180999279
326.903758 1.168197155
328.128804 1.21814799309
329.254147 1.11816811562
330.479166 1.21812081337
331.704198 1.21812200546
332.829432 1.11804509163
333.95443 1.11810684204
335.129871 1.16818499565
336.405009 1.26823711395
337.630065 1.21810817719
338.847251 1.11813187599
339.922414 1.06797885895
341.147475 1.21820497513
342.322785 1.16814613342
343.574715 1.06800317764
344.700908 1.11814904213
345.825864 1.11806297302
346.901064 1.06805086136
348.026067 1.11809301376
349.151008 1.11801600456
350.376396 1.21822500229
351.593376 1.16816401482
352.768853 1.16819286346
353.893915 1.11816620827
355.11894 1.21813893318
356.194178 1.06801605225
357.46652 1.16818118095
358.641464 1.1680059433
359.767021 1.11829781532
360.89223 1.11826586723
361.967131 1.06797099113
363.042411 1.06806993484
364.267433 1.21813607216
365.392737 1.1180999279
366.517839 1.11816000938
367.642784 1.11804008484
368.918795 1.26830792427
370.043939 1.11805391312
371.169364 1.11822605133
372.344568 1.1682870388
373.619706 1.268242836
374.966768 1.11811518669
377.090861 1.9192199707
378.465655 1.36853122711
379.890718 1.41854906082
381.56593 1.66889595985
383.090758 1.51854705811
384.515383 1.41835403442
386.240826 1.71889686584
387.61565 1.36851596832
388.890199 1.26827788353
390.416715 1.51879096031
391.891688 1.46862983704
393.26652 1.36852478981
394.742035 1.46884703636
396.317192 1.56879687309
397.792048 1.46855401993
399.317394 1.51871013641
400.778769 1.31847214699
401.854448 1.06830096245
402.979716 1.11818504333
404.104902 1.11800694466
405.441328 1.11815404892
406.56755 1.11813497543
407.742717 1.16819405556
408.867737 1.11807394028
409.993185 1.11813616753
411.118499 1.11820602417
412.29426 1.16844892502
413.419391 1.11813807487
414.544536 1.11813783646
415.786009 1.21837306023
416.911039 1.11808300018
418.087068 1.16823410988
419.310319 1.11827421188
420.485742 1.16820693016
421.560779 1.06798291206
422.636181 1.06806707382
423.711255 1.06800484657
424.936974 1.21839809418
426.062123 1.11809301376
427.287368 1.21823000908
428.36311 1.06801605225
429.488242 1.11811590195
430.71396 1.21831607819
431.989299 1.26834797859
433.114387 1.11804509163
434.289795 1.16811704636
435.465015 1.16822504997
436.792053 1.11816096306
438.812396 1.61878013611
440.237516 1.418446064
441.862685 1.61873698235
443.337627 1.46853089333
444.662807 1.31850099564
446.18831 1.51886510849
447.663343 1.4685690403
449.138599 1.46855998039
450.813834 1.66876196861
452.338743 1.51847791672
453.663988 1.31846308708
455.189139 1.51868605614
456.664143 1.46852493286
457.989478 1.31858611107
459.064545 1.06800293922
460.189678 1.11804986
461.534089 1.21823096275
462.609491 1.0680038929
463.834932 1.21838116646
464.910424 1.0681450367
466.135811 1.21830606461
467.475065 1.16810798645
468.601803 1.11836600304
469.727134 1.11833095551
470.90243 1.16818904877
472.078466 1.16822695732
473.203599 1.11812591553
474.329123 1.11816191673
475.454828 1.1183590889
476.68021 1.21835708618
477.855697 1.16819190979
479.081219 1.21848297119
480.847613 1.56871604919
482.573324 1.71896719933
483.998212 1.41851305962
485.473307 1.46871495247
486.898171 1.41847014427
488.173198 1.26831102371
489.548154 1.36855792999
491.073347 1.51857185364
492.598697 1.51866602898
493.973538 1.36846590042
495.398392 1.41843318939
496.723481 1.31835484505
498.508369 1.56879091263
499.986191 1.46874904633
501.561892 1.56872820854
502.937373 1.36853694916
504.374482 1.26852297783
505.499768 1.11809897423
506.675185 1.16828107834
507.900909 1.2182970047
509.076119 1.16814088821
510.151707 1.06816601753
511.327039 1.16824197769
512.552471 1.21827411652
513.641776 1.06809210777
514.716996 1.06809711456
515.942822 1.21839809418
517.068103 1.11816096306
518.243371 1.16811203957
519.269249 1.01798987389
520.494694 1.21836209297
521.586252 1.06845712662
522.755345 1.06827497482
523.880564 1.11813092232
524.955611 1.06791114807
526.030882 1.06798601151
527.055952 1.0179848671
528.390873 1.11811900139
529.517133 1.11817502975
530.592893 1.06811785698
531.61787 1.01792407036
532.693315 1.06807422638
533.818391 1.11804699898
534.843665 1.01798820496
535.968824 1.1181499958
536.993817 1.01797103882
538.169323 1.16819906235
539.294461 1.11810183525
540.518811 1.11812615395
541.59423 1.06804203987
542.719364 1.11810994148
543.844503 1.11808204651
544.970049 1.11810207367
546.045266 1.06817913055
547.220895 1.16825795174
548.396055 1.16811299324
549.421072 1.01796007156
550.496447 1.06801104546
551.5215 1.01800704002
552.597038 1.06815195084
553.772368 1.16819095612
554.89793 1.11818289757
555.973347 1.06808209419
557.04859 1.06805205345
558.317958 1.16831207275
559.707928 1.16823005676
560.834335 1.11803483963
562.059822 1.21837592125
563.08529 1.01798796654
564.210494 1.11815404892
565.385793 1.16821503639
566.411133 1.01799893379
567.436403 1.01819586754
568.461868 1.01808595657
569.587299 1.11835408211
570.662533 1.06812381744
571.788176 1.11823010445
573.013681 1.21838903427
574.089112 1.06808304787
575.214385 1.11815810204
576.438111 1.1181139946
577.513717 1.06811785698
578.588791 1.06796908379
579.7645 1.16826486588
580.839673 1.06806397438
582.014946 1.16814994812
583.090415 1.0680539608
584.315823 1.21831583977
585.441401 1.11817312241
586.516853 1.06835889816
587.541887 1.01787900925
588.617419 1.06815910339
589.798292 0.967986106873
590.924771 1.11822605133
592.050091 1.11817193031
593.075885 1.01804590225
594.255349 1.06816101074
595.430626 1.16811990738
596.556229 1.11815404892
597.631379 1.0680539608
598.706999 1.06815505028
599.93252 1.21831297874
600.907546 0.967864990234
602.033647 1.11820816994
603.10892 1.06816601753
604.284229 1.16817903519
605.460005 1.16825294495
606.585326 1.11815190315
607.560771 0.967936992645
608.686041 1.1181268692
609.811395 1.11823701859
611.037102 1.2182700634
612.15581 1.01794600487
613.281995 1.11817598343
614.457526 1.16825985909
615.483217 1.01824092865
616.558334 1.06799411774
617.583452 1.01798200607
618.558794 0.967823982239
619.734135 1.16819810867
620.916015 0.967893123627
622.142817 1.21833395958
623.218001 1.06801104546
624.343596 1.1181640625
625.368784 1.01801514626
626.444084 1.06811380386
627.569787 1.11815094948
628.694999 1.11808490753
629.924178 1.11805891991
631.100037 1.16832685471
632.22546 1.11826586723
633.351139 1.1182179451
634.526664 1.16830205917
635.702143 1.16812992096
636.777919 1.06815600395
637.953358 1.16828393936
638.978605 1.01804804802
640.104264 1.11818099022
641.229704 1.11825299263
642.204781 0.967923879623
643.480641 1.26837491989
644.606069 1.11821007729
645.831976 1.21840405464
646.907279 1.06811499596
648.02737 1.01803088188
649.102971 1.06810712814
650.228585 1.11836314201
651.557114 1.11844396591
652.633788 1.06806492805
653.759104 1.1181371212
654.834621 1.06802201271
655.959999 1.11819791794
656.9851 1.01795315742
658.010643 1.01802206039
659.136055 1.11824607849
660.1616 1.01805400848
661.337044 1.16819906235
662.462438 1.11814594269
663.537982 1.06800889969
664.613449 1.06825685501
665.837732 1.11814713478
666.913558 1.06822800636
668.038927 1.11820816994
669.064121 1.01798200607
670.139746 1.06813287735
671.265104 1.11814403534
672.340761 1.06817102432
673.466137 1.11810994148
674.591383 1.11798501015
675.667115 1.06819796562
676.792447 1.11808586121
677.868454 1.06808114052
678.993887 1.11816906929
680.069146 1.06806397438
681.159611 1.06809592247
682.416625 1.06824302673
683.549207 1.01806712151
684.624484 1.06810998917
685.699755 1.06803798676
686.925903 1.21831989288
688.05129 1.11810302734
689.076684 1.01794409752
690.151921 1.06804203987
691.218308 1.01782512665
692.343883 1.11810994148
693.469177 1.11808514595
694.594412 1.11800193787
695.669961 1.06799316406
696.74532 1.06801891327
697.770864 1.01793313026
698.795893 1.01790308952
699.870981 1.06791806221
700.990329 1.01795482635
702.166091 1.16824388504
703.29146 1.11813902855
704.417166 1.11822295189
705.542754 1.11833190918
706.617922 1.067964077
707.706444 1.06806302071
708.78158 1.06795811653
709.907269 1.11819505692
711.032571 1.11808109283
712.107817 1.06798601151
713.391396 1.01793599129
714.467766 1.0681347847
715.543424 1.06823086739
716.668856 1.11820816994
717.794606 1.11821699142
718.924461 1.01812601089
719.999705 1.06806588173
721.125075 1.11814117432
722.150507 1.01792287827
723.426041 1.26829886436
724.601878 1.16821408272
725.677091 1.06801199913
726.752301 1.06793808937
727.8779 1.11826992035
728.95364 1.06814980507
730.079033 1.1181769371
731.15477 1.06821894646
732.230037 1.06804585457
733.355437 1.1180999279
734.380914 1.01796102524
735.456336 1.06811404228
737.96508 1.66902804375
739.090721 1.11833691597
740.21613 1.11809110641
741.241794 1.01803183556
742.317311 1.06821703911
743.442779 1.11818289757
744.683857 1.01808786392
745.71034 1.01807713509
746.785853 1.06827306747
747.911265 1.11812090874
748.987048 1.06821990013
750.062519 1.06817317009
751.188352 1.11827492714
752.241758 1.01803994179
753.317279 1.06811213493
754.393005 1.06814098358
756.359564 1.76920700073
757.434928 1.06801509857
758.510263 1.06804084778
759.68618 1.16837096214
760.811699 1.11829185486
761.937504 1.11822295189
763.012867 1.06809210777
764.188445 1.16826701164
765.314175 1.11821007729
766.489736 1.16825509071
767.5656 1.06829285622
768.59086 1.01798009872
769.766304 1.1681728363
770.841905 1.0680129528
771.967224 1.11804413795
773.143097 1.16832685471
774.705419 1.2683391571
776.184018 1.26846003532
777.410823 1.21828603745
778.786634 1.36861491203
780.212846 1.41868901253
781.588581 1.36852002144
782.814185 1.21838617325
784.03999 1.21828794479
785.215555 1.16826987267
786.541528 1.31847691536
787.917289 1.36855387688
789.14284 1.21836304665
790.51892 1.36857700348
791.794464 1.26834106445
793.071574 1.26846981049
794.39731 1.31850886345
796.000479 1.41851091385
797.576408 1.56898999214
799.151871 1.56874084473
800.527163 1.36863684654
801.902248 1.3684360981
803.277735 1.36847901344
804.502551 1.21816205978
806.178038 1.66885185242
807.810175 1.41864800453
809.137116 1.31854510307
810.462776 1.3184440136
811.938654 1.46866703033
813.314736 1.36854600906
814.540275 1.21833395958
815.966517 1.4186501503
817.392355 1.41857004166
818.56246 1.01820087433
819.588332 1.01810598373
820.6138 1.01806807518
821.689419 1.06822395325
822.765321 1.06822609901
823.840972 1.06828594208
824.966949 1.11829710007
826.042368 1.06807017326
827.167848 1.11814284325
828.243679 1.06813502312
829.319331 1.06828403473
830.395083 1.06807398796
831.470557 1.06810092926
832.545935 1.06798601151
833.721915 1.16829490662
834.747241 1.01797699928
836.056466 1.16846704483
837.281702 1.21834301949
838.81798 1.31843996048
840.14459 1.31823992729
841.37003 1.21818399429
842.745927 1.36838889122
843.971406 1.21808004379
845.284329 1.26831293106
846.610149 1.31855893135
848.036017 1.41867208481
849.362028 1.31846380234
850.687675 1.31841492653
851.864824 1.16839909554
853.140437 1.26835989952
854.466081 1.31846308708
855.842197 1.3685760498
