1.970605 1.51856994629
3.497021 1.51822495461
4.872429 1.36823010445
9.246648 1.36820816994
19.421919 1.36806893349
30.145024 1.26813697815
60.479119 1.21806001663
95.790825 1.16822218895
96.966344 1.16807603836
127.219531 1.11813688278
138.344575 1.11812591553
163.935357 1.11812496185
183.094482 1.11795306206
323.42816 1.06797099113
519.269249 1.01798987389
527.055952 1.0179848671
531.61787 1.01792407036
587.541887 1.01787900925
589.798292 0.967986106873
600.907546 0.967864990234
618.558794 0.967823982239
