1.88631 1.51877999306
3.312659 1.41822504997
4.787755 1.46831512451
6.312488 1.51843380928
7.736999 1.41838812828
9.411882 1.66869592667
10.986875 1.56855201721
12.562834 1.56924414635
13.988006 1.41842389107
15.563305 1.56854295731
16.988493 1.41880393028
18.362965 1.36825013161
19.887971 1.51848697662
21.262615 1.36844396591
22.688504 1.41884613037
24.065311 1.36848115921
25.776071 1.61871504784
27.351941 1.56885099411
28.927327 1.56857514381
30.302733 1.36832094193
31.897961 1.36850380898
33.474568 1.56873202324
34.850191 1.36854314804
36.376285 1.51861310005
37.951954 1.56900715828
39.477219 1.51862621307
40.852516 1.36833310127
42.478156 1.6189250946
43.853387 1.3683450222
45.378746 1.51871013641
47.004142 1.61873793602
48.379536 1.36845684052
49.898242 1.31846499443
51.475606 1.56877303123
52.900352 1.41865992546
54.47539 1.5688829422
56.050631 1.56883192062
57.425421 1.36858391762
58.750066 1.31846189499
60.241971 1.46876096725
61.967342 1.7191619873
63.621223 1.468791008
65.147746 1.5185880661
66.573308 1.41867399216
67.948405 1.36833095551
69.724407 1.7690179348
71.349798 1.61873602867
72.675239 1.31844782829
74.290357 1.51882410049
75.615297 1.31828093529
77.291455 1.66908502579
78.616684 1.31851100922
79.891666 1.26829886436
81.167095 1.26837396622
82.442205 1.26839709282
83.967789 1.51870203018
85.543666 1.56883406639
87.169264 1.6189031601
88.544949 1.36865496635
90.020373 1.46869802475
91.546044 1.51875495911
92.921586 1.36854887009
94.435471 1.31850790977
95.812246 1.36887598038
97.664906 1.46907186508
99.04018 1.36849308014
100.566161 1.51884102821
101.991752 1.41883206367
103.367101 1.36848711967
104.893049 1.51878595352
106.168157 1.26830482483
107.493231 1.31837797165
109.019048 1.51874089241
110.344251 1.3184800148
111.619614 1.26830005646
112.994956 1.36851882935
114.370555 1.36875200272
115.646081 1.26829600334
117.121382 1.46862411499
118.446819 1.31872701645
120.072918 1.46873307228
121.448648 1.36867403984
123.024241 1.56883692741
124.299411 1.26843094826
125.995481 1.4690220356
127.373299 1.36893296242
128.649253 1.26863002777
130.279845 1.62037682533
131.956064 1.66918706894
133.381582 1.41875505447
135.007831 1.61906313896
136.38311 1.368445158
137.908779 1.51860594749
139.686499 1.76997900009
141.362393 1.66902089119
142.83892 1.46906399727
144.8531 1.7691218853
146.528523 1.66886496544
148.253965 1.71906113625
149.678507 1.41835618019
151.295735 1.56883788109
152.920836 1.61882591248
154.395751 1.46866202354
156.122608 1.71971988678
157.943333 1.51915597916
159.771317 1.81969118118
161.297573 1.51908111572
163.125552 1.81949901581
165.202544 2.0697619915
166.628059 1.41867399216
168.104008 1.46883606911
169.579627 1.46863508224
171.090329 1.31913113594
172.365869 1.26844501495
173.691623 1.31860017776
174.967847 1.26874804497
176.293457 1.31839108467
177.81955 1.51886701584
179.145575 1.31869792938
180.571345 1.41864299774
181.896675 1.31850910187
183.372543 1.46895885468
184.648674 1.26863503456
186.174626 1.51898217201
187.450778 1.2686419487
189.264029 1.61928892136
190.541008 1.26870203018
191.766864 1.2187461853
193.57047 1.56927800179
195.096236 1.51895999908
196.322499 1.21875500679
197.998491 1.66905903816
199.425134 1.41918516159
201.00232 1.56936693192
202.278479 1.26878809929
203.554637 1.26860713959
205.131518 1.56932902336
206.808325 1.66930007935
208.288652 1.46965885162
209.715653 1.41917300224
211.098892 1.37071204185
212.475381 1.36917614937
214.051903 1.56930208206
215.330317 1.26923108101
217.274006 1.76968598366
218.90111 1.61966109276
220.655087 1.51957297325
222.032546 1.36889004707
223.258468 1.21871304512
224.685099 1.41909003258
226.061797 1.3692920208
227.488116 1.41895484924
229.015862 1.51888799667
230.342406 1.31902909279
231.618631 1.26867103577
232.894666 1.26876091957
234.220243 1.31863713264
235.44631 1.21853494644
236.722437 1.26885604858
237.998932 1.26888418198
239.548137 1.36896896362
240.62278 1.0682311058
241.898232 1.26866221428
243.323673 1.41895794868
245.400104 2.06993412971
246.926003 1.51905703545
248.502162 1.56929397583
251.03003 2.52102804184
252.808914 1.41896414757
254.335992 1.51909017563
256.163206 1.81977200508
257.739658 1.56929898262
259.718383 1.96991300583
261.645555 1.92007493973
263.822954 2.17026901245
265.499872 1.66955494881
267.694975 1.81988096237
269.284392 1.5695438385
271.361512 2.07032299042
273.488141 2.1201710701
274.614763 1.11884093285
275.941349 1.31911897659
277.317665 1.36888480186
278.643952 1.31871199608
280.105044 1.41941094398
281.381697 1.26890611649
282.764498 1.11875200272
284.294471 1.51980900764
285.770567 1.46909093857
287.096618 1.31872391701
288.523655 1.41931605339
289.599415 1.06851482391
291.571611 1.61967086792
292.698476 1.1188929081
293.774692 1.06863999367
295.000684 1.21879601479
296.142898 1.11840820312
297.268072 1.11814904213
298.644817 1.36923289299
299.719843 1.0680398941
301.197162 1.46920394897
302.573296 1.36888694763
303.648377 1.06809592247
305.074932 1.41913700104
306.101272 1.01847600937
307.177211 1.06855297089
308.453848 1.26893210411
309.579224 1.11821389198
311.086857 1.41889214516
312.162799 1.06835198402
313.430498 1.06825017929
314.356975 0.918053865433
315.532209 1.16830801964
316.958085 1.41895008087
318.183795 1.21849799156
319.208895 1.01812005043
320.58497 1.3687980175
321.762721 1.16970586777
322.837891 1.06821799278
324.314437 1.46903514862
325.640555 1.31884098053
326.717011 1.06881594658
327.793237 1.06879591942
329.118865 1.31864500046
330.29475 1.06847500801
331.420651 1.11836504936
332.446434 1.01847100258
333.421261 0.967704057693
334.44603 1.01787495613
335.66361 1.01800107956
336.638256 0.967741012573
337.713913 1.06825900078
338.788751 1.06796312332
339.763439 0.967839002609
341.139212 1.36862611771
342.314298 1.168197155
343.289729 0.968014001846
344.54561 0.968097925186
345.622905 1.06844902039
346.648631 1.01836681366
348.453627 1.61916804314
349.479564 1.01823616028
350.505088 1.01830005646
351.63065 1.11827111244
352.706572 1.06834721565
353.682218 0.96818113327
354.660982 0.968621015549
355.636893 0.968128919601
356.611691 0.967854976654
357.587467 0.968267917633
358.662459 1.06801009178
359.788015 1.11832594872
360.814169 1.01842617989
361.839678 1.01826500893
363.065927 1.21860814095
364.141719 1.06843686104
