2.574749 1.76937007904
4.201954 1.61895895004
5.877789 1.6687579155
7.453272 1.56867408752
9.029367 1.56895399094
10.504723 1.46871495247
12.380008 1.86905908585
13.855223 1.46874308586
15.331349 1.46874094009
16.757164 1.4187309742
18.183405 1.41881299019
19.858837 1.66898703575
21.334721 1.46881484985
22.910964 1.56884503365
24.386798 1.46877908707
25.612111 1.21852684021
27.194548 1.4691619873
28.869684 1.66887378693
30.294571 1.41861796379
31.619875 1.31873893738
33.444795 1.41871213913
34.771608 1.31887793541
36.19696 1.41861200333
37.822888 1.6189198494
39.398495 1.56888604164
40.874253 1.46878814697
42.500139 1.61904501915
43.92552 1.41864490509
45.352391 1.41865801811
46.727661 1.36851501465
48.353649 1.61891293526
50.129767 1.76932907104
51.766613 1.56886911392
53.29197 1.51890611649
54.516462 1.21829795837
56.191664 1.66903710365
57.716442 1.51861691475
59.241753 1.51882314682
60.616548 1.3686478138
61.94122 1.31849312782
63.566393 1.61901402473
65.277599 1.36851716042
66.653975 1.36860489845
68.129418 1.46869421005
69.755101 1.61890912056
71.180772 1.41864204407
72.956759 1.76917910576
74.532818 1.56901311874
75.984878 1.31853795052
77.561005 1.56897711754
78.886285 1.31848096848
80.262018 1.36866188049
81.587302 1.31853604317
82.862482 1.26842617989
84.338331 1.46875119209
85.763691 1.41861605644
87.138922 1.36844396591
88.428935 1.21831393242
89.804309 1.36857700348
91.130168 1.31870388985
92.505475 1.36854100227
93.730544 1.21826910973
95.206493 1.46882390976
97.060991 1.26850700378
98.510333 1.31853318214
99.88579 1.36867284775
101.261824 1.36881899834
102.737411 1.46882605553
104.012943 1.26844596863
105.288324 1.26849889755
106.61361 1.31847381592
107.989337 1.36858987808
109.414964 1.4188079834
110.690547 1.26848006248
112.266291 1.5689060688
113.641674 1.36858701706
114.867329 1.2184510231
116.192779 1.31858801842
117.768548 1.56897211075
119.29466 1.5189909935
120.784121 1.36860513687
122.310057 1.51883006096
123.73555 1.41865110397
125.111434 1.368724823
126.687211 1.56894397736
128.603684 1.46873998642
130.03052 1.41880202293
131.556127 1.51879906654
132.931967 1.36873197556
134.207282 1.26851892471
135.53266 1.31856703758
136.808228 1.268419981
138.183696 1.36863803864
139.50987 1.31860518456
140.785227 1.26852607727
142.060462 1.26845312119
143.671972 1.46870398521
144.946672 1.26843214035
146.572301 1.61913514137
148.297783 1.71907186508
149.722699 1.41867899895
151.347677 1.61874508858
152.772923 1.41872811317
154.197916 1.41875600815
155.873068 1.66902804375
157.298107 1.41860985756
159.011202 1.51909303665
160.437934 1.4187669754
161.863386 1.41866803169
163.240007 1.36873912811
164.815716 1.56894922256
166.191098 1.36866402626
167.783522 1.41908192635
169.108888 1.31852602959
170.384105 1.26837182045
171.759563 1.36862206459
173.085292 1.31847810745
174.360698 1.26851797104
175.636289 1.26842999458
176.961568 1.3183889389
178.286911 1.31844997406
179.583422 1.26846313477
180.908749 1.31848311424
182.184421 1.26852583885
183.509782 1.31850099564
184.785025 1.26838707924
186.060667 1.26845288277
187.385998 1.31839799881
189.155461 1.26847410202
190.732577 1.56894111633
192.258106 1.51876020432
193.884414 1.61913204193
195.309941 1.41876602173
196.535107 1.21836900711
197.810694 1.26854300499
199.436357 1.61890411377
200.812768 1.36898112297
202.388702 1.56900691986
203.914536 1.51896214485
205.190195 1.26856517792
206.615711 1.41867184639
207.941333 1.31854104996
209.416848 1.46876883507
210.892446 1.46881198883
212.48349 1.41886115074
213.858478 1.36864614487
215.183724 1.31865882874
216.658756 1.46875095367
217.93367 1.26861619949
219.727012 1.56902098656
221.354009 1.61903119087
222.879952 1.51901006699
224.405664 1.51883196831
225.881527 1.46868109703
227.457393 1.56893587112
229.083493 1.61891794205
230.508997 1.41864919662
231.83448 1.31856393814
233.460682 1.61890292168
234.886162 1.41856193542
236.37672 1.36869812012
237.652462 1.26852202415
238.978694 1.31922197342
240.304119 1.31850409508
241.530002 1.2185819149
242.805586 1.26848697662
244.031269 1.21844387054
245.306798 1.2685739994
246.682417 1.36864995956
247.958274 1.26856088638
249.28378 1.31858086586
250.793093 1.26863002777
252.069981 1.26862287521
253.459201 1.36865210533
254.835193 1.36873292923
256.060561 1.21843504906
257.40934 1.21837091446
258.685183 1.26857805252
260.010651 1.31841206551
261.286482 1.2685239315
262.511985 1.21841907501
263.787446 1.26841878891
265.113589 1.31885790825
266.339073 1.21847701073
267.664456 1.31843900681
268.940306 1.2685520649
270.315781 1.36852693558
271.642246 1.31872797012
272.917763 1.2685520649
274.193366 1.26854705811
275.519336 1.31868100166
276.844827 1.31853580475
278.694758 1.61941814423
280.270297 1.56896400452
281.993274 1.51893401146
283.620436 1.61907505989
285.095963 1.46865415573
286.521929 1.41877794266
288.047743 1.51884198189
289.523817 1.46893215179
290.999711 1.46877908707
292.525587 1.51904606819
293.952535 1.41888999939
295.228174 1.26852607727
296.803989 1.56896400452
298.129635 1.31853294373
299.405083 1.26863098145
301.081289 1.66904687881
302.723909 1.46869707108
304.249172 1.51872205734
305.623988 1.36843204498
307.249237 1.618942976
308.724379 1.468572855
310.249393 1.51866698265
311.624285 1.36853599548
313.185282 1.36885404587
314.663664 1.46886992455
315.989353 1.31865000725
317.365135 1.3688249588
318.941437 1.56901788712
320.266991 1.31863880157
321.59279 1.31849503517
323.018447 1.41868686676
324.44415 1.41878199577
325.887149 1.31866884232
327.262756 1.36861896515
328.638347 1.36859798431
329.964236 1.31858992577
331.289768 1.3185839653
332.565351 1.26854014397
333.891366 1.31864094734
335.216946 1.31860184669
336.542755 1.3185710907
337.818228 1.26849293709
339.144108 1.31868290901
340.470025 1.31862401962
341.795852 1.31886219978
343.171732 1.36860609055
344.693802 1.31856703758
346.020495 1.31859493256
347.471876 1.31851887703
348.747763 1.26854395866
350.123373 1.36859703064
351.449172 1.31851792336
352.724719 1.26848101616
354.031581 1.26842713356
355.307318 1.26842308044
356.733074 1.41872620583
358.059141 1.31867694855
359.43493 1.3686580658
360.810599 1.36863684654
362.13608 1.3184928894
363.411934 1.2684700489
364.587202 1.16829204559
365.913412 1.31856894493
367.289075 1.368694067
368.778717 1.36877799034
370.05448 1.26842403412
371.179932 1.118475914
372.45574 1.26843094826
373.731194 1.26847910881
375.243096 1.26850605011
376.419769 1.1684179306
377.695348 1.26849794388
378.97081 1.2684431076
380.146613 1.16837096214
381.372089 1.21844100952
382.597962 1.21847891808
383.923725 1.31874084473
385.299629 1.36862397194
386.57556 1.26858997345
387.90124 1.31861805916
389.298019 1.26845788956
390.42368 1.11822485924
391.59901 1.16827511787
392.724249 1.11822104454
393.85 1.11830210686
395.075449 1.21840691566
396.451514 1.36874008179
397.67701 1.21842718124
399.05259 1.36852812767
400.279044 1.2184472084
401.454602 1.16839408875
402.63064 1.16850996017
403.856171 1.21849894524
405.031575 1.16833901405
406.310383 1.11838293076
407.537052 1.21854805946
408.838811 1.16841888428
410.08019 1.21875786781
411.256166 1.16872310638
412.532288 1.26906490326
413.657647 1.11829900742
414.833386 1.16843008995
416.058863 1.21844291687
417.234646 1.16842007637
418.410064 1.16840910912
419.635869 1.21846795082
420.811263 1.16833591461
421.986802 1.16846299171
423.062364 1.06816005707
424.237836 1.16841006279
425.463687 1.21853089333
426.589218 1.11850404739
427.877662 1.16856384277
428.952993 1.06826901436
430.128458 1.16842198372
431.25408 1.11827015877
432.329699 1.06829810143
433.455479 1.11837792397
434.630832 1.16833615303
435.806211 1.16831183434
437.160466 1.16841387749
438.386977 1.21842503548
439.512462 1.11833405495
440.787923 1.26839113235
441.963557 1.16834211349
443.189098 1.21842503548
444.414723 1.21833491325
445.539985 1.11822891235
446.887451 1.21842694283
448.063342 1.16846990585
449.188914 1.11853003502
450.364674 1.16841697693
451.59026 1.21839499474
452.815662 1.21833992004
453.940871 1.11813902855
455.116779 1.16847991943
456.292256 1.16836595535
457.518186 1.218490839
458.643562 1.11829996109
459.769257 1.11830306053
461.095191 1.31853699684
462.270902 1.16840791702
463.447089 1.16836905479
464.672584 1.21846103668
466.011083 1.21839118004
467.37725 1.16858506203
468.503963 1.11835885048
469.679396 1.16831684113
470.955056 1.26858305931
472.131322 1.16854810715
473.256714 1.11829304695
474.433138 1.16843295097
475.558642 1.11840510368
476.684641 1.11853218079
477.860133 1.1683678627
479.03552 1.16826105118
480.16116 1.11829590797
481.286515 1.11826896667
482.512823 1.21864104271
483.68869 1.16852593422
485.032355 1.21857690811
486.308206 1.26862883568
487.484022 1.16840815544
488.709669 1.21851301193
489.93528 1.2184150219
491.061103 1.11838698387
492.186725 1.11838316917
493.312522 1.11835002899
494.488231 1.16849303246
495.613578 1.11821484566
496.88951 1.26849007607
498.244192 1.16840600967
499.370952 1.11841487885
500.6467 1.2686150074
501.822135 1.16833305359
503.048057 1.21850013733
504.448807 1.26859402657
505.624864 1.16845202446
506.850435 1.2184381485
508.026412 1.16844892502
509.202051 1.16842794418
510.377487 1.16830205917
511.603318 1.21836304665
512.778723 1.16827321053
514.004279 1.21838903427
515.180082 1.16831994057
516.355751 1.16845011711
517.532138 1.16855096817
518.757775 1.21843194962
519.983286 1.21839690208
521.159178 1.16841506958
522.38467 1.21835398674
523.624759 1.11826896667
524.800647 1.16842007637
526.026461 1.2186191082
527.10229 1.06826496124
528.43529 1.11844801903
529.612042 1.16846895218
530.787573 1.16834616661
531.913165 1.11841392517
533.13925 1.21856307983
534.31488 1.1684319973
535.490815 1.1684088707
536.666523 1.16851401329
537.842011 1.16832518578
539.168066 1.31861305237
540.293494 1.11827492714
541.469982 1.16854000092
542.816395 1.21855115891
543.941882 1.11830711365
545.167681 1.21858811378
546.393652 1.2185280323
547.569179 1.16831898689
548.695018 1.1183719635
549.820998 1.1185400486
550.996413 1.16822290421
552.122833 1.11831688881
553.298347 1.16829895973
554.4242 1.11838507652
555.549839 1.11838698387
556.725443 1.16843295097
557.901303 1.16838312149
559.217957 1.11838102341
560.344568 1.11826395988
562.154124 1.56942796707
563.879907 1.71929812431
565.205215 1.31855392456
566.580414 1.36864686012
567.755123 1.1682369709
569.231092 1.46913194656
570.556369 1.31870794296
571.981454 1.4186000824
573.598534 1.5689239502
574.82354 1.21853494644
576.248789 1.41874694824
577.574267 1.31863307953
579.050068 1.46900892258
580.375148 1.31859207153
581.90097 1.5189909935
583.376156 1.46866703033
584.707674 1.16847395897
585.933873 1.2183868885
587.109558 1.16844701767
588.285512 1.16841697693
589.578142 1.11853408813
590.705471 1.11858415604
591.881115 1.16845417023
593.156683 1.26836204529
594.333186 1.16862511635
595.559497 1.21876215935
596.685335 1.11832594872
597.911394 1.21853518486
599.137322 1.21872997284
600.313196 1.16841697693
601.438729 1.11830592155
602.565106 1.11829710007
604.062859 1.36880707741
605.488108 1.4186770916
606.963566 1.46886086464
608.288771 1.31856203079
609.714501 1.41874504089
611.14006 1.41896605492
612.715743 1.56899404526
614.141436 1.41876101494
615.566675 1.41860699654
617.042014 1.4687359333
618.367461 1.31854295731
619.943932 1.56917881966
621.526258 1.41875290871
622.753509 1.21854996681
624.230084 1.46901988983
625.756049 1.51880502701
627.101782 1.21843385696
628.277623 1.16824793816
629.403256 1.11827683449
630.529142 1.11833405495
631.654745 1.11836910248
632.830286 1.16828489304
634.006179 1.16834998131
635.181759 1.16835999489
636.307161 1.11814713478
637.483095 1.16834688187
638.65867 1.16828203201
639.834635 1.1684319973
641.06042 1.21852898598
642.185843 1.11816000938
643.361882 1.16846489906
644.48743 1.11827206612
645.927483 1.31862092018
647.053363 1.11829900742
648.229033 1.16834306717
649.405137 1.16852998734
650.630718 1.21831202507
652.011203 1.16832494736
653.087861 1.06818604469
654.213311 1.11818790436
655.389298 1.16840386391
656.565477 1.16855812073
657.741111 1.16835308075
658.917104 1.16837787628
660.09278 1.16839909554
661.36969 1.26898193359
662.495542 1.11839580536
663.671004 1.16823101044
665.308074 1.41884708405
666.883622 1.56888818741
668.360049 1.46917700768
669.785957 1.41888785362
671.311955 1.51909089088
672.737999 1.41886210442
674.113198 1.3686170578
675.68861 1.56886601448
677.164276 1.46877884865
678.489377 1.31847214699
680.165013 1.66900014877
681.540623 1.36866998672
683.058582 1.26853394508
684.736289 1.66914796829
686.312371 1.56893515587
687.838393 1.5187458992
689.417731 1.36889791489
690.943575 1.51880693436
692.268675 1.31845211983
693.693948 1.41862010956
695.219688 1.51883482933
696.695041 1.46873998642
698.170379 1.46871995926
699.646093 1.46875405312
701.121502 1.46872091293
702.546917 1.41860389709
703.822574 1.26858210564
705.147665 1.3184530735
706.522877 1.36853814125
707.898476 1.36866092682
709.423952 1.51876807213
710.749049 1.31848192215
712.035089 1.16829895973
713.478023 1.21857190132
714.605063 1.11833095551
715.730688 1.11836218834
716.907018 1.16847491264
718.132821 1.21847701073
719.30844 1.16832304001
720.434582 1.11834311485
721.610477 1.16851592064
722.787166 1.16868591309
723.962807 1.16837000847
725.038356 1.06810498238
726.214793 1.1683819294
727.540905 1.31884098053
728.716797 1.16836190224
729.942515 1.21845197678
731.129547 1.06830501556
732.255371 1.11821198463
733.481125 1.21847295761
734.607008 1.11821007729
735.682502 1.06823205948
736.808095 1.1182820797
737.985027 1.16848397255
739.110813 1.11848783493
740.237094 1.11865496635
741.362769 1.11835384369
742.438627 1.06846809387
743.769259 1.11836600304
744.845963 1.06833982468
746.071795 1.21851706505
747.197361 1.11825990677
748.373272 1.16828298569
749.618523 1.11821699142
750.744521 1.11839413643
751.92051 1.16867303848
753.046723 1.11837983131
754.222408 1.16832518578
755.398206 1.16833090782
756.574267 1.16841506958
757.699905 1.1183450222
758.925586 1.21838784218
760.101864 1.16851782799
761.327652 1.21848797798
762.454326 1.11861491203
763.630099 1.16838097572
764.805782 1.16831207275
765.881681 1.06826996803
767.007218 1.11814212799
768.293286 1.16836094856
769.56947 1.26857614517
770.795276 1.21843600273
771.87127 1.06825900078
773.047102 1.16847395897
774.366349 1.1183860302
775.49338 1.11831903458
776.619127 1.11840796471
777.694752 1.06819796562
778.820892 1.11844277382
780.047329 1.21869206429
781.223395 1.16841888428
782.399066 1.16831183434
783.57474 1.16831707954
784.701247 1.1187441349
785.877323 1.16849279404
787.119872 1.11850309372
788.296399 1.16890287399
789.472311 1.16829586029
790.597944 1.1182949543
791.774096 1.16836285591
792.899844 1.11835289001
794.126263 1.21868920326
795.201829 1.06822395325
796.327735 1.11841201782
797.45389 1.11835312843
798.579604 1.11826705933
799.755859 1.16853809357
800.831467 1.06823611259
801.957114 1.11819696426
803.183665 1.21847319603
804.409526 1.2184817791
806.084052 1.36875200272
807.610597 1.5189409256
809.052318 1.41925501823
810.527872 1.46872615814
811.903605 1.36882305145
813.328962 1.41860294342
815.005027 1.66901516914
816.38055 1.36866998672
817.992657 1.56899094582
819.418369 1.41864299774
820.893987 1.46882200241
822.26929 1.36854290962
823.795212 1.51883292198
825.521099 1.71907687187
826.996628 1.4687538147
828.52263 1.51888895035
830.152801 1.41917896271
831.478302 1.3185338974
832.803596 1.31847190857
834.329043 1.51879405975
835.605943 1.26859307289
837.287801 1.46882200241
838.664976 1.36862516403
839.840627 1.16834998131
841.316681 1.46876597404
842.692808 1.36863899231
844.168743 1.46873283386
845.545053 1.36874008179
847.021195 1.46886086464
848.497148 1.46870088577
850.023634 1.51891684532
851.550231 1.51897001266
