1.37158 1.117800951
2.598008 1.21793889999
3.972932 1.36805915833
5.44782 1.46824097633
6.966534 1.46851205826
7.990979 1.01757597923
9.315231 1.31808900833
10.589416 1.26783299446
11.994005 1.36807584763
13.619145 1.61848092079
14.993774 1.36821198463
16.469306 1.46852111816
17.894263 1.41855502129
19.320238 1.41859102249
20.744876 1.41829800606
22.07069 1.31850504875
23.320072 1.16803216934
24.745351 1.41852402687
25.970858 1.21841096878
26.946134 0.96794295311
28.27107 1.31816506386
29.396318 1.11818003654
30.622158 1.21832418442
32.293889 1.31861901283
33.420317 1.11821389198
34.795715 1.06786108017
35.921523 1.11829900742
37.246417 1.31827688217
38.671228 1.41815400124
40.012044 1.16864609718
41.486523 1.46831202507
42.861279 1.36837077141
44.386449 1.51875305176
46.011667 1.61885595322
47.286853 1.26840400696
48.61134 1.31824588776
49.986197 1.36848211288
51.410685 1.41843104362
52.935496 1.51842689514
54.009457 1.06787490845
55.383931 1.36839413643
56.599804 1.16805911064
58.074376 1.46848583221
59.198495 1.1180229187
60.673436 1.46853613853
62.166972 1.3188419342
63.525711 1.16808605194
64.651663 1.11808300018
65.626234 0.967818021774
66.750894 1.11798906326
67.876133 1.11819887161
69.151 1.26818490028
70.12597 0.967916965485
71.150574 1.01788902283
72.075044 0.917733192444
73.150282 1.06806302071
74.375455 1.21839499474
75.631635 1.16816496849
76.656544 1.01789307594
77.881249 1.21801304817
79.206201 1.31820106506
80.181863 0.968085050583
81.406745 1.21814012527
82.431179 1.01794695854
83.505921 1.06826996803
84.612911 1.06815314293
85.939016 1.31873583794
87.164598 1.21853590012
88.239588 1.06814098358
89.064553 0.817551851273
90.167251 1.01786398888
91.14151 0.967831850052
92.16555 1.01785087585
93.34031 1.16800785065
94.525771 0.968019008636
95.621485 1.06841683388
96.796748 1.16836905479
97.921566 1.11806201935
99.097667 1.16820001602
100.37304 1.26835393906
101.54835 1.16827487946
102.623025 1.06797599792
103.636698 0.917885065079
104.61157 0.967782020569
105.636365 1.01802802086
107.127011 1.46838498116
108.051473 0.917706012726
109.201055 1.06807303429
110.576486 1.36841702461
111.801643 1.21825385094
113.077071 1.26842498779
114.152189 1.0680809021
115.276925 1.11795520782
116.452084 1.16811203957
117.426653 0.967831850052
118.861049 1.26844096184
120.186851 1.31848502159
121.210966 1.01783204079
122.135819 0.91780090332
123.310766 1.1681599617
124.485575 1.16800713539
125.93434 1.21862792969
127.10542 1.06802392006
128.330312 1.21812105179
129.304913 0.96781206131
130.715834 1.31858611107
131.867916 1.06799387932
132.943209 1.06813406944
134.068019 1.11801505089
135.26906 1.11816000938
136.293708 1.01788306236
137.469056 1.1681470871
138.393251 0.917877197266
139.669341 1.26848578453
140.860573 1.06844210625
142.085493 1.21814203262
143.210775 1.11814618111
144.385715 1.16814899445
146.071416 1.51862597466
147.196657 1.11816191673
148.371457 1.16802096367
149.596421 1.21813297272
150.849627 1.16810703278
152.074851 1.21809887886
153.248845 1.06850600243
154.574314 1.3184530735
155.799323 1.218116045
157.474939 1.31824493408
158.732177 1.21824216843
160.136006 1.31854391098
161.362163 1.21828699112
162.637669 1.26844906807
163.79154 1.11839604378
165.098008 1.21843099594
166.223042 1.11825799942
167.348416 1.11820816994
168.774464 1.41875600815
169.850303 1.06837797165
171.255503 1.31852602959
172.481536 1.21837997437
173.682658 1.06830000877
174.757706 1.06806707382
175.96751 1.16806602478
177.175428 1.11814308167
178.201119 1.01821303368
179.476817 1.26857304573
180.602654 1.11837911606
181.834949 1.1183590889
183.211004 1.36865901947
184.486633 1.2684700489
185.811692 1.3181810379
187.158015 1.16844105721
188.588685 1.06838798523
189.794138 1.11829209328
191.04901 1.16853189468
192.224109 1.16814804077
193.399257 1.16828203201
194.601834 1.11790895462
195.877512 1.26820898056
197.127969 1.16824889183
198.353457 1.2183470726
199.47832 1.11807584763
200.603179 1.11807394028
201.861917 1.16826200485
203.262544 1.31853199005
204.537681 1.26828289032
205.713221 1.16836094856
207.188816 1.46845793724
208.363802 1.16816782951
209.656108 1.16812491417
210.831072 1.16812705994
211.957097 1.1184220314
213.264273 1.21858000755
214.390253 1.11842799187
215.665568 1.26850104332
216.890892 1.21837997437
218.066256 1.16817307472
219.415378 0.968122005463
221.03982 1.41851091385
222.26538 1.21837377548
223.767559 1.41857504845
225.244863 1.46905589104
226.919903 1.66877198219
228.595069 1.66884708405
230.220895 1.61892199516
231.445553 1.21831297874
233.071151 1.61904597282
234.646659 1.568764925
236.322369 1.66906309128
237.696994 1.36835479736
239.072588 1.36863088608
240.347633 1.26852917671
241.722786 1.36852502823
242.998129 1.26849508286
244.223109 1.21850681305
245.698586 1.46909189224
247.463361 1.56914401054
248.689216 1.21863698959
250.542744 1.41888213158
251.797651 1.16838502884
252.873486 1.06825613976
254.099209 1.21847510338
255.410946 1.2685751915
257.198204 1.61908388138
258.32644 1.11844015121
259.502106 1.168364048
260.839737 1.21829915047
262.115382 1.26855611801
263.487102 1.26872611046
264.612762 1.11837911606
266.257838 1.51890206337
267.483497 1.2183971405
268.859056 1.36836791039
270.334629 1.46865105629
271.41016 1.06830501556
272.670098 1.1681830883
273.87179 1.11807489395
275.543756 1.51882696152
276.696998 1.11847305298
277.872593 1.16834187508
279.028879 1.06838607788
280.497845 1.21847295761
281.774798 1.26858496666
283.130271 1.16858005524
284.355918 1.21838307381
285.531277 1.16808104515
286.706544 1.16823601723
288.11802 1.21834111214
289.52139 1.31860089302
290.647376 1.11836004257
292.228973 1.26826691628
293.48448 1.21839213371
294.659677 1.1682240963
295.885595 1.21820282936
297.322624 1.26835107803
299.227803 1.71934390068
300.253248 1.0181760788
301.459916 1.11823606491
302.782183 1.21831989288
304.107738 1.31835007668
305.283125 1.16829800606
306.409373 1.11823987961
307.665145 1.16820597649
308.840713 1.16830706596
309.916711 1.06835603714
311.313623 1.16844201088
312.4901 1.16840910912
313.81308 1.21860790253
315.352206 1.36867403984
316.527371 1.16806006432
317.939737 1.31839299202
319.371581 1.26838302612
320.587323 1.16905784607
321.893213 1.21853089333
323.198883 1.21873188019
324.792993 1.41880011559
326.432967 1.61902999878
327.908772 1.46879315376
329.033084 1.11802983284
330.307486 1.26815581322
331.832844 1.5187189579
333.257454 1.41835594177
334.732159 1.46839904785
336.157842 1.41875600815
337.583077 1.41862678528
339.008011 1.4185769558
340.584318 1.5685839653
341.992406 1.11816287041
343.434049 1.41865205765
344.809959 1.36868596077
346.28609 1.46881699562
347.931794 1.36886000633
349.357778 1.41857600212
350.612672 1.16850686073
351.838282 1.21832799911
353.092603 1.16845583916
354.360357 1.21825695038
355.663039 1.21822810173
356.788477 1.11812806129
358.113828 1.31840109825
359.355951 1.11806297302
360.431009 1.06805181503
