1.74334 1.41843104362
3.119491 1.36842989922
4.645058 1.51873898506
6.170653 1.51876807213
7.645878 1.4686999321
9.171488 1.51875209808
10.547493 1.36856102943
12.173019 1.6189789772
13.999137 1.81923317909
15.325509 1.31873607635
16.650853 1.31853699684
18.175693 1.51824998856
19.951522 1.76895284653
21.378504 1.41907906532
23.005632 1.62016391754
24.280169 1.26826310158
25.860886 1.51885890961
27.38688 1.5191757679
28.962949 1.56918907166
30.439171 1.46911215782
32.564421 1.71906518936
34.291365 1.71915507317
35.867037 1.56899499893
37.64331 1.76924800873
39.219239 1.56907105446
40.695481 1.46900415421
42.372249 1.66957807541
43.747575 1.36858487129
45.274382 1.51929187775
46.69965 1.41854500771
48.124975 1.4186270237
49.751031 1.61906003952
51.183176 1.31873512268
52.508668 1.31840085983
53.983729 1.46843481064
55.458999 1.46834492683
56.783612 1.31794404984
58.108156 1.31791901588
59.433107 1.31798005104
60.844837 1.36815094948
62.413512 1.21815395355
63.789572 1.36818885803
65.064227 1.26803708076
66.389544 1.31809020042
67.714296 1.31813597679
69.038911 1.31798791885
70.413888 1.36808490753
71.738142 1.26809716225
73.150338 1.31804394722
74.475533 1.31816101074
75.750154 1.26786494255
76.975786 1.21808099747
78.300591 1.31813001633
79.675316 1.36809802055
81.100269 1.41825199127
82.40635 1.26810312271
83.681154 1.26809406281
84.906293 1.21811795235
86.230963 1.3180270195
87.630746 1.31817412376
89.106406 1.46852493286
90.532329 1.41885900497
92.057871 1.51855015755
93.471939 1.21793293953
95.072873 1.46835684776
96.397099 1.31815099716
97.872335 1.46846294403
99.29706 1.41839814186
100.921795 1.61860108376
102.346467 1.41830015182
103.971096 1.61851000786
105.396247 1.4183511734
106.87093 1.46829986572
108.345339 1.46826386452
109.769658 1.41819214821
111.244279 1.46822214127
112.869053 1.61861515045
114.393468 1.51829910278
115.867871 1.46828985214
117.542984 1.66864705086
119.000513 1.36834287643
120.276783 1.26837778091
121.601604 1.31814002991
123.006386 1.3683578968
124.589024 1.31823396683
125.864953 1.26808905602
127.089703 1.21798205376
128.647264 1.51844215393
129.972478 1.31811881065
131.297401 1.31814289093
132.472513 1.16804718971
133.997762 1.51845693588
135.222409 1.21789097786
136.447358 1.21792006493
137.722099 1.26804113388
139.047756 1.31815099716
140.309207 1.16793107986
141.534298 1.21803712845
142.809105 1.26807594299
143.974566 1.11796307564
145.299511 1.31816482544
146.424053 1.11779499054
147.749865 1.31844711304
148.924586 1.16799807549
150.050066 1.11802101135
151.274961 1.21810984612
152.549757 1.26804494858
153.774976 1.21807694435
155.248689 1.21816706657
156.42464 1.16802406311
157.649519 1.21807098389
158.87443 1.2181391716
160.245685 1.26832318306
161.470768 1.21805214882
162.895992 1.41837501526
164.221291 1.31824111938
165.346034 1.11789917946
166.72122 1.36831498146
167.946623 1.21813488007
169.121502 1.16799092293
170.246052 1.11780500412
171.62149 1.36828899384
173.046938 1.41865110397
174.222168 1.16810798645
175.396828 1.16787910461
176.771986 1.36834001541
178.071071 1.16803717613
179.245768 1.16791200638
180.46862 1.11799502373
181.643747 1.16804718971
182.869164 1.21862196922
184.044569 1.16826415062
185.307526 1.0677549839
186.633721 1.3182888031
187.808448 1.1680188179
188.933224 1.11782598495
190.057849 1.11789298058
191.182434 1.11787891388
192.357366 1.16786980629
193.582005 1.2179620266
194.656909 1.06782817841
195.781518 1.11790013313
196.956458 1.16794896126
198.16762 1.11807489395
199.292321 1.11785507202
200.717351 1.41821694374
201.842289 1.11788916588
203.117184 1.26814198494
204.341891 1.21795892715
205.516861 1.16787600517
206.841767 1.31813597679
208.016835 1.16798400879
209.341745 1.31817913055
210.466281 1.11778998375
211.691312 1.21801400185
212.916098 1.21789312363
214.091106 1.16798090935
215.215853 1.11789417267
216.841367 1.16807103157
218.162342 1.21817302704
219.287316 1.11785697937
220.612353 1.31819796562
221.937691 1.31822800636
223.412984 1.46852111816
224.619908 1.16798591614
225.79528 1.16790604591
227.02011 1.21804308891
228.295343 1.26812601089
229.570292 1.26814293861
230.79513 1.21804094315
231.969931 1.16799902916
233.395448 1.41838002205
234.570184 1.16793704033
235.695318 1.11797904968
236.920136 1.21801304817
238.126207 1.11784291267
239.352076 1.21809506416
240.677074 1.31805109978
241.852251 1.16799283028
242.976889 1.11782193184
244.352157 1.36838293076
245.577495 1.21823620796
246.852626 1.26824808121
248.160448 1.11807394028
249.587039 1.41841506958
250.811939 1.21808505058
252.287346 1.46849894524
253.412951 1.11817097664
254.738257 1.31816911697
255.963569 1.21817398071
257.138403 1.16798210144
258.57997 1.11814212799
259.905065 1.31824588776
261.280199 1.36824893951
262.505531 1.21817088127
263.700661 1.16806602478
264.875538 1.16789317131
266.151002 1.26823377609
267.676361 1.51849102974
268.951682 1.268201828
270.127313 1.1684319973
271.402263 1.26807904243
272.727579 1.31818389893
274.051079 1.26830816269
275.276537 1.21818685532
276.951468 1.56898593903
278.476447 1.5183570385
280.164196 1.41853713989
281.79204 1.61869311333
283.217205 1.41822886467
284.592779 1.36849093437
286.068481 1.46870112419
287.543923 1.46857595444
289.06991 1.51865315437
290.595401 1.51865315437
292.020343 1.31845521927
293.796323 1.76923108101
295.321586 1.51846814156
296.697463 1.36851215363
298.072596 1.36834001541
299.548119 1.46845006943
301.377292 1.5186021328
302.902766 1.51870083809
304.077676 1.16796088219
305.152619 1.06803202629
306.528163 1.36835098267
307.672171 1.11793708801
308.847411 1.16797804832
310.305711 1.26822900772
311.582108 1.26833486557
312.859814 1.11800503731
314.085284 1.21818900108
315.410552 1.31835579872
316.735862 1.31838202477
317.91116 1.16814994812
319.036169 1.11803102493
320.213635 1.16902017593
321.529062 1.21841979027
322.754358 1.21816587448
323.92956 1.16796803474
325.204756 1.26821398735
326.429772 1.21805381775
327.60473 1.1679828167
328.729926 1.11790299416
329.95516 1.21828508377
331.03084 1.06800603867
332.406335 1.3683180809
333.681585 1.26829695702
334.856855 1.16801595688
335.981779 1.11801290512
337.207245 1.21817398071
338.432226 1.21807003021
339.657185 1.21802306175
341.943316 1.5687379837
343.269507 1.31816911697
344.444675 1.16817307472
345.519314 1.06772208214
346.778536 1.21828103065
347.953482 1.16801905632
349.178871 1.21809506416
350.354031 1.16813111305
351.528959 1.16799902916
352.70419 1.16796588898
354.129487 1.41836905479
355.505193 1.36841011047
357.130764 1.61867189407
358.305655 1.16792917252
359.481092 1.16818594933
360.706271 1.21808195114
