2.051408 1.4685049057
3.678342 1.61870002747
5.153656 1.46841597557
6.729047 1.56865382195
8.204431 1.46843910217
9.679616 1.46847987175
11.254588 1.56858897209
12.679641 1.41885900497
14.205125 1.51868891716
15.63026 1.41850090027
17.005412 1.36837005615
18.530148 1.51857280731
20.106733 1.56880617142
21.53164 1.41867303848
23.006734 1.46862602234
24.331219 1.31832313538
25.811312 1.36871409416
27.18601 1.36848497391
28.660842 1.46864700317
30.137288 1.46869206429
31.71242 1.56883811951
33.512586 1.61903810501
34.939382 1.4187681675
36.414981 1.46873688698
37.840707 1.41878700256
39.366203 1.51882505417
40.891681 1.51877808571
42.217267 1.31856298447
43.54271 1.3187251091
45.018485 1.46876001358
46.443864 1.41867303848
47.767696 1.26842308044
49.253533 1.41858386993
50.728689 1.46874308586
52.103486 1.36864590645
53.678573 1.56891512871
55.103465 1.4185860157
56.528701 1.4188349247
57.953341 1.41854000092
59.428141 1.46869897842
60.702975 1.26841807365
62.227799 1.51872515678
63.819741 1.41884112358
65.296498 1.4688410759
66.872204 1.56895709038
68.247617 1.3686811924
69.723397 1.46873903275
71.098692 1.36859798431
72.646534 1.41873788834
73.871924 1.21835112572
75.14709 1.26844906807
76.43838 1.26840305328
77.763788 1.31863999367
79.038938 1.26840591431
80.314147 1.26847600937
81.639968 1.31855106354
82.865067 1.21841216087
84.140641 1.26853990555
85.566086 1.41875004768
86.841315 1.26845502853
88.167126 1.31855297089
89.542452 1.36858105659
90.818181 1.26854205132
92.143464 1.31855010986
93.48133 1.21852397919
94.861383 1.21837687492
96.087624 1.21842694283
97.363016 1.26859307289
98.588451 1.21845293045
99.815626 1.22017478943
101.040778 1.21834397316
102.316396 1.26857089996
103.691762 1.36858582497
104.91705 1.21845388412
106.242606 1.31855106354
107.517926 1.2684841156
108.743465 1.21850681305
109.968957 1.21870994568
111.194785 1.21835899353
112.47 1.26845192909
114.11068 1.51883292198
115.585478 1.4686460495
117.062348 1.46881103516
118.587366 1.5187830925
120.262693 1.66907691956
121.787656 1.51878499985
123.31302 1.51885890961
124.788173 1.46882009506
126.528683 1.5688290596
128.055723 1.51901388168
129.381243 1.31876397133
131.057116 1.66909694672
132.482785 1.41860985756
133.758131 1.26855587959
134.983639 1.21847391129
136.409118 1.41870713234
137.852574 1.31896615028
139.327754 1.46874690056
140.902857 1.56894087791
142.378094 1.46876001358
144.103415 1.71910095215
145.578284 1.46865797043
147.203377 1.61887097359
148.728894 1.51904702187
150.103807 1.36869287491
151.529056 1.41894006729
153.054355 1.51879191399
154.328956 1.26838111877
155.753716 1.4185860157
157.428366 1.51878285408
158.854887 1.41874718666
160.230115 1.36853909492
161.648614 1.26857709885
162.874046 1.21861386299
164.14931 1.26845192909
165.42559 1.26874804497
166.801066 1.36860799789
168.026732 1.21850681305
169.202051 1.1684319973
170.477349 1.26852416992
171.753006 1.26857590675
173.028425 1.2685520649
174.254608 1.21870613098
175.529966 1.26853704453
176.755264 1.21845006943
178.030851 1.26850390434
179.256245 1.21852493286
180.531945 1.2685508728
181.820063 1.16839599609
182.995689 1.16840600967
184.271051 1.2685379982
185.446656 1.16847896576
186.722137 1.26866698265
188.117391 1.21865606308
189.293804 1.16834712029
190.468984 1.16834783554
191.694541 1.21840786934
193.020018 1.31861305237
194.295923 1.26910400391
195.471464 1.16841411591
196.697036 1.21863603592
197.922675 1.21847891808
199.248499 1.3187789917
200.474157 1.21865296364
201.868233 1.26863217354
203.043767 1.16843795776
204.26903 1.21838998795
205.594371 1.31850099564
206.770945 1.16830897331
208.046341 1.26853895187
209.272177 1.21862387657
210.447796 1.16840791702
211.673009 1.21838188171
212.998976 1.31870007515
214.224298 1.21838116646
215.399872 1.16843605042
216.675351 1.26864600182
218.000676 1.31846690178
219.341542 1.16845798492
220.61829 1.26851201057
222.019712 1.26849603653
223.245504 1.21866703033
224.520877 1.26851010323
225.746462 1.21841597557
227.072011 1.31862711906
228.24805 1.16847491264
229.523565 1.26863217354
230.698739 1.16830086708
231.874334 1.16838812828
233.049665 1.16842889786
234.224882 1.16836714745
235.500658 1.26855611801
236.675881 1.16834592819
237.902112 1.21870088577
239.127705 1.2186999321
240.353301 1.21854186058
241.741432 1.26855778694
242.96719 1.21854305267
244.342732 1.36861014366
245.618511 1.26856613159
246.844452 1.21863913536
248.069755 1.21832609177
249.245495 1.16842913628
250.696226 1.26881408691
251.87359 1.16869401932
253.09897 1.21844506264
254.374417 1.26844787598
255.650244 1.26865100861
256.875656 1.2183971405
258.101566 1.21863102913
259.327043 1.21850609779
260.502487 1.16856193542
261.794374 1.16837096214
262.969673 1.16834211349
264.19549 1.21861004829
265.470988 1.26858496666
266.646177 1.16824817657
267.871436 1.21838402748
269.097081 1.21837687492
270.272472 1.16846299171
271.498534 1.21865987778
272.723866 1.21837711334
273.949328 1.21858215332
275.225104 1.26854801178
276.400328 1.16825199127
277.576212 1.16846108437
278.801627 1.2185049057
280.026875 1.21832489967
281.643019 1.31868600845
282.818965 1.16822504997
284.04467 1.21848201752
285.370164 1.31856489182
286.645641 1.26849389076
287.971576 1.31857776642
289.146845 1.1683371067
290.372808 1.21868395805
291.598489 1.21859383583
292.824751 1.21832418442
294.151068 1.31872582436
295.426499 1.26842594147
296.701934 1.26849484444
298.027919 1.31867814064
299.253226 1.21836996078
300.579154 1.31862616539
301.91238 1.2184381485
303.188104 1.26844501495
304.364055 1.16859388351
305.690684 1.31870412827
306.865966 1.16831088066
308.107206 1.21860694885
309.332734 1.21852111816
310.558346 1.21845912933
312.037824 1.31886410713
313.264191 1.21837902069
314.48946 1.21836495399
315.665718 1.16856193542
316.891138 1.21849799156
318.166472 1.26844596863
319.391992 1.21833300591
320.667388 1.26849794388
322.265718 1.46892094612
323.79094 1.51885604858
325.115866 1.31849789619
326.591208 1.46875810623
327.927068 1.26841211319
329.352103 1.41864109039
330.727377 1.36861109734
332.152377 1.41866111755
333.577383 1.41860294342
335.052335 1.46863102913
336.477909 1.41896700859
337.952921 1.46867394447
339.428385 1.46890497208
341.104373 1.66918492317
342.887113 1.46879410744
344.764781 1.86955785751
346.115608 1.21845889091
347.341384 1.21849584579
348.566684 1.21834492683
349.792983 1.21899104118
351.018427 1.21848392487
352.293826 1.26843500137
353.519662 1.21849608421
354.795019 1.26840591431
355.970811 1.16845989227
357.196233 1.21842193604
358.421581 1.21836805344
359.596915 1.16840600967
360.923215 1.31857585907
362.148638 1.21835398674
363.374391 1.21848702431
364.59979 1.21845602989
366.038573 1.31838393211
367.364468 1.31860399246
368.63987 1.26840496063
369.815699 1.16856002808
370.991108 1.16835212708
372.266548 1.26848387718
373.558617 1.11831188202
374.835679 1.26875400543
376.061163 1.21852207184
377.33674 1.26863098145
378.6125 1.26846194267
379.787866 1.16840910912
381.113768 1.31864190102
382.339226 1.21843004227
383.514568 1.16830301285
384.790382 1.26854705811
386.134581 1.21867799759
387.360027 1.21842885017
388.585601 1.2184278965
389.761336 1.16840314865
390.886658 1.11830401421
392.062466 1.16849184036
393.137692 1.06819295883
394.313022 1.16833806038
395.538881 1.21852707863
396.814355 1.26847815514
398.090328 1.26865410805
399.265728 1.16836905479
400.390939 1.11817097664
401.566587 1.16830086708
402.842116 1.26851701736
404.228763 1.21853899956
405.482528 1.11857509613
406.558106 1.06826305389
407.633254 1.06814885139
408.758877 1.11828184128
409.934372 1.16840004921
411.109687 1.16830706596
412.235302 1.11830615997
413.460667 1.21836304665
414.586436 1.11834812164
415.711755 1.11829996109
416.787189 1.0683619976
417.812317 1.0180990696
418.988153 1.16837692261
420.063415 1.06824994087
421.189097 1.1183719635
422.314493 1.11833715439
423.553511 1.11832618713
424.629062 1.06823182106
425.704243 1.06815290451
426.77985 1.06827783585
427.905301 1.11828112602
429.080822 1.16848492622
430.156371 1.06814885139
431.331989 1.16855692863
432.458342 1.11863708496
433.533753 1.06821489334
434.716858 1.018419981
435.793434 1.06831002235
436.818715 1.01817321777
437.844677 1.01824188232
439.020147 1.16840410233
440.09545 1.06825494766
441.393933 1.16848278046
442.419737 1.0183608532
443.545712 1.11848497391
444.671346 1.11850190163
445.796601 1.11820602417
446.972861 1.16845297813
448.048155 1.06821990013
449.223528 1.16833400726
450.299448 1.06826210022
451.424799 1.11823511124
452.450464 1.01813602448
453.525908 1.0683529377
454.60122 1.0681951046
455.676889 1.06820487976
456.802258 1.11829710007
457.877983 1.0683400631
459.116937 1.11839199066
460.307857 1.1684319973
461.38341 1.06830501556
462.509247 1.11846494675
463.634796 1.11821317673
464.710022 1.06819581985
465.948805 1.0682618618
467.12526 1.16828393936
468.250373 1.11812186241
469.275918 1.01818799973
470.401029 1.11809110641
471.426276 1.01826405525
472.551902 1.11834311485
473.577032 1.01813793182
474.602473 1.0181620121
475.727742 1.11817193031
476.973309 1.11834788322
478.04909 1.06810808182
479.124326 1.06817603111
480.19948 1.06813597679
481.275253 1.06831693649
482.350525 1.06815910339
483.476213 1.1182911396
484.5514 1.06816911697
485.626637 1.06815600395
486.752284 1.11825799942
487.927649 1.16828489304
489.003233 1.06821990013
490.228919 1.21852588654
491.254167 1.01813697815
492.330327 1.06841897964
493.506096 1.16857981682
494.641201 1.01818108559
495.766834 1.11853194237
497.065866 1.11835289001
498.092235 1.01810407639
499.217669 1.11837100983
500.293316 1.06819915771
501.418798 1.11834692955
502.494134 1.06820011139
503.569672 1.06817913055
504.644931 1.06810617447
505.670989 1.01837801933
506.746198 1.06811094284
507.771361 1.01803302765
508.847061 1.06828212738
509.872424 1.01829195023
510.998504 1.1182820797
512.236209 1.11852216721
513.361782 1.1182038784
514.487173 1.11826395988
515.563018 1.06844496727
516.638601 1.06830787659
517.713809 1.06812405586
518.839412 1.1182808876
520.014876 1.16835904121
521.141014 1.1184258461
522.266347 1.11828804016
523.34187 1.06831479073
524.468167 1.11851191521
525.543692 1.06817507744
526.619435 1.06833696365
527.96253 1.11854410172
529.038967 1.06827497482
530.678871 1.41876602173
532.153891 1.46859192848
533.528922 1.36858010292
534.904425 1.36871099472
536.379559 1.46869087219
537.904825 1.5187599659
539.179942 1.26840806007
540.55486 1.36849212646
541.980094 1.41872406006
543.456819 1.46884989738
545.182534 1.71915197372
546.707865 1.51884889603
548.183444 1.46882987022
549.558668 1.36879491806
550.983732 1.41861414909
552.659628 1.66913294792
553.834708 1.01811599731
554.860447 1.01821208
555.985891 1.11828398705
557.11175 1.11837387085
558.35678 1.06823205948
559.433661 1.06859207153
560.508949 1.06817817688
561.684593 1.16846299171
562.810358 1.11833190918
563.835751 1.01823997498
564.911507 1.06830191612
566.037131 1.11847400665
567.16272 1.11843395233
568.338537 1.16838908195
569.514106 1.16839599609
570.690061 1.16848278046
571.883879 1.06822919846
573.060297 1.16855287552
574.136326 1.06837105751
575.262118 1.11830496788
576.337499 1.06821203232
577.362872 1.01813101768
578.588963 1.21855092049
579.714512 1.11839103699
580.84039 1.11842894554
581.965881 1.11829614639
583.041189 1.06814002991
584.167406 1.11831998825
585.29287 1.11826109886
586.368675 1.06834411621
587.494092 1.11818003654
588.745095 1.06826305389
590.465164 1.56903505325
591.790326 1.31857013702
593.315801 1.51885986328
594.841649 1.51901292801
596.316999 1.46876883507
597.64266 1.31883597374
599.218399 1.56890916824
600.593523 1.36859703064
601.768548 1.16838288307
603.144198 1.36881709099
604.519419 1.36860895157
605.944697 1.41861796379
607.369915 1.4186360836
608.996441 1.61930418015
610.471731 1.46875596046
611.846855 1.36856412888
613.186746 1.21872711182
614.262705 1.06850600243
615.438421 1.16845703125
616.564909 1.11859297752
617.740397 1.16834402084
618.994809 1.06832098961
620.171592 1.16844105721
621.247001 1.06826996803
622.372639 1.11845016479
623.598586 1.21853494644
624.623914 1.01804614067
625.699761 1.06840896606
626.775223 1.06826615334
627.800833 1.01823997498
628.977345 1.16859793663
630.102807 1.11828517914
631.39339 1.16825985909
632.569297 1.16841888428
633.695508 1.11852288246
634.821228 1.11837697029
635.897065 1.06824207306
636.922397 1.01811289787
638.148394 1.21845602989
639.173782 1.01819300652
640.29927 1.11827898026
641.425786 1.1185529232
642.501086 1.06813216209
643.627053 1.11841988564
644.652869 1.01830911636
645.728868 1.06841802597
646.855025 1.11867380142
647.930443 1.06817889214
649.389978 1.11843705177
650.466214 1.06824803352
651.541662 1.06828784943
652.667487 1.11831116676
653.79329 1.11856508255
654.869152 1.06828904152
656.045345 1.16858887672
657.121508 1.06834506989
658.247111 1.11835193634
659.472848 1.21846795082
660.598762 1.11836218834
661.724364 1.11832213402
662.799876 1.06829595566
663.925851 1.11840105057
665.101514 1.16842603683
666.227589 1.11845803261
667.907147 1.46906709671
669.382435 1.46866106987
670.957795 1.56877994537
672.434149 1.46910691261
674.159752 1.71895694733
675.785167 1.6188788414
677.260897 1.46917486191
678.586393 1.3186340332
680.196571 1.41884088516
681.523713 1.31870412827
682.999659 1.46881699562
684.4757 1.4688539505
685.953169 1.46888303757
687.379216 1.41888308525
688.70541 1.31870102882
690.232021 1.51916599274
691.53424 1.11844396591
692.610118 1.06829786301
693.735655 1.11825299263
694.911712 1.16846704483
696.037393 1.11833691597
697.212961 1.16829991341
698.288864 1.06829714775
699.464523 1.16830682755
700.590557 1.11841607094
701.666136 1.0682580471
702.691522 1.01814103127
703.817344 1.11824297905
704.992995 1.16833615303
706.069186 1.0682349205
707.144881 1.0684030056
708.220462 1.06823611259
709.460923 1.1184129715
710.729521 1.06831407547
711.806387 1.06842780113
712.982105 1.16837096214
714.107746 1.11828684807
715.234447 1.11831903458
716.309945 1.06823897362
717.451565 1.11871004105
718.527103 1.06825900078
719.70299 1.16844010353
720.828498 1.11828303337
721.904229 1.06824302673
723.180072 1.2685239315
724.255823 1.06829690933
725.381598 1.11851215363
726.45736 1.06821703911
727.695298 1.11827611923
728.871102 1.16825485229
730.046769 1.16836714745
731.122518 1.06818199158
732.14803 1.01824617386
733.323622 1.16836309433
734.399447 1.06822085381
735.524896 1.11818885803
736.650901 1.11841583252
737.726406 1.06817913055
738.801888 1.0682258606
739.827688 1.01821398735
741.103833 1.01815605164
742.280706 1.16841983795
743.356835 1.06817698479
744.532751 1.16840195656
746.235612 1.56909322739
747.811163 1.56888103485
749.186583 1.36868906021
750.712549 1.51899695396
752.188259 1.46898698807
753.613599 1.41867113113
755.139117 1.51876997948
756.564722 1.41866898537
757.99007 1.41867995262
759.265564 1.26852703094
760.691414 1.41868901253
762.066882 1.3687210083
763.542285 1.46869897842
764.917692 1.36866998672
766.24455 1.3185031414
767.870302 1.61905312538
769.500913 1.41876292229
770.776194 1.26857089996
772.262927 1.26876807213
773.690442 1.41891503334
774.86613 1.16846895218
776.292129 1.41872596741
777.736886 1.41894388199
779.112724 1.36859107018
780.689347 1.56907606125
782.165375 1.46883583069
783.641391 1.46876096725
785.01755 1.36861610413
786.343473 1.31868481636
787.819838 1.46882796288
789.24571 1.41865205765
790.721981 1.46901607513
792.41461 1.46892690659
793.990288 1.56879210472
795.465467 1.46854805946
797.040911 1.5688431263
798.466514 1.41865491867
799.891881 1.41863107681
801.217006 1.31841897964
802.720115 1.26852703094
804.197228 1.46880483627
805.673455 1.46873283386
807.149427 1.46876382828
808.575572 1.41864895821
810.001545 1.41877818108
811.478087 1.46873211861
812.803914 1.3185608387
814.230065 1.41879987717
815.450259 1.06848597527
816.576607 1.11859107018
817.60226 1.01823401451
818.728321 1.11838579178
819.904054 1.16830706596
821.080674 1.16855883598
822.206459 1.11839294434
823.282402 1.06832480431
824.308325 1.01826810837
825.383916 1.06821012497
826.509969 1.11836504936
827.685798 1.16845083237
828.761404 1.06816506386
829.83758 1.06831884384
830.913208 1.06825494766
832.039452 1.1185939312
833.943798 1.51922106743
835.320227 1.36860609055
836.69577 1.36874294281
838.271841 1.56910705566
839.698231 1.41890382767
841.124276 1.41893100739
842.700366 1.56909298897
844.075933 1.3685939312
845.351178 1.26853108406
846.926735 1.5687379837
848.402505 1.46883010864
849.928092 1.51880908012
851.353401 1.41865301132
852.779137 1.41873192787
854.254765 1.46883392334
855.580063 1.31852507591
