2.051408 1.4685049057
5.153656 1.46841597557
12.679641 1.41885900497
15.63026 1.41850090027
17.005412 1.36837005615
24.331219 1.31832313538
47.767696 1.26842308044
60.702975 1.26841807365
73.871924 1.21835112572
101.040778 1.21834397316
169.202051 1.1684319973
181.820063 1.16839599609
189.293804 1.16834712029
206.770945 1.16830897331
230.698739 1.16830086708
266.646177 1.16824817657
282.818965 1.16822504997
373.558617 1.11831188202
390.886658 1.11830401421
393.137692 1.06819295883
407.633254 1.06814885139
417.812317 1.0180990696
507.771361 1.01803302765
