2.11474 1.76845598221
3.691372 1.56836700439
5.416688 1.71851396561
6.840889 1.41807603836
8.466132 1.61834311485
9.940557 1.46820092201
11.765687 1.81873607635
13.441038 1.6685860157
14.86536 1.41815805435
16.4403 1.5683298111
18.16492 1.71843600273
19.639321 1.4682199955
21.164609 1.5183300972
22.739653 1.56833600998
24.013818 1.26796984673
25.515948 1.46871590614
27.091169 1.51852583885
28.615609 1.51821017265
30.590763 1.9689719677
32.292161 1.51841688156
33.868438 1.56841993332
35.443575 1.56853795052
36.918797 1.4683110714
38.594664 1.66886687279
40.019586 1.41833806038
41.544736 1.51826906204
42.969452 1.41811013222
44.494896 1.51852011681
46.420473 1.91890096664
47.995631 1.56836795807
49.495668 1.4681520462
51.020707 1.51840996742
52.533875 1.41827106476
53.859256 1.31809282303
55.184078 1.31817102432
56.459251 1.26816296577
57.884331 1.41837000847
59.209189 1.31812000275
60.434785 1.21828007698
61.859671 1.41811180115
63.661101 1.2179710865
65.037361 1.368309021
66.638951 1.56886696815
68.014537 1.36826491356
69.340037 1.31844496727
70.664866 1.31819391251
72.190491 1.51853513718
73.46525 1.26809597015
74.973648 1.36830687523
76.348981 1.3682448864
77.673876 1.31814002991
78.999631 1.31818580627
80.325029 1.31842017174
81.599889 1.26815485954
82.917287 1.26809501648
84.29271 1.36828184128
85.668396 1.368475914
86.944204 1.26839518547
88.593707 1.36848783493
89.918695 1.3182311058
91.144437 1.21829581261
92.419252 1.26805210114
93.694531 1.26821613312
95.167128 1.26815891266
96.53882 1.26823997498
97.764386 1.21852302551
99.061747 1.26815915108
100.336679 1.26813006401
101.711664 1.3682410717
103.036956 1.31825518608
104.261926 1.21816492081
105.738325 1.46892905235
107.06395 1.31851601601
108.389455 1.3184299469
109.715444 1.31847810745
111.091267 1.36867213249
112.366138 1.26811003685
113.641467 1.26818704605
114.895546 1.16797590256
116.170828 1.26825809479
117.628832 1.36826300621
118.854705 1.21847820282
120.120311 1.21826195717
121.245983 1.11821079254
122.571579 1.3185031414
123.996731 1.41832494736
125.703793 1.41891884804
126.880358 1.16826319695
128.105453 1.21809983253
129.280222 1.16798901558
130.556096 1.26838111877
131.731288 1.16814017296
133.207323 1.46868395805
134.432935 1.21850705147
135.758024 1.31817793846
136.983256 1.21812105179
138.398467 1.31812000275
139.623803 1.21819901466
140.773164 1.11806297302
141.898444 1.11805510521
143.074255 1.16832208633
144.249226 1.16796207428
145.674733 1.41847300529
146.899632 1.21813392639
148.074991 1.16811299324
149.150334 1.06787776947
150.425309 1.26810407639
151.701092 1.26831197739
153.07618 1.3683321476
154.200823 1.11784505844
155.426598 1.21833086014
156.892014 1.16802716255
158.129717 1.11837697029
159.304612 1.16808104515
160.379721 1.06793808937
161.605231 1.21835899353
162.780207 1.16811394691
163.905431 1.11808586121
165.080821 1.16821193695
166.356227 1.26828408241
167.481538 1.11814713478
168.656411 1.16796684265
169.881736 1.21812987328
171.256823 1.36826586723
172.382027 1.11803197861
173.506855 1.11792802811
174.681829 1.16804909706
175.857174 1.16807794571
177.066977 1.11802005768
178.392545 1.31835103035
179.717856 1.31845617294
180.813529 1.06789898872
182.088457 1.26807999611
183.313398 1.21805715561
184.638609 1.31807994843
185.963659 1.31819295883
187.275684 1.11835312843
188.653143 1.36869597435
189.778573 1.11825680733
191.004604 1.21838903427
192.255425 1.21813583374
193.380317 1.11795806885
194.655632 1.26816105843
196.181648 1.51880311966
198.003361 1.46878314018
199.427982 1.41830778122
200.85322 1.41851019859
202.328294 1.46848607063
203.753704 1.41864705086
205.178261 1.41826701164
206.652772 1.46822690964
208.22753 1.56845402718
209.602353 1.36832094193
210.926854 1.31821584702
212.351318 1.41816997528
213.777968 1.41863512993
215.352922 1.56859302521
217.07805 1.71883416176
218.715767 1.41822910309
220.142083 1.41844296455
221.688734 1.41846680641
223.313524 1.61849403381
224.788301 1.46847891808
226.113166 1.3182580471
227.638093 1.51859021187
229.162761 1.5183570385
230.437455 1.26814603806
231.711805 1.26800608635
233.085408 1.31813597679
234.559955 1.46833705902
236.035078 1.4683611393
237.7599 1.71865081787
239.384679 1.61857104301
240.911527 1.51872014999
242.386209 1.46845793724
244.011568 1.6187980175
245.286672 1.16824293137
246.612748 1.31874513626
247.788225 1.16822218895
249.116177 1.06792402267
250.206753 1.06794786453
251.581964 1.36832714081
252.907186 1.31832790375
254.032378 1.11797904968
255.157819 1.11818790436
256.232968 1.067964077
257.40788 1.1680560112
258.632754 1.21794700623
259.908135 1.26818108559
261.183817 1.26838994026
262.359781 1.16835212708
263.584878 1.21819400787
264.948868 1.26834201813
266.424241 1.46840214729
267.628953 1.11806702614
268.853977 1.21800899506
269.928906 1.06789183617
271.054054 1.11789512634
272.178934 1.11796092987
273.154079 0.967890024185
274.379259 1.21825098991
275.654317 1.26812815666
276.72949 1.06791806221
278.105201 1.36846804619
279.382567 1.01794886589
280.609098 1.21831297874
281.683985 1.06787204742
282.809541 1.11810207367
284.129986 1.2181417942
285.382888 1.21803593636
286.407694 1.01786422729
287.483078 1.06807184219
288.557985 1.06796097755
289.632896 1.06781792641
290.742273 1.06790685654
291.767025 1.01775884628
293.042019 1.26808309555
294.11743 1.06801199913
295.1433 1.0178539753
296.268614 1.11805391312
297.34352 1.06794810295
298.468355 1.11791801453
299.493979 1.01789808273
300.669015 1.16808795929
301.777979 1.01775789261
303.103517 1.31828808784
304.178306 1.06781601906
305.40382 1.21821808815
306.478705 1.06793689728
307.503458 1.01775813103
308.628759 1.11805295944
309.954571 1.06830096245
311.181684 1.21828103065
312.207085 1.01807785034
313.432464 1.2181520462
314.607499 1.16806101799
315.732756 1.11794281006
317.058354 1.31832909584
318.38358 1.31823515892
319.459514 1.06828093529
320.666218 1.06805300713
321.74185 1.06825304031
322.967046 1.21818113327
324.092419 1.11806702614
325.304161 1.16814613342
326.5293 1.21814990044
327.655089 1.11821603775
328.680445 1.01804113388
329.756372 1.0682079792
330.93209 1.16839504242
332.007086 1.06797480583
333.183213 1.16835904121
334.258234 1.06802296638
335.284214 1.01822900772
336.409765 1.11819791794
337.435083 1.01799607277
338.860886 1.31841087341
339.986279 1.11816596985
341.348507 1.1180460453
342.424346 1.06784796715
343.750051 1.31848597527
344.925353 1.1680059433
346.050148 1.11780190468
347.17538 1.11798596382
348.300874 1.11819720268
349.42567 1.11779785156
350.55067 1.11778998375
351.575396 1.01776194572
352.750707 1.16799402237
353.909534 1.11791396141
354.984754 1.06796598434
356.627253 1.31836104393
358.452626 1.81905698776
360.02788 1.56855988503
361.552698 1.51849198341
362.97756 1.41851496696
364.402723 1.41845703125
366.128049 1.71902108192
367.552758 1.41841292381
369.027934 1.46856403351
370.452594 1.41830706596
372.216171 1.56869077682
373.842922 1.618527174
375.368308 1.51847696304
376.994192 1.61873793602
378.669938 1.66879200935
380.095314 1.41842794418
381.912828 1.41833281517
383.288253 1.36841082573
384.415075 1.1180369854
385.540312 1.1182050705
386.865732 1.31835389137
388.1916 1.3184530735
389.416821 1.21821784973
390.492172 1.06799411774
391.717406 1.21817421913
392.892561 1.16809201241
393.96792 1.06798696518
394.992786 1.01782798767
396.049145 1.01814198494
397.174885 1.11815190315
398.300028 1.11806178093
399.425343 1.11797404289
401.019302 1.41867613792
402.398283 1.11803603172
403.724806 1.31839203835
405.050094 1.31826996803
406.375766 1.3183760643
407.400798 1.01787686348
408.476048 1.06796097755
409.551891 1.06827783585
410.727098 1.16812896729
411.752305 1.01791286469
412.828537 1.01807379723
413.904928 1.06793498993
414.930349 1.01807999611
416.005603 1.06790089607
417.080564 1.06795716286
418.145579 1.0178091526
419.69195 1.36854600906
420.966514 1.26823306084
422.44137 1.46847891808
423.916618 1.46860980988
425.19113 1.2681479454
426.515792 1.31828188896
427.940686 1.41851496696
429.365716 1.41835403442
430.740456 1.36832618713
432.115295 1.36834716797
433.499064 1.16826891899
434.975797 1.46860980988
436.401174 1.41841697693
437.676306 1.26815986633
439.153242 1.46847987175
440.328396 1.16819906235
441.498294 1.06835103035
442.52363 1.01797819138
443.748775 1.21807599068
444.874198 1.11804413795
445.922482 1.01782989502
447.047451 1.11787700653
448.123593 1.06795096397
449.298875 1.16818714142
450.624446 1.31851291656
451.649786 1.01787805557
452.724806 1.06793785095
454.200801 1.4685959816
455.426653 1.2184510231
456.601852 1.16806387901
457.627107 1.01785898209
459.528081 1.7189950943
461.153559 1.6188249588
462.528547 1.36830401421
464.274506 1.51867294312
465.651392 1.36846494675
466.976775 1.31839489937
468.202535 1.21842598915
469.571698 1.31845903397
470.997243 1.41852498055
472.422901 1.41838407516
473.898502 1.46856403351
475.325771 1.41842484474
476.851502 1.5186920166
478.377069 1.51862621307
480.253404 1.86904501915
481.979232 1.71884608269
483.817779 1.41895413399
485.342812 1.518638134
486.838444 1.46844387054
488.213263 1.36833715439
489.438501 1.21796917915
490.514019 1.06795811653
491.578911 1.0178630352
492.804672 1.2182970047
494.106282 1.06809306145
495.232759 1.11813402176
496.207802 0.967871904373
497.333488 1.11824703217
498.558863 1.21825098991
499.633979 1.0679769516
500.660005 1.018201828
501.777007 1.01790785789
503.038983 1.0179040432
504.064036 1.01793408394
505.289797 1.21828484535
506.365036 1.0680809021
507.39022 1.01782393456
508.56539 1.16804599762
509.590921 1.01799511909
510.666087 1.06804203987
511.791672 1.11810493469
512.866939 1.06815600395
513.973811 1.06788492203
515.150323 1.16825222969
516.175363 1.01789188385
517.250825 1.06802392006
518.275889 1.01792383194
519.434696 1.06800699234
520.460037 1.01791405678
521.485014 1.01780319214
522.6607 1.168186903
523.785856 1.11800217628
524.990549 0.967918872833
526.317981 1.31846404076
527.443341 1.11819505692
528.568944 1.1180870533
529.844607 1.26840519905
530.869716 1.01790118217
531.895414 1.01807284355
532.971357 1.0684030056
534.0475 1.06822896004
535.273165 1.21833491325
537.263975 1.6190841198
538.289959 1.0181388855
539.36585 1.06832909584
540.491417 1.11807513237
541.604752 1.06798100471
542.679863 1.0680129528
543.755431 1.0681078434
544.830616 1.06795310974
545.955985 1.118090868
547.013906 1.01804304123
548.089112 1.06800794601
549.365006 1.26840209961
550.39002 1.01785302162
551.515273 1.11804890633
552.540706 1.01798796654
554.21818 1.51862406731
555.415483 1.01805400848
556.592141 1.16826605797
557.657295 1.01810288429
558.83463 1.16822910309
559.860001 1.01821804047
561.085454 1.21816778183
562.311191 1.21821808815
563.386892 1.06821584702
564.612606 1.21827101707
565.637839 1.01793909073
566.713009 1.06800103188
567.788486 1.06802201271
568.90062 1.06813907623
569.926095 1.01796197891
571.10132 1.16806197166
572.995144 1.66892409325
573.970363 0.96791100502
575.046128 1.06817984581
576.221967 1.16829395294
577.347236 1.11806797981
578.372369 1.01787900925
579.498045 1.11809802055
580.573326 1.06786704063
581.699154 1.1182820797
582.874675 1.16827583313
583.949876 1.06793999672
584.95874 0.967793941498
586.257464 1.06851601601
587.48489 1.21849584579
588.660324 1.16815900803
589.685796 1.01791000366
590.805806 1.01803088188
591.931359 1.11807394028
593.006 1.06799483299
594.181739 1.16821908951
595.256981 1.06798005104
596.382181 1.11801815033
597.457828 1.06804704666
598.533134 1.06802201271
599.558295 1.01781010628
600.633464 1.06797909737
601.70921 1.06800103188
602.734565 1.0181221962
604.060957 1.31843113899
605.136466 1.06826090813
606.161763 1.01804018021
607.322939 1.06826090813
608.348214 1.01800990105
609.473498 1.11804509163
610.649138 1.16809892654
611.774412 1.11800289154
612.954737 1.11813211441
614.080147 1.11817407608
615.25554 1.16810703278
616.723774 1.01808285713
617.816644 1.06839799881
618.84249 1.01815915108
620.018472 1.16841197014
621.044113 1.01810884476
622.219657 1.16815805435
623.294796 1.06799888611
624.787931 1.31846809387
625.763005 0.967805147171
626.888691 1.11808180809
628.014289 1.11812400818
629.139709 1.11820816994
630.183919 1.01780796051
631.259352 1.06796216965
632.434966 1.16821789742
633.511275 1.06838083267
634.787221 1.26841688156
636.001694 1.16811490059
637.078465 1.06798195839
638.153722 1.0680000782
639.329625 1.16838884354
640.405482 1.06828212738
641.530685 1.11795496941
643.273656 1.46866297722
644.299068 1.01811218262
645.474835 1.16823196411
646.684674 1.16838121414
647.958502 1.06847000122
649.034991 1.06802892685
650.160447 1.11811089516
651.285959 1.11815714836
652.462122 1.16832184792
653.487575 1.01823282242
654.613353 1.11825609207
655.688654 1.0680398941
656.763941 1.06804680824
657.871277 1.06802487373
658.946452 1.06793308258
660.122467 1.16824412346
661.75033 1.36872792244
663.32613 1.56891083717
664.90173 1.56870794296
666.276774 1.36842393875
667.702294 1.41865491867
669.127169 1.41829395294
670.502387 1.36837005615
671.977381 1.46835207939
673.402218 1.4182498455
674.927946 1.51886105537
676.573758 1.618516922
678.098705 1.51834702492
679.674421 1.36856985092
681.152545 1.46862602234
682.678668 1.51884794235
684.354572 1.66873598099
686.422086 1.66891098022
687.947339 1.51861596107
689.322274 1.36836504936
690.847732 1.51854705811
692.122622 1.26815199852
693.447669 1.31827902794
694.772865 1.31830501556
696.148057 1.36855101585
697.522877 1.36820411682
699.198665 1.66883301735
700.823873 1.61854600906
702.399575 1.5688188076
703.725103 1.31852793694
705.300357 1.56850600243
706.775462 1.46846985817
708.50084 1.71880888939
710.316282 1.41861796379
711.442281 1.11793613434
712.617922 1.16809511185
713.793197 1.16801309586
714.927809 1.06805896759
715.953034 1.01789999008
717.078751 1.11807489395
718.154117 1.06802296638
719.279627 1.11809301376
720.355288 1.06802988052
721.380616 1.01796102524
722.506393 1.11814212799
723.631903 1.11814594269
724.857479 1.21829390526
725.912871 1.01800704002
726.988686 1.06820392609
728.960271 1.71888685226
730.085456 1.11785292625
731.138722 1.01809382439
732.264639 1.11831402779
733.340676 1.06824803352
734.466012 1.11800694466
735.49144 1.01782512665
736.566736 1.06801509857
737.642267 1.06796097755
738.617478 0.967824935913
739.692757 1.06795811653
740.941398 1.01840400696
742.068902 1.11822104454
743.194381 1.11805105209
744.420318 1.21841001511
746.012543 1.36860704422
747.488055 1.468490839
749.013201 1.5185008049
750.138509 1.11797690392
751.164645 1.01810097694
752.720471 1.36829900742
753.796298 1.06814098358
754.971729 1.16806101799
756.446762 1.46836209297
757.772734 1.31871199608
759.44817 1.66880011559
760.723637 1.2681620121
762.449447 1.71883797646
763.524896 1.06805586815
764.650781 1.11814904213
766.606746 1.61870288849
768.23241 1.61873197556
769.758078 1.51867103577
771.333542 1.56857180595
773.134059 1.51889705658
774.410992 1.26835799217
776.087224 1.66892790794
777.513437 1.41858386993
779.189738 1.66905808449
780.61551 1.41847991943
781.991628 1.36854600906
783.417397 1.41851210594
784.743257 1.31828808784
786.018833 1.26834607124
787.24434 1.21821093559
788.620383 1.36844801903
790.128382 1.26863312721
791.254095 1.11808991432
792.229222 0.967787981033
793.406557 1.16833806038
794.632176 1.21825909615
795.75781 1.11804795265
796.783185 1.01795911789
797.842527 1.01791620255
798.968341 1.11815214157
799.99368 1.01798295975
801.119508 1.11808013916
802.195452 1.06819915771
803.391424 1.01805400848
804.569174 1.16851806641
805.741737 1.06830406189
806.91753 1.16824698448
808.094105 1.1683781147
809.217135 1.06807303429
810.242134 1.01788401604
811.367621 1.11808490753
812.443183 1.06798410416
813.5689 1.11807799339
814.594068 1.01781105995
815.569248 0.967785835266
816.745707 1.16836190224
817.871872 1.11846494675
818.997621 1.1181101799
820.369005 1.16821122169
821.3441 0.967720031738
822.703214 1.26820516586
823.979173 1.26830983162
825.104524 1.11797714233
826.130115 1.01791000366
827.356363 1.21851587296
828.331672 0.96772480011
829.457489 1.11812710762
830.482824 1.01785492897
831.508447 1.01795697212
832.784101 1.26823306084
834.158877 1.11829996109
835.436553 1.26853084564
836.512292 1.06799602509
837.538517 1.01817917824
838.814319 1.26838207245
839.939822 1.11813807487
841.359931 1.31845998764
842.685691 1.31834101677
843.761579 1.06800317764
844.886938 1.11795806885
846.163093 1.26845884323
847.288473 1.11793494225
848.563998 1.26812887192
849.63928 1.06787896156
850.664923 1.01787686348
851.690175 1.01785612106
852.816308 1.11807107925
854.091907 1.2682299614
855.201544 1.06819605827
856.327437 1.11810708046
857.603118 1.26825785637
858.879167 1.26834392548
