1.216283 0.867505073547
2.793903 1.56899213791
4.118988 1.31827902794
6.396483 2.27011609077
8.172235 1.76928806305
9.848074 1.66913294792
10.421958 0.567101955414
11.89676 1.46850395203
13.021017 1.11795687675
13.695411 0.667260885239
15.821742 2.11953282356
16.546457 0.717565059662
17.120349 0.567421913147
18.240392 1.06804013252
18.864712 0.617537021637
19.38861 0.517127037048
19.988388 0.517256975174
20.763044 0.767486095428
21.287069 0.517190933228
21.811303 0.517114162445
22.335284 0.517106771469
22.89873 0.517153978348
23.422832 0.517246007919
23.946959 0.517274141312
25.672933 1.71913194656
26.447364 0.767567873001
26.971387 0.517152070999
27.4958 0.517230987549
28.020029 0.517130851746
28.744458 0.717499017715
29.338944 0.517333030701
31.115244 1.76916313171
31.826547 0.517404079437
32.351672 0.51721405983
34.027348 1.66889715195
34.802165 0.767632961273
35.326217 0.517174005508
35.850107 0.517168998718
36.874986 1.01788496971
37.399049 0.517259836197
37.923505 0.517423152924
38.447491 0.517262935638
38.971473 0.517157077789
39.545733 0.567255973816
40.146792 0.517185926437
41.671835 1.51879787445
42.245816 0.567359924316
42.819242 0.567243814468
44.094137 1.26845407486
44.918269 0.817626953125
45.843448 0.868090867996
46.418565 0.567685127258
46.942555 0.517162084579
48.067549 1.11821603775
49.793604 1.71927118301
50.367342 0.567461013794
51.136548 0.517191886902
51.872402 0.567454099655
52.396755 0.517354011536
52.920786 0.517198085785
53.445106 0.517272949219
55.171093 1.71908020973
55.89629 0.717756032944
56.72083 0.817691087723
57.245732 0.517446994781
58.871622 1.6190931797
59.395645 0.517199039459
59.920235 0.517300844193
60.444264 0.517184019089
61.136743 0.567447185516
61.687613 0.517281770706
63.385841 1.46887803078
63.961286 0.567491054535
64.836008 0.867769002914
66.111235 1.26844191551
66.886201 0.767819881439
69.062947 2.16991996765
70.288445 1.21831607819
72.66627 2.37065792084
73.240503 0.567399978638
75.267483 2.01980400085
76.142705 0.868049860001
77.869281 1.71932196617
79.395672 1.51902604103
80.170276 0.767733812332
80.923089 0.567497014999
81.747653 0.817733049393
82.573992 0.817837953568
83.098165 0.51731801033
83.664579 0.517382860184
84.188787 0.517377138138
84.712965 0.517367124557
85.287841 0.567552804947
85.812028 0.517329931259
86.386683 0.567394971848
87.11596 0.567551136017
87.640291 0.517272949219
88.164509 0.517220020294
89.543329 1.31858491898
90.067562 0.517366886139
90.592172 0.517466068268
91.116412 0.517335176468
91.890909 0.767623901367
92.615758 0.717674016953
93.382945 0.517375230789
94.166462 0.567576885223
94.890732 0.717542886734
95.915292 1.0181748867
96.489129 0.567492008209
97.062849 0.567409992218
97.687703 0.617697954178
98.762178 1.06813406944
99.38618 0.617745876312
101.66299 2.27028894424
102.236645 0.56743478775
103.761956 1.51908111572
104.686586 0.918037176132
105.961324 1.26841616631
106.484955 0.517348051071
107.05951 0.567618131638
107.633135 0.567368030548
108.495213 0.567473888397
109.068782 0.567349910736
109.642737 0.567437887192
110.167039 0.517323970795
110.691575 0.517364025116
112.367756 1.66925883293
113.392932 1.01809692383
113.918676 0.517463922501
114.693309 0.767720937729
115.2175 0.517273187637
117.002827 1.61925292015
117.577182 0.567392110825
118.602288 1.01800608635
119.127013 0.517448186874
119.701453 0.567454814911
120.520196 0.767741918564
121.094257 0.567412137985
121.668696 0.567456007004
122.32222 0.567489147186
122.896597 0.567389965057
123.655666 0.517385005951
124.281257 0.617555141449
124.805545 0.517356157303
125.980904 1.16834998131
126.505415 0.51732301712
127.07977 0.567463874817
127.814261 0.567478895187
128.33853 0.517260074615
128.912952 0.567265987396
129.487242 0.567330121994
130.061591 0.56743812561
130.63639 0.567526102066
131.465873 0.567541837692
132.039592 0.567414045334
132.613342 0.567466974258
133.388494 0.767772912979
133.912879 0.517354011536
134.48747 0.567473888397
135.062109 0.567419052124
135.630832 0.517410993576
136.205145 0.567348003387
136.729858 0.517374038696
137.304355 0.567492008209
138.149476 0.567559957504
138.723161 0.567382097244
140.749624 2.01987409592
141.373427 0.617496013641
141.947138 0.56737112999
143.223613 1.26861381531
144.047846 0.817840099335
144.621702 0.567529916763
145.145402 0.517400026321
147.322102 2.17003893852
147.896055 0.567641973495
149.821989 1.91963982582
150.746707 0.918110847473
152.522452 1.76943898201
153.096178 0.567443847656
153.670329 0.567594051361
154.817237 0.567482948303
155.391969 0.567410945892
155.965674 0.567472934723
156.490393 0.517330884933
157.014747 0.517343044281
158.740912 1.71924495697
159.265439 0.517332077026
159.789811 0.517364025116
160.314315 0.517306804657
160.838577 0.517315864563
161.414934 0.56761598587
162.1481 0.567600011826
163.273396 1.11824893951
163.847729 0.5673828125
164.419582 0.517405986786
164.943967 0.517369031906
165.769152 0.817907094955
166.343582 0.567433834076
167.018124 0.667577028275
167.542826 0.517410039902
168.267398 0.567422151566
170.594872 2.32018494606
171.119483 0.517239809036
171.645815 0.517464876175
172.420596 0.767785072327
172.94538 0.517418861389
173.469909 0.517373085022
174.278185 0.567507982254
175.402719 1.11818599701
176.427396 1.01804089546
177.022379 0.567420959473
177.546025 0.517303943634
178.071589 0.517455101013
179.346472 1.26850104332
179.920347 0.567512989044
181.462173 1.51913714409
182.07293 0.567332983017
182.646791 0.56733584404
183.420839 0.767688989639
184.696117 1.26848506927
185.728348 0.767776012421
186.303767 0.567425966263
