1.473728 1.16753602028
2.750157 1.26802706718
4.124883 1.36827993393
5.299428 1.16782093048
6.504854 1.16845679283
7.830401 1.31830406189
9.356007 1.51855492592
10.680614 1.31817793846
12.157843 1.46853280067
13.583422 1.41850805283
15.058609 1.46842694283
16.634352 1.56861019135
17.86194 1.06786203384
19.086947 1.21806383133
20.312037 1.21814489365
22.088304 1.76893019676
23.337638 1.1683781147
24.713362 1.36834716797
26.088933 1.36845993996
27.614903 1.51857709885
29.131093 1.46850800514
30.40629 1.26841902733
31.734969 1.11809301376
33.16192 1.41853785515
34.387303 1.21827602386
35.613159 1.21848297119
36.938475 1.31831598282
38.584219 1.36866593361
40.059634 1.46863698959
41.535175 1.46910500526
43.010116 1.46861791611
44.535757 1.5185739994
45.660346 1.11784291267
46.985138 1.31806182861
47.959885 0.967704057693
49.335367 1.36843323708
50.563564 1.21834492683
51.839113 1.26850485802
52.91477 1.06819605827
54.290395 1.36857509613
55.565485 1.26823306084
56.639138 0.967833995819
57.863982 1.21806311607
58.888637 1.01792502403
59.712387 0.8175740242
60.886694 1.16801714897
62.005492 0.917836904526
62.981353 0.968034982681
64.106152 1.11801719666
65.081262 0.968038082123
66.156825 1.06816291809
67.714906 1.5186150074
68.726198 0.91809797287
69.750271 1.01778411865
70.775094 1.01782011986
71.799614 1.01774501801
72.975384 1.16833901405
74.10057 1.11811494827
75.075722 0.968040943146
76.201382 1.11821508408
77.476213 1.26807308197
78.557533 0.968016147614
79.732588 1.16819691658
80.757755 1.01804995537
81.833354 1.06815505028
82.908433 1.06802892685
84.133819 1.2182328701
85.109175 0.968313932419
86.234517 1.11824393272
87.209978 0.968038082123
88.485467 1.26841592789
90.003548 1.41886520386
91.37886 1.36879611015
93.0654 1.46857404709
94.357329 1.26866316795
95.732439 1.36841201782
97.008198 1.26852798462
98.433395 1.41851902008
99.909331 1.46876382828
101.284932 1.36857414246
102.86102 1.56873202324
104.33662 1.46856689453
105.612429 1.26851892471
107.087726 1.46859693527
108.312518 1.21810102463
109.788175 1.46847200394
111.363646 1.56877279282
113.114458 1.56923294067
114.389407 1.26820898056
115.31331 0.917677164078
116.438795 1.11840415001
117.651017 1.16799688339
118.875776 1.21798992157
120.10109 1.21822714806
121.175729 1.06784701347
122.300848 1.11806201935
123.845579 1.16837882996
124.921716 1.06821489334
125.997261 1.06818199158
126.971996 0.96787405014
127.949927 0.968192100525
129.025695 1.06845998764
130.050881 1.01811909676
131.07498 1.01781392097
132.14977 1.06799006462
133.487865 1.16844201088
134.551949 1.01811385155
136.242357 1.51890301704
137.270249 1.01821279526
138.495335 1.21810817719
139.620352 1.11812496185
141.162749 1.51918792725
142.388622 1.21839499474
143.564142 1.16830396652
145.234774 1.46897006035
146.960308 1.71900010109
148.588468 1.61904621124
150.053963 1.41871595383
151.579405 1.51886200905
153.205438 1.6189250946
154.795755 1.36851096153
156.022729 1.21842598915
157.248271 1.21841287613
158.47375 1.21844792366
159.84968 1.36860084534
161.048988 1.16808891296
162.575302 1.51891708374
164.151445 1.56913399696
165.637442 1.1685230732
167.049853 1.36861515045
168.22463 1.16831898689
169.60006 1.36868810654
170.625529 1.01819396019
171.751333 1.11825013161
172.776366 1.01813602448
173.851009 1.06818890572
175.176639 1.31851601601
176.836517 1.41883611679
177.991674 1.11830091476
179.167053 1.16820907593
181.118966 1.71941494942
182.994811 1.86936497688
184.219157 1.21815490723
185.813039 1.36866402626
187.089931 1.26855516434
188.365137 1.26839780807
189.841285 1.46895003319
191.217213 1.36852788925
192.692631 1.46858286858
194.118715 1.41862297058
195.494591 1.36880898476
196.720056 1.21834206581
197.945789 1.21842598915
199.521694 1.56880903244
200.972508 1.41886997223
202.598113 1.61884307861
203.913546 1.16853785515
205.039486 1.11843085289
206.165106 1.11840510368
207.368371 1.11832594872
208.293646 0.918008089066
209.41959 1.11839199066
210.595211 1.16834902763
211.721011 1.11844706535
212.874931 1.06828808784
214.150971 1.2684340477
215.376846 1.21831607819
216.713597 1.11844587326
217.997549 1.16861486435
219.252496 1.16839408875
220.37803 1.11828303337
221.554042 1.16846108437
222.756568 1.11835503578
223.982626 1.21843695641
225.458693 1.46885800362
226.534087 1.06812596321
227.709598 1.16821503639
229.121124 1.31857419014
230.296688 1.16837120056
231.622417 1.31854605675
232.926433 1.21844696999
234.076316 1.11819791794
235.301852 1.21836805344
236.520674 1.11839580536
237.64634 1.11820912361
238.82191 1.16836810112
240.128911 1.2185049057
241.455104 1.31861591339
242.580617 1.11828780174
243.85675 1.26856184006
245.151235 1.26839280128
246.402889 1.16838097572
247.904286 1.26872706413
249.030901 1.11834406853
250.130176 1.06806302071
251.405697 1.26835799217
252.578968 1.06820702553
253.704342 1.118090868
254.88046 1.16848611832
256.206315 1.31865501404
257.332236 1.11836695671
258.557734 1.21825385094
259.762959 1.11840796471
261.088676 1.31847882271
262.393981 1.21849989891
263.469461 1.0682489872
264.595421 1.11837482452
265.753692 1.06840896606
266.929274 1.1683318615
268.332834 1.31843781471
269.558865 1.21848320961
270.634457 1.06832814217
271.790051 1.06823396683
273.044183 1.16842007637
274.219609 1.16825294495
275.445356 1.2184240818
276.755075 1.21834206581
278.094776 1.1180331707
279.43361 1.21842694283
280.559291 1.11843109131
282.118286 1.46912717819
283.243928 1.11834311485
284.530114 1.16858100891
285.884485 1.26874685287
287.060473 1.16826295853
288.33618 1.26843905449
289.540774 1.16833782196
290.701006 1.06833696365
292.346414 1.41882395744
293.371406 1.01810503006
294.897245 1.51905107498
296.372589 1.46879792213
297.948034 1.56874918938
299.222951 1.26837587357
300.747814 1.51859378815
302.123552 1.36887001991
303.198539 1.0684440136
304.473622 1.2685008049
305.727684 1.11837291718
307.253171 1.51891303062
309.011648 1.51893997192
310.338836 1.31859302521
311.614438 1.26845002174
313.03991 1.41842293739
314.315844 1.11802697182
315.618769 1.21823692322
316.971212 1.11810588837
318.375095 1.31865286827
319.628845 1.16828393936
320.805082 1.16855502129
322.024143 1.16837787628
323.179548 1.06823301315
324.304934 1.11811614037
325.430459 1.1182410717
326.605827 1.16809296608
328.13912 1.26854705811
329.764549 1.6188352108
331.039718 1.26856994629
332.315171 1.26849913597
333.74009 1.41859817505
335.165438 1.41870689392
336.490905 1.31848192215
337.966164 1.46862697601
339.661004 1.4690759182
341.238733 1.56902718544
342.614483 1.36857485771
344.090851 1.46883106232
345.366599 1.26855611801
346.942319 1.56869983673
348.568767 1.61901307106
349.693724 1.1180870533
350.958712 1.0683350563
352.134553 1.16823792458
353.20958 1.06802487373
354.363324 1.06807804108
355.538789 1.16829395294
356.865308 1.31875920296
357.990282 1.11797094345
359.295576 1.21822094917
360.8154 1.4189350605
362.04051 1.21815800667
363.366042 1.31852507591
364.541418 1.16803598404
