1.906631 1.56848287582
3.383138 1.4682431221
4.807369 1.41814017296
6.282129 1.46809196472
7.757254 1.46820497513
8.93178 1.16783285141
10.355875 1.41797184944
11.83087 1.46809005737
13.334138 1.46816706657
14.709386 1.36823892593
16.13414 1.41808485985
17.908963 1.76865005493
19.383359 1.46806502342
20.808235 1.41816401482
22.283053 1.46841096878
23.557757 1.26803684235
24.914853 1.26815414429
26.390162 1.46837091446
27.715119 1.31816005707
28.939676 1.21781301498
30.405277 1.21792197227
32.090665 1.31814694405
33.36658 1.26804614067
34.641209 1.26797795296
35.916246 1.26811909676
37.391329 1.46847200394
38.715891 1.31791687012
40.24141 1.51866197586
41.415935 1.16792798042
42.791354 1.3681769371
44.216124 1.41819882393
45.641039 1.41828107834
47.126488 1.41837596893
48.551312 1.4184281826
49.92558 1.36823391914
51.249795 1.31812000275
52.874714 1.61851406097
54.499387 1.61859512329
55.923737 1.4182138443
57.498091 1.56826901436
58.972686 1.46825098991
60.447009 1.46827507019
62.071535 1.61844491959
63.92426 1.61856389046
65.25005 1.31817913055
66.775077 1.5183660984
68.450258 1.6685359478
69.925636 1.46842598915
71.528238 1.46840596199
73.002728 1.46838402748
74.577374 1.56853914261
76.002163 1.41840410233
77.476831 1.46844410896
78.751017 1.2681210041
80.325983 1.56848096848
82.050779 1.71870708466
83.675452 1.61853003502
85.250458 1.56846785545
86.674951 1.41834402084
88.349713 1.66861510277
89.874407 1.51856303215
91.299402 1.41851305962
93.02429 1.71874189377
94.953793 1.56857395172
96.323941 1.26831793785
97.598774 1.26813793182
99.074226 1.46841001511
100.299046 1.21806502342
101.624429 1.31832194328
102.84928 1.21813106537
104.274309 1.41831421852
105.67819 1.26822900772
107.103382 1.41850709915
108.42877 1.31832909584
109.653678 1.21821093559
110.879034 1.21862602234
112.30414 1.41835212708
113.629613 1.31832790375
114.954648 1.31819200516
116.188703 1.21871685982
117.543947 1.26816892624
118.969391 1.41847205162
120.344638 1.36843490601
121.569443 1.21822190285
122.844318 1.26810693741
124.219421 1.36834311485
125.736743 1.1680560112
127.163309 1.41853094101
128.588573 1.41848683357
129.864425 1.26882100105
131.239612 1.36845302582
132.464603 1.21825003624
133.890636 1.41842103004
135.215685 1.31829595566
137.142353 1.81907296181
138.616931 1.4684150219
139.991795 1.36837005615
141.716758 1.71879410744
143.241521 1.5184879303
144.816202 1.56855297089
146.341132 1.51835298538
147.91614 1.56883692741
149.29068 1.36838006973
150.665464 1.36831092834
152.140021 1.46836209297
153.664475 1.51840496063
155.139256 1.4683740139
156.834591 1.51864814758
158.160813 1.31833100319
159.685835 1.51842784882
161.27698 1.31869316101
162.45178 1.16799712181
163.877159 1.41841101646
165.152128 1.26820397377
166.527508 1.36836886406
168.064995 1.26811289787
169.441734 1.36838197708
170.867007 1.41846013069
172.342629 1.46852898598
173.567667 1.21818590164
174.692528 1.11798191071
176.268507 1.56882500648
177.543506 1.2681620121
179.033331 1.21826100349
180.35833 1.31822395325
181.683455 1.31836295128
