1.811538 1.46803307533
3.438269 1.61835098267
4.862472 1.41804599762
6.83777 1.96893000603
8.312681 1.4681930542
9.887564 1.56815099716
11.362187 1.46825695038
12.786296 1.41798901558
14.311173 1.51808905602
15.935992 1.61840796471
17.2101 1.2679681778
18.63433 1.41806411743
19.958739 1.3180141449
21.282981 1.31803607941
22.75781 1.46812582016
24.182834 1.41806101799
25.556481 1.31810188293
27.131042 1.56834888458
28.555488 1.4182369709
29.930154 1.36818003654
31.705033 1.76866388321
33.288011 1.41831207275
34.764139 1.46830010414
36.489388 1.71858000755
38.064675 1.56837391853
39.539615 1.46826601028
40.964437 1.4181599617
42.239431 1.2680618763
43.614123 1.36798095703
45.139854 1.51840209961
46.564793 1.41830587387
48.190021 1.61857199669
49.736431 1.4181830883
51.160945 1.41837000847
52.535132 1.36808800697
54.010218 1.46831202507
55.434599 1.41825985909
57.159253 1.71854281425
58.634166 1.46834993362
60.058438 1.41817712784
61.482863 1.41828489304
62.959276 1.4684882164
64.476969 1.31831908226
65.903219 1.41841721535
67.3281 1.41816401482
69.003423 1.66862797737
70.428763 1.41834902763
71.853711 1.41827321053
73.22062 1.26826405525
74.695796 1.46846103668
76.121046 1.41852092743
77.596672 1.46853303909
78.921696 1.31824803352
80.2467 1.31820702553
81.521789 1.26804685593
82.796767 1.2681851387
84.071715 1.26815104485
85.346873 1.26808214188
86.671859 1.31815600395
87.997265 1.31827998161
89.322594 1.31825900078
90.597407 1.26808023453
91.82256 1.21806383133
93.18228 1.26826906204
94.693545 1.31829285622
96.019657 1.31828212738
97.244586 1.21811318398
98.619668 1.3682949543
100.345422 1.71869707108
101.770502 1.41832900047
103.246078 1.46853804588
104.520922 1.26801609993
106.046299 1.51861095428
107.321485 1.26811885834
108.646432 1.31821298599
110.021782 1.36832499504
111.396743 1.3681910038
112.721642 1.31816196442
114.046953 1.31823396683
115.40873 1.26834893227
116.783899 1.36836886406
118.108881 1.31817102432
119.384161 1.26819515228
120.759259 1.36828589439
122.234897 1.46849298477
123.609963 1.36826992035
125.101743 1.31835603714
126.428032 1.31830811501
127.803025 1.3682038784
129.07835 1.26820397377
130.803951 1.71880292892
132.179056 1.36824703217
133.504478 1.31832003593
134.879642 1.36837482452
136.155288 1.26828598976
137.80454 1.51870298386
139.262369 1.41829895973
140.737472 1.46853303909
142.362348 1.61860799789
143.786792 1.41821789742
145.261346 1.46833515167
146.736385 1.46845602989
148.060685 1.31807303429
149.535229 1.46835398674
150.959902 1.41819381714
152.534593 1.56853508949
153.959036 1.41831898689
155.639646 1.46854400635
157.116256 1.46870398521
158.591697 1.46858692169
160.11694 1.51850295067
161.666733 1.41847300529
163.006576 1.31823587418
164.431871 1.41826200485
165.706981 1.26804804802
167.082157 1.36836004257
168.407501 1.31823682785
169.732621 1.31830811501
171.05776 1.31805610657
172.533108 1.46852016449
173.858619 1.31825613976
175.183709 1.31824493408
176.558928 1.36832904816
177.884258 1.31819009781
179.259504 1.36840796471
180.634972 1.36831021309
181.960183 1.31835412979
183.905072 1.71912908554
185.330846 1.41852498055
186.827438 1.31866884232
188.153818 1.31835913658
189.479691 1.31862306595
190.855373 1.36842107773
192.23066 1.36833500862
193.656939 1.41873598099
194.982816 1.31868100166
196.208497 1.2184278965
197.534657 1.31860899925
198.86047 1.31850886345
200.185819 1.31824111938
201.561196 1.36846089363
202.886743 1.3183889389
204.784749 1.46905398369
206.110352 1.31872105598
207.535389 1.41852402687
209.010034 1.46839094162
210.534993 1.51873278618
212.010081 1.46854615211
213.534808 1.51850891113
215.110184 1.56885504723
216.685908 1.56882691383
218.477918 1.56860089302
219.904391 1.41840219498
221.329548 1.41835904121
222.854842 1.51851582527
224.230313 1.3683719635
225.806164 1.56894087791
227.181748 1.36846995354
228.735433 1.31865715981
230.111262 1.36854887009
231.487572 1.36871194839
232.713124 1.21834087372
233.938444 1.2181789875
235.313812 1.36846995354
236.589338 1.26818609238
237.964723 1.36836290359
239.240551 1.26836490631
240.566038 1.31831121445
242.04159 1.46857786179
243.617599 1.56874394417
244.992923 1.36833405495
246.318661 1.31843805313
247.746428 1.41856098175
249.275707 1.318338871
251.035951 1.5187458992
252.311101 1.26821088791
253.63624 1.31826090813
254.961744 1.31825900078
256.33757 1.36862277985
257.713347 1.36858677864
259.089099 1.36841487885
260.414515 1.31850099564
261.790616 1.36866211891
263.1662 1.36844778061
264.491469 1.31824612617
265.867004 1.36830592155
267.192224 1.31825494766
268.518001 1.3185608387
269.843386 1.31837296486
271.21866 1.36832380295
272.696807 1.3183350563
274.072159 1.36843109131
275.399078 1.31837701797
276.72445 1.31837010384
278.050214 1.31848692894
279.579671 1.31828403473
281.106488 1.51868605614
282.331555 1.21811079979
283.756878 1.4183909893
285.082473 1.31842303276
286.458243 1.36855006218
287.784346 1.31849884987
289.109603 1.31832408905
290.384697 1.26816916466
291.710279 1.31825780869
293.721303 1.6690788269
295.346234 1.61867213249
296.771176 1.41843700409
298.345991 1.56850719452
299.920742 1.56855607033
301.445489 1.51848506927
302.970486 1.51849007607
304.294869 1.31812596321
305.819692 1.5185649395
307.394897 1.56868314743
308.819501 1.4183409214
310.504234 1.41857790947
312.181023 1.66876411438
313.556124 1.36822986603
314.931544 1.36829185486
316.506947 1.56856894493
317.99444 1.268201828
319.470274 1.46849298477
320.796317 1.31845903397
322.071536 1.26812601089
323.697124 1.61861205101
325.122841 1.41843295097
326.447878 1.3180501461
327.974111 1.51870083809
329.349392 1.36828589439
330.674485 1.3181540966
332.050066 1.3683359623
333.425452 1.368227005
334.902448 1.46848392487
336.277715 1.36828303337
337.603018 1.31834197044
338.928653 1.31831121445
340.872592 1.46851015091
342.199004 1.31814694405
343.474711 1.26845407486
344.850451 1.36849689484
346.225945 1.36837100983
347.651232 1.41833686829
349.026804 1.36834907532
350.402093 1.36830306053
351.727758 1.31841087341
353.052988 1.31825494766
354.378203 1.31826496124
355.603608 1.21814608574
356.979013 1.36838412285
358.305449 1.3187289238
359.631101 1.31846404076
361.007071 1.36859917641
362.995645 1.71972203255
364.32077 1.31853103638
365.695473 1.36824417114
367.170195 1.46841692924
368.645356 1.4686088562
370.06999 1.41833615303
371.76215 1.46848702431
373.438862 1.66862010956
374.914288 1.46852302551
376.440537 1.51877212524
377.965895 1.51849102974
379.441159 1.46834802628
380.866785 1.4184088707
382.342085 1.46837902069
383.968741 1.61865091324
385.343939 1.36832618713
386.791903 1.21831989288
388.066391 1.26817011833
389.441139 1.36841583252
390.716433 1.26855111122
391.991458 1.26835989952
393.165879 1.16810512543
394.440939 1.26844906807
395.765983 1.31835889816
397.240823 1.46854496002
398.716343 1.4689040184
400.141349 1.41841506958
401.51619 1.36850094795
402.99622 1.21818184853
404.422881 1.41848778725
405.698212 1.26844596863
407.224278 1.51883602142
408.84014 1.26824498177
410.166771 1.31836104393
411.491578 1.31844496727
412.967441 1.46897816658
414.209136 1.21823596954
415.385138 1.16845607758
416.561072 1.16853189468
417.837068 1.26859784126
419.063287 1.21844100952
420.340116 1.26946210861
421.616242 1.26845908165
422.991987 1.36851501465
424.168258 1.16866207123
425.443918 1.26842498779
426.719665 1.26833605766
427.845685 1.11841487885
429.743935 1.56878304482
430.938521 1.11807894707
432.114137 1.16824793816
433.424011 1.11822605133
434.500246 1.06804299355
435.675318 1.16808509827
436.750379 1.06807398796
437.825991 1.06819105148
439.051359 1.21829104424
440.22697 1.16834783554
441.352012 1.11796593666
442.577382 1.21833491325
443.753471 1.16842794418
444.978969 1.21837496758
446.154933 1.16838312149
447.280086 1.11808085442
448.442587 1.0681180954
449.518567 1.06818008423
450.593817 1.06805491447
451.668965 1.06809902191
452.744346 1.06790804863
453.952464 1.16823410988
455.078733 1.11850976944
456.404257 1.31845712662
457.629538 1.21823096275
458.805372 1.1682870388
459.881027 1.06826210022
461.056601 1.16821694374
462.281861 1.2181968689
463.457045 1.16811203957
464.758269 1.06815505028
465.934842 1.16833591461
467.407295 1.36871886253
468.583598 1.16848778725
469.759334 1.16833400726
470.957605 1.16830897331
472.182896 1.21814608574
473.309188 1.11852192879
474.535318 1.21851205826
475.761004 1.21834588051
476.887083 1.11825799942
478.012338 1.11816096306
479.13748 1.11806297302
480.363182 1.21821093559
481.538408 1.16817688942
482.71461 1.16843008995
483.839706 1.11802911758
485.015113 1.16830897331
486.323504 1.21819591522
487.599572 1.26831483841
488.774896 1.16813516617
490.050612 1.26832580566
491.276051 1.21832990646
492.551409 1.26826190948
493.777256 1.21844887733
495.135473 1.11800289154
496.311976 1.16805291176
497.587455 1.26837706566
498.813182 1.21833992004
500.114021 1.26856708527
501.239763 1.11831521988
502.415599 1.16823887825
503.440758 1.01804184914
504.61618 1.16832709312
505.931061 1.21845507622
507.106771 1.16832590103
508.282642 1.16845917702
509.408848 1.11845088005
510.484715 1.06830096245
511.760667 1.26855802536
512.836317 1.06823992729
514.061694 1.2182970047
515.137201 1.06807899475
516.262473 1.11812710762
517.337807 1.06819200516
518.513408 1.16821599007
519.688632 1.16814398766
520.864343 1.16830086708
521.989667 1.11822390556
523.114861 1.1180729866
524.65314 1.31847715378
525.989206 1.11824178696
527.267401 1.26835083961
528.365321 1.06796002388
529.440767 1.06801891327
530.565876 1.11801791191
531.691127 1.11820292473
532.816572 1.11808896065
533.891922 1.06798791885
535.017501 1.11821198463
536.142689 1.11802792549
537.217812 1.06801700592
538.343293 1.11810207367
539.568598 1.21819806099
540.744239 1.16827511787
541.819348 1.06802582741
543.522453 1.46848607063
544.547396 1.01780295372
545.622869 1.06804299355
546.697975 1.06802105904
547.823519 1.11811900139
548.898562 1.0679101944
549.973579 1.06790280342
551.349404 1.36838102341
552.574667 1.21813297272
553.850544 1.26846408844
554.925678 1.06797790527
556.274582 1.11816215515
557.352058 1.06800317764
558.527273 1.16809797287
559.602949 1.06823205948
560.699969 1.06809401512
562.340613 1.46867108345
563.365119 1.01791787148
564.390347 1.01780080795
565.565663 1.16817808151
566.690837 1.11802482605
567.866459 1.16811919212
568.94157 1.0679910183
570.017158 1.06811904907
571.292607 1.26823806763
572.418073 1.11810398102
573.543567 1.1180229187
574.618706 1.06793785095
575.644248 1.01808691025
576.769533 1.11812400818
577.916052 1.11805701256
579.024284 1.01806402206
580.149753 1.11803007126
581.27527 1.11818885803
582.350458 1.06800222397
583.475984 1.11799001694
584.551189 1.06801986694
585.576713 1.01803207397
586.91371 1.06800913811
588.090473 1.1683781147
589.165696 1.06805896759
590.290916 1.11805796623
591.366421 1.06808614731
592.441596 1.0679769516
593.567699 1.11821222305
594.724779 1.11807203293
595.849973 1.11800003052
597.345389 1.26835298538
598.519999 1.16810798645
599.844684 1.31821417809
601.069776 1.21834397316
602.294506 1.21823620796
603.520086 1.21853709221
604.594567 1.06796908379
605.719056 1.1180100441
606.944198 1.21839785576
608.118798 1.16809821129
609.39355 1.2682158947
610.668597 1.2682518959
611.893385 1.21825003624
613.068491 1.16833806038
614.193586 1.11813521385
615.418207 1.21812701225
616.577073 1.0681078434
618.067751 1.26849293709
619.194232 1.11818504333
620.420203 1.2184548378
621.645616 1.21828103065
622.72118 1.06804609299
623.946602 1.21820807457
625.07243 1.11835813522
626.297836 1.21819210052
627.373102 1.06803202629
628.549092 1.16813111305
629.724337 1.16803407669
630.823929 1.06808686256
631.899196 1.06802606583
632.974903 1.06823992729
634.20065 1.21824789047
635.41141 1.11803507805
636.487039 1.0679910183
637.662336 1.16808199883
638.888702 1.21823596954
640.014018 1.11815309525
641.13962 1.11806702614
642.164709 1.01787304878
643.340125 1.16816997528
644.565894 1.21825814247
645.591026 1.01789903641
646.766697 1.1681599617
647.915712 1.11820602417
649.343423 1.16813778877
650.470073 1.11822009087
651.545259 1.0679500103
652.720599 1.16815590858
654.494446 1.41849112511
655.770145 1.26844501495
657.044865 1.26819896698
658.219481 1.16806387901
659.497253 1.26846504211
660.572621 1.06812691689
661.698045 1.11820483208
662.940007 1.21826195717
664.115571 1.16817903519
665.240888 1.1180639267
666.316268 1.06809306145
667.541977 1.21823501587
668.667347 1.11813306808
669.843025 1.16820311546
671.102442 1.21825504303
672.127805 1.01783490181
673.837199 1.36859989166
675.113126 1.2683570385
676.321941 1.16829395294
677.447606 1.11823511124
678.723142 1.26824712753
679.977064 1.06806588173
681.153788 1.16831183434
682.229052 1.06801104546
683.304192 1.06787586212
684.480325 1.16817998886
685.705767 1.21821689606
686.98161 1.26833105087
688.056867 1.06800603867
689.182065 1.11800003052
690.20772 1.01801800728
691.595894 1.21847200394
692.671342 1.06809997559
693.972315 1.26822710037
695.148029 1.16821694374
696.273257 1.11799001694
697.39895 1.1181640625
698.474304 1.06809520721
699.601431 1.11819601059
700.827564 1.21850609779
701.902922 1.06809782982
703.02889 1.11825108528
704.154743 1.11830496788
705.331342 1.16857194901
706.406643 1.06801700592
707.431795 1.01790785789
708.507516 1.06813192368
709.956476 1.21834301949
711.257551 1.068100214
712.484511 1.21829009056
713.760379 1.26849007607
714.836758 1.06838703156
715.962847 1.11844110489
717.088725 1.11828112602
718.315015 1.21843290329
719.540639 1.21826410294
720.716692 1.16835403442
721.842162 1.11821508408
723.0015 1.11830687523
724.177265 1.16816902161
725.302778 1.11822295189
726.478682 1.16827201843
727.554003 1.06804990768
728.755984 1.0180079937
729.831483 1.06811594963
731.007353 1.16832089424
732.182882 1.16825079918
733.258256 1.06803703308
734.33389 1.06805419922
735.459909 1.11833310127
736.686479 1.21857213974
737.861962 1.16814112663
739.087425 1.21808409691
740.213493 1.11850404739
741.583125 1.11824989319
742.659925 1.06825709343
743.835452 1.16824889183
744.96137 1.1182038784
746.136845 1.16813802719
747.600898 1.21847295761
748.67615 1.06794381142
749.901626 1.21816515923
750.978743 1.06807994843
752.154207 1.16812992096
753.279999 1.11816382408
754.405453 1.11810302734
755.580991 1.16820597649
756.706758 1.11810708046
757.864474 1.11809110641
759.040487 1.1683678627
760.366085 1.31831216812
761.491597 1.11815094948
762.667471 1.16816210747
763.793005 1.11816692352
764.919316 1.11827111244
766.485025 1.36864900589
767.910462 1.41857099533
768.935826 1.01798200607
769.961482 1.017993927
770.936954 0.968030929565
772.316637 1.16833496094
773.343282 1.01796197891
774.441821 1.06803393364
775.467553 1.01808094978
776.993616 1.51880407333
778.519425 1.51854300499
779.734505 1.16832304001
781.210352 1.46860694885
782.236326 1.01825714111
783.662065 1.41845798492
784.803511 1.01810407639
785.828996 1.018034935
786.854232 1.01785492897
787.930243 1.06813287735
789.005768 1.06813907623
789.981135 0.967919111252
791.006929 1.01801490784
792.032456 1.01809501648
793.058203 1.01806688309
794.033496 0.967928886414
795.147022 1.06810808182
796.122622 0.967936992645
797.197976 1.06798887253
798.174096 0.967976093292
799.249495 1.06802892685
800.324884 1.06794404984
801.450383 1.01809310913
802.699671 1.0179169178
803.826139 1.11805796623
804.951963 1.11807203293
806.077661 1.11811900139
807.203022 1.11807990074
808.278903 1.06795096397
809.354302 1.06810212135
810.379518 1.01792311668
811.421974 1.01799297333
812.447091 1.0177989006
813.523686 1.06860089302
814.69916 1.16812396049
815.775101 1.06827282906
816.947811 1.11809206009
818.023143 1.06800413132
819.186562 1.06806182861
820.262289 1.06809902191
821.287711 1.01810288429
822.41411 1.11874604225
823.439394 1.01792383194
824.515222 1.06817984581
825.691171 1.16832304001
826.766515 1.06799197197
827.892493 1.118268013
828.917752 1.01796197891
830.093432 1.1682870388
831.119633 1.01817107201
832.245056 1.11805701256
833.50121 1.01800107956
834.628047 1.11818814278
835.753473 1.11803507805
836.874589 1.0180709362
838.050131 1.16814398766
839.075743 1.01793193817
840.151065 1.06795477867
841.376908 1.2184009552
842.352486 0.967839002609
843.527964 1.16807508469
844.585201 1.01817989349
845.760736 1.16820192337
846.836063 1.06792807579
847.861271 1.01786804199
849.037849 1.16838312149
850.163292 1.11808919907
851.138937 0.967932939529
852.264482 1.11819887161
853.340338 1.06832003593
