2.047735 1.46823215485
3.674015 1.61855196953
5.049014 1.36810302734
6.524104 1.4683110714
8.098954 1.56841802597
9.373899 1.26815795898
10.7992 1.41824603081
12.123604 1.31821393967
13.599218 1.46858787537
15.174592 1.56849694252
16.649825 1.46838903427
18.175375 1.51845121384
19.750171 1.56856799126
21.32494 1.56852197647
22.800428 1.4684548378
24.475379 1.66870903969
25.814897 1.21815896034
27.090491 1.26834011078
28.365596 1.26822900772
29.591044 1.21823310852
30.916189 1.3183028698
32.46333 1.36850714684
33.789634 1.31836891174
35.114852 1.31846499443
36.390583 1.26870703697
37.615624 1.21829080582
38.940668 1.31827902794
40.216207 1.26841211319
41.541392 1.31846499443
42.817247 1.26834392548
44.142333 1.31835412979
45.367379 1.21829795837
47.055106 1.61893391609
48.579984 1.51862502098
49.954619 1.36845898628
51.42911 1.46827411652
52.904112 1.46853899956
54.278604 1.36831903458
55.653108 1.36831998825
57.178307 1.51865506172
58.552984 1.36852002144
59.927469 1.3683359623
61.251913 1.31827688217
62.876461 1.41872406006
64.452858 1.56863903999
66.078283 1.61868190765
67.653693 1.56869101524
69.079163 1.41842794418
70.42894 1.21827197075
71.804336 1.36836504936
73.029334 1.21824502945
74.326493 1.26841521263
75.551518 1.21826815605
76.826589 1.26828694344
78.051655 1.21828794479
79.327193 1.26832604408
80.602248 1.26832103729
81.877655 1.26833200455
83.252963 1.36852097511
84.527989 1.26821613312
85.753338 1.218282938
87.028566 1.26843190193
88.304197 1.26835489273
89.579349 1.26832890511
91.21828 1.51880192757
92.793134 1.56865382195
94.301824 1.31853199005
95.828547 1.51874804497
97.354124 1.51866388321
98.629669 1.26842498779
100.054919 1.41847300529
101.580294 1.51858711243
103.006158 1.41871404648
104.381484 1.36852693558
105.857239 1.46863102913
107.282504 1.4184691906
108.757921 1.46857094765
110.233722 1.46860599518
111.709064 1.46856808662
113.235017 1.51886296272
114.629598 1.26840209961
115.855198 1.21845984459
117.080338 1.2183380127
118.334541 1.21839404106
119.559736 1.21830201149
120.83497 1.26838994026
122.110615 1.268460989
123.385906 1.26840901375
124.880576 1.26872205734
126.107011 1.21832299232
127.332274 1.21841788292
128.708947 1.36854314804
129.934246 1.21847105026
131.159319 1.21829009056
132.3849 1.21849989891
133.660226 1.26845908165
135.002496 1.21825909615
136.177794 1.16816496849
137.402985 1.21828007698
138.629156 1.21842694283
139.85443 1.21834015846
141.079546 1.21828103065
142.30482 1.21839284897
143.530496 1.21844387054
144.905804 1.36837983131
146.131437 1.21846604347
147.306491 1.16808915138
148.581682 1.26835179329
149.85735 1.2682929039
151.182595 1.31834602356
152.508204 1.31845498085
153.733435 1.21835899353
155.330537 1.21841216087
156.506547 1.16839694977
157.781763 1.26838302612
159.057133 1.26829910278
160.332437 1.26829695702
161.607971 1.26842713356
162.933465 1.31863808632
164.158923 1.21835589409
165.384113 1.21830010414
166.659327 1.26835179329
167.884695 1.21820998192
169.109851 1.21825408936
170.384986 1.268253088
171.660729 1.26848483086
172.885917 1.21829795837
174.161544 1.2683069706
175.547121 1.26823115349
176.772589 1.21833586693
178.047787 1.26831698418
179.323286 1.2683839798
180.598437 1.26830601692
181.824444 1.21845793724
183.099653 1.26836395264
184.374953 1.26841306686
185.822377 1.21839499474
187.149127 1.31873393059
188.324154 1.16817593575
189.499231 1.16818714142
190.824753 1.31840801239
192.100043 1.26841115952
193.275412 1.16823101044
194.500526 1.21829485893
