1.906133 1.61832499504
3.345631 1.41842985153
4.770066 1.41813015938
6.044769 1.26792693138
7.419893 1.36825299263
9.044796 1.61823010445
10.419756 1.36807799339
11.944108 1.51814889908
13.368287 1.41807389259
14.592824 1.21813797951
15.867304 1.26777791977
16.991073 1.11763119698
18.409469 1.36812901497
19.784258 1.36796498299
21.359427 1.56825780869
22.884292 1.51814007759
24.307683 1.36822605133
25.832109 1.51825690269
27.306544 1.46828389168
28.781273 1.46833205223
30.405727 1.61832904816
32.109752 1.46830415726
33.28542 1.16789793968
34.660087 1.36812114716
36.135161 1.4682199955
37.560025 1.41825199127
38.834614 1.26796889305
40.209566 1.36809802055
41.734547 1.51835513115
43.159808 1.41841197014
44.384522 1.21811485291
45.709302 1.31814312935
47.282985 1.3683359623
48.708155 1.41872811317
49.982953 1.2681210041
51.357901 1.36826109886
52.683039 1.31817507744
53.90784 1.21809506416
55.032454 1.11793780327
56.206792 1.16796398163
57.531706 1.31821990013
58.806926 1.26823401451
60.031657 1.21806311607
61.205714 1.16792201996
62.541863 1.01789498329
63.821352 1.21817588806
65.469486 1.4685189724
66.393872 0.917709827423
67.619145 1.2182469368
68.967969 1.31835699081
70.393499 1.41856312752
71.568524 1.16826081276
73.143796 1.56858992577
74.352288 1.16820597649
75.627222 1.26823210716
76.751261 1.11789298058
77.826368 1.06814098358
78.900962 1.06788492203
80.773148 1.71893405914
81.747499 0.967666864395
83.072697 1.31821584702
84.047127 0.967685937881
85.044324 0.967797040939
86.269042 1.21801900864
87.393536 1.11782693863
88.468393 1.06777000427
89.993417 1.51828885078
91.168571 1.16807794571
92.393327 1.21803998947
93.618688 1.01798200607
94.645726 1.01795101166
95.98024 1.01782608032
97.20481 1.21817517281
98.679327 1.46844816208
100.103799 1.41840195656
101.178786 1.06795716286
102.190717 0.967755079269
103.365886 1.16812801361
104.190147 0.817524194717
105.465063 1.26818799973
106.539415 1.06797003746
107.589369 0.967818975449
108.714505 1.11799478531
109.88938 1.16810202599
111.114604 1.21814012527
112.289712 1.16834402084
113.497312 0.967761039734
114.672731 1.16822981834
115.747442 1.06790590286
116.671873 0.917650938034
117.596383 0.91769194603
118.605384 0.967800140381
119.630156 1.01800894737
120.70539 1.06811594963
121.830307 1.11816000938
122.954994 1.11791992188
124.336392 1.01796102524
125.412341 1.06813907623
126.587237 1.1681201458
127.863004 1.26847100258
128.937793 1.06797909737
129.962856 1.01801300049
131.557779 1.41852879524
132.582545 1.01778101921
133.707386 1.11806797981
134.732408 1.01800298691
135.656893 0.917707920074
136.932197 1.26824188232
138.475247 1.36861109734
139.44942 0.967918872833
140.473703 1.01792001724
141.498393 1.0179169178
142.496919 0.917905092239
143.622068 1.11811995506
144.797067 1.16817593575
145.821638 1.01777601242
146.984747 1.11806797981
148.641785 1.41851687431
149.816046 1.16801381111
151.391197 1.5687057972
152.965901 1.56850099564
154.490448 1.51841115952
156.450212 1.51847887039
157.659707 1.16825795174
159.235063 1.56855988503
160.760409 1.51861000061
162.135809 1.36837100983
163.593919 1.41838407516
165.11962 1.51860117912
166.6448 1.51843094826
167.969979 1.31850409508
169.395445 1.41848301888
171.020749 1.61859798431
172.509297 1.26821613312
173.684377 1.16815400124
174.759338 1.06805896759
175.910262 1.067923069
177.086119 1.16822886467
178.21104 1.11809015274
179.586652 1.36840319633
180.811699 1.21817398071
181.986654 1.16809988022
