1.906386 1.56878995895
3.382683 1.46842813492
4.756893 1.36792612076
6.131027 1.36800813675
7.806772 1.66877889633
9.382365 1.56858611107
10.95733 1.56852006912
12.532455 1.56869387627
14.057743 1.51851511002
15.583514 1.51854419708
16.858186 1.26826095581
18.433729 1.56854891777
19.80853 1.36811208725
21.103127 1.26824212074
22.728944 1.61874604225
24.25392 1.51855587959
25.828419 1.51855492592
27.503365 1.66867208481
28.927938 1.41834306717
30.202889 1.26821422577
31.65281 1.26865100861
32.828758 1.16806602478
34.003233 1.1678621769
35.478509 1.46838998795
36.803273 1.31815195084
38.56152 1.71880698204
40.187141 1.6186299324
41.611978 1.41826987267
43.187435 1.56852889061
44.76261 1.56860399246
46.387745 1.61850118637
47.963057 1.56837201118
49.359338 1.16836190224
50.684439 1.31823611259
52.109366 1.41829991341
53.183154 1.06770205498
54.49577 1.26801204681
55.971474 1.46878099442
57.399189 1.41863203049
58.774705 1.36846899986
59.900071 1.11836099625
61.125713 1.21828603745
62.533646 1.21842885017
63.760495 1.21842479706
65.52903 1.56866002083
66.753212 1.21802592278
68.278013 1.51861691475
69.603559 1.31876087189
71.028234 1.41853904724
72.552757 1.51839590073
73.7791 1.21836304665
75.204382 1.41880893707
76.379335 1.16847300529
77.855281 1.46903800964
79.080267 1.21847200394
80.655565 1.56886410713
82.145708 1.46882510185
83.571283 1.4188349247
85.146882 1.5691819191
86.72219 1.56892895699
88.532605 1.51889681816
90.157935 1.61896896362
91.533241 1.36869502068
92.968535 1.21863293648
94.345589 1.36876106262
95.621034 1.26848697662
96.896923 1.26857590675
98.573016 1.66911005974
100.048655 1.46871900558
101.524593 1.46866083145
103.150364 1.6187851429
104.528261 1.36864900589
106.154139 1.61889004707
107.379674 1.21854090691
108.955787 1.56879401207
110.481806 1.51888895035
112.351484 1.66898107529
113.325591 0.967844963074
114.600108 1.26829409599
115.975884 1.36866307259
117.301916 1.3185801506
118.326084 1.01799082756
119.251037 0.917843103409
120.526211 1.26828694344
121.701697 1.16837882996
123.027835 1.31867790222
124.393208 1.11849379539
125.369018 0.967890024185
126.594111 1.21832489967
128.585985 1.61918592453
129.860454 1.26837611198
131.334977 1.46845602989
132.810721 1.46878099442
133.934899 1.11797785759
135.061724 1.1181678772
136.336808 1.2682800293
137.611952 1.26835584641
138.787199 1.16812300682
139.612205 0.817919015884
140.821962 1.11849999428
141.847468 1.01801204681
143.02276 1.16831684113
144.098787 1.06805086136
145.259519 1.11825203896
146.134095 0.867730140686
147.159778 1.0180990696
148.185167 1.01825809479
149.160307 0.96800994873
150.236351 1.06837916374
151.343802 0.967958927155
152.719987 1.36871504784
153.745258 1.01814699173
154.934007 0.96791100502
155.959863 1.0179901123
156.885046 0.918030977249
158.010481 1.11827397346
159.086358 1.06841182709
160.061551 0.968075037003
161.229239 1.06823587418
162.25567 1.01822400093
163.230329 0.967841148376
164.155375 0.917911052704
165.381052 1.21854305267
166.589821 1.1187479496
167.56494 0.968086957932
168.539895 0.967967987061
169.716644 1.16926407814
170.742053 1.01817893982
171.868798 1.11830615997
173.044325 1.16845202446
174.370612 1.3187391758
175.372934 0.918021917343
176.598714 1.2185549736
177.79952 1.16846108437
179.105139 1.21857714653
180.281119 1.16842603683
181.406673 1.118309021
182.58276 1.16854310036
183.631583 1.01816296577
184.834554 1.11821389198
186.167188 1.01824116707
187.39336 1.21830701828
188.518365 1.11816501617
189.594115 1.06821894646
190.852748 1.16850018501
191.978762 1.11818695068
193.053686 1.06796002388
194.279745 1.21852993965
195.455328 1.16838502884
196.559119 1.01841592789
197.785044 1.21867585182
199.311056 1.51874709129
200.974083 1.46884799004
202.149607 1.1683151722
203.275395 1.11830306053
204.500979 1.2183599472
205.576266 1.06811404228
206.752089 1.16830205917
208.028097 1.268846035
209.58219 1.36841583252
210.744035 1.1184220314
211.869489 1.11824607849
213.145225 1.26849007607
214.471765 1.31891703606
215.875815 1.21846008301
217.241981 1.1185438633
218.4188 1.16843509674
219.594487 1.16841506958
220.958568 1.16819691658
222.084745 1.11849403381
223.310586 1.21860194206
224.38625 1.06840610504
225.69103 1.21833300591
226.967097 1.2685379982
228.192674 1.21829485893
229.418788 1.21848297119
230.544422 1.11827802658
232.072385 1.3187930584
233.598554 1.51893115044
234.704059 1.01829600334
236.206006 1.41872096062
237.347691 1.11811494827
238.672843 1.31828403473
239.848422 1.16834616661
241.235588 1.21827507019
242.400033 1.11791992188
243.626525 1.21858000755
245.527278 1.66906785965
246.702767 1.16832494736
248.041895 1.16860485077
249.220524 1.06846189499
250.596536 1.36875796318
251.72246 1.11831593513
252.87684 1.06830406189
254.002515 1.11813783646
255.315353 1.21855807304
256.390866 1.06826496124
258.015159 1.46904492378
259.290858 1.26833200455
260.616582 1.31843900681
261.742338 1.11845016479
263.298812 1.31858611107
264.573827 1.26847290993
265.799736 1.21846795082
266.961355 1.06843495369
268.216384 1.16848707199
269.342119 1.11839294434
270.695215 1.26854491234
271.821363 1.11844992638
273.147166 1.31849884987
274.301241 1.06826806068
275.527668 1.21875882149
276.971745 1.26870894432
278.509979 1.36888217926
279.837105 1.3186788559
281.313521 1.46926903725
282.839573 1.51890611649
284.165829 1.31875801086
285.641828 1.46883821487
286.767846 1.11846899986
288.093329 1.31855916977
289.619084 1.51872611046
291.195151 1.56873607635
292.67107 1.46876096725
293.997217 1.31867218018
295.322986 1.31856608391
296.899163 1.56891798973
298.527127 1.61916613579
299.843291 1.16854596138
301.019435 1.1684679985
302.095132 1.06828212738
303.400781 1.21848893166
304.526365 1.1182808876
305.902704 1.36870193481
307.028399 1.11835694313
308.298145 1.16856598854
309.850119 1.21827697754
310.976124 1.11803793907
312.205166 1.11820793152
313.535803 1.1681368351
314.811357 1.26818704605
315.936286 1.11799407005
317.111546 1.16806077957
318.236451 1.11802220345
319.488178 1.16808891296
320.663492 1.16812109947
321.788371 1.11796808243
323.281628 1.31829810143
324.406716 1.11812591553
325.661821 1.16836905479
326.737421 1.0681989193
328.078113 1.21857500076
329.500093 1.26838088036
330.725291 1.21821904182
332.301282 1.56881904602
333.710739 1.16860294342
335.127741 1.11848592758
336.20338 1.06828188896
337.855751 1.46889615059
339.056674 1.11848807335
340.547903 1.31851887703
341.67471 1.11831402779
342.900446 1.2184150219
344.01612 1.06827306747
345.242096 1.21832990646
346.621297 1.26870918274
347.647481 1.01852011681
349.002269 1.26885604858
350.127757 1.11816000938
351.303218 1.16819500923
352.852703 1.3188688755
354.20794 1.26866006851
355.426351 1.16838502884
356.65249 1.21855187416
358.062286 1.31866693497
359.18836 1.11836791039
360.414136 1.21845197678
361.590237 1.16835784912
