2, 0, 0.0028751373291, 4.43606326391e-05
2, 1, 0.00286492109299, 4.05627208422e-05
4, 2, 0.00293461084366, 5.12700999644e-05
2, 3, 0.00282788276672, 3.50400696166e-05
2, 4, 0.00288890600204, 5.39381910911e-05
4, 5, 0.00290856361389, 4.42305599133e-05
2, 6, 0.0028010725975, 4.32271014797e-05
2, 7, 0.0028923869133, 4.39763359984e-05
2, 8, 0.00287772417068, 3.89565653157e-05
2, 9, 0.0028946518898, 5.02723241676e-05
4, 10, 0.00289747714996, 3.25092191247e-05
4, 11, 0.0029200553894, 4.65268466243e-05
4, 12, 0.0029420375824, 4.97988214101e-05
4, 13, 0.00290098190308, 2.8084696637e-05
4, 14, 0.00290896892548, 3.60526339664e-05
2, 15, 0.0028050661087, 2.19802147029e-05
2, 16, 0.00286103487015, 3.44755635545e-05
2, 17, 0.00282399654388, 2.57904662594e-05
2, 18, 0.00276794433594, 4.73341886863e-05
2, 19, 0.00282011032104, 4.25990288845e-05
2, 20, 0.00285935401917, 2.78359179257e-05
4, 21, 0.00291796922684, 3.87070397057e-05
2, 22, 0.00284564495087, 4.45345547824e-05
2, 23, 0.00289881229401, 5.04096887842e-05
2, 24, 0.00282509326935, 2.72662787957e-05
4, 25, 0.00292041301727, 3.79458654669e-05
4, 26, 0.0029797077179, 4.48536639048e-05
2, 27, 0.00280519723892, 2.63361650851e-05
2, 28, 0.00284553766251, 4.54505783162e-05
4, 29, 0.00292272567749, 5.36514171377e-05
4, 30, 0.00289903879166, 4.09077563501e-05
2, 31, 0.00287272930145, 4.03316510239e-05
4, 32, 0.0029200553894, 3.32593832397e-05
4, 33, 0.00292222499847, 4.08701951715e-05
2, 34, 0.00282596349716, 2.57949152972e-05
2, 35, 0.00287034511566, 4.2976620427e-05
2, 36, 0.00285558700562, 4.45311786054e-05
4, 37, 0.00291200876236, 2.9764272718e-05
2, 38, 0.00288513898849, 2.67438568839e-05
4, 39, 0.00292788743973, 3.56515485546e-05
2, 40, 0.00290555953979, 4.72741177967e-05
2, 41, 0.00282386541367, 4.54630082188e-05
2, 42, 0.00284450054169, 4.00178394038e-05
2, 43, 0.00281947851181, 4.19351018845e-05
2, 44, 0.00285049676895, 5.77960900029e-05
2, 45, 0.00282117128372, 3.55586164475e-05
4, 46, 0.00288977622986, 2.18401569239e-05
4, 47, 0.00291092395783, 3.25156181216e-05
2, 48, 0.00289318561554, 4.08334468782e-05
2, 49, 0.00285276174545, 3.59801422642e-05
2, 50, 0.00285427570343, 4.48664935647e-05
4, 51, 0.00292847156525, 5.742987914e-05
2, 52, 0.00287570953369, 2.27839360852e-05
2, 53, 0.00280793905258, 3.68917814833e-05
2, 54, 0.00285098552704, 3.05473566056e-05
2, 55, 0.00283313989639, 3.74347900391e-05
2, 56, 0.00287206172943, 4.73787629564e-05
2, 57, 0.00283426046372, 3.61805103526e-05
4, 58, 0.00290826559067, 3.03623299042e-05
2, 59, 0.00292658805847, 5.07655807303e-05
2, 60, 0.00284801721573, 4.60179033228e-05
2, 61, 0.00286577939987, 2.54962419545e-05
4, 62, 0.00292340517044, 4.47337223144e-05
2, 63, 0.002865421772, 2.92493517126e-05
2, 64, 0.00284035205841, 4.77089278802e-05
4, 65, 0.0029102563858, 4.7220934837e-05
2, 66, 0.00283052921295, 3.69270204312e-05
2, 67, 0.00288552045822, 5.07035591457e-05
4, 68, 0.0029300570488, 4.6170635053e-05
2, 69, 0.00287066698074, 2.98101867781e-05
2, 70, 0.00287888050079, 4.42086103314e-05
4, 71, 0.00294802188873, 4.94911776575e-05
2, 72, 0.00284614562988, 5.11368336517e-05
2, 73, 0.00291134119034, 4.38551177811e-05
2, 74, 0.00287066698074, 5.25506391508e-05
2, 75, 0.00287791490555, 3.61200822839e-05
2, 76, 0.00286071300507, 4.29612880719e-05
4, 77, 0.00292137861252, 5.38697942244e-05
2, 78, 0.002851998806, 6.88937403336e-05
2, 79, 0.0028368473053, 3.14092748311e-05
2, 80, 0.00285757780075, 4.9807773942e-05
4, 81, 0.0029215335846, 4.74886839618e-05
2, 82, 0.00288103818893, 5.37093865606e-05
2, 83, 0.00287201404572, 4.75777939712e-05
4, 84, 0.00293921232224, 6.1872146671e-05
2, 85, 0.00285453796387, 5.03100262773e-05
2, 86, 0.0028534412384, 4.06776333997e-05
2, 87, 0.00289858579636, 3.96514880763e-05
2, 88, 0.00283621549606, 3.56229172837e-05
2, 89, 0.0028208732605, 3.30392067623e-05
2, 90, 0.00293184518814, 4.50808791421e-05
2, 91, 0.00292565822601, 6.3886121236e-05
4, 92, 0.00292528867722, 5.11257206685e-05
4, 93, 0.00289483070374, 3.8898383916e-05
4, 94, 0.00296007394791, 5.75255898541e-05
2, 95, 0.00291409492493, 4.05039696095e-05
2, 96, 0.00289705991745, 3.8206253705e-05
4, 97, 0.00293245315552, 4.15149940829e-05
2, 98, 0.00282526016235, 5.44930685219e-05
4, 99, 0.00295057296753, 6.77760492226e-05
2, 100, 0.00284961462021, 3.34263591887e-05
4, 101, 0.00291049480438, 3.47984555668e-05
2, 102, 0.00287668704987, 4.37097469946e-05
2, 103, 0.00290026664734, 5.27817703875e-05
4, 104, 0.00293682813644, 5.43830884428e-05
4, 105, 0.00294173955917, 3.35168932636e-05
2, 106, 0.00289165973663, 4.56860328982e-05
2, 107, 0.00292785167694, 8.54991795781e-05
2, 108, 0.00286412239075, 3.91103133604e-05
4, 109, 0.00292239189148, 4.46328495206e-05
2, 110, 0.00288302898407, 4.24381789179e-05
2, 111, 0.00290186405182, 4.20367249707e-05
4, 112, 0.00291049480438, 4.94778870723e-05
4, 113, 0.00287408828735, 2.19028181766e-05
4, 114, 0.00288212299347, 4.601426075e-05
2, 115, 0.00288736820221, 5.44226377308e-05
4, 116, 0.00291218757629, 4.88399979187e-05
4, 117, 0.00295517444611, 3.77049692473e-05
2, 118, 0.00284272432327, 2.67186155748e-05
2, 119, 0.00290179252624, 3.71089155362e-05
4, 120, 0.00294405221939, 7.17143854862e-05
2, 121, 0.00291604995728, 5.11549605448e-05
4, 122, 0.00292239189148, 4.90050468024e-05
2, 123, 0.0029088139534, 4.21290065022e-05
2, 124, 0.00285532474518, 3.84202422798e-05
2, 125, 0.00285444259643, 4.60129574433e-05
2, 126, 0.00288016796112, 5.85654311452e-05
4, 127, 0.00292848348618, 5.28036320167e-05
2, 128, 0.00285248756409, 5.47039259303e-05
4, 129, 0.00292150974274, 4.89300972959e-05
2, 130, 0.00284603834152, 5.26262380624e-05
2, 131, 0.00282024145126, 3.91593697854e-05
2, 132, 0.00289766788483, 5.2343554266e-05
2, 133, 0.00291965007782, 5.59942618529e-05
2, 134, 0.00291353464127, 4.65881052609e-05
2, 135, 0.00291166305542, 5.34973997448e-05
2, 136, 0.0028923034668, 3.17451987899e-05
4, 137, 0.00288761854172, 3.63939908718e-05
2, 138, 0.00283976793289, 3.70443917426e-05
2, 139, 0.00288726091385, 5.07339092671e-05
2, 140, 0.00291585922241, 5.21922720877e-05
2, 141, 0.00288134813309, 5.83093507596e-05
2, 142, 0.00285433530807, 4.3496428165e-05
2, 143, 0.00294681787491, 5.00249266677e-05
4, 144, 0.0029550075531, 5.40910545458e-05
2, 145, 0.00290118455887, 5.2927070608e-05
4, 146, 0.00294306278229, 5.1910897542e-05
2, 147, 0.00289630889893, 5.49874605748e-05
4, 148, 0.00293589830399, 4.38172534493e-05
2, 149, 0.0029171705246, 5.98947379808e-05
4, 150, 0.00292865037918, 5.7397572026e-05
2, 151, 0.00287127494812, 3.41769519631e-05
4, 152, 0.00291142463684, 4.7860022285e-05
4, 153, 0.00288207530975, 3.05099496401e-05
2, 154, 0.00284737348556, 3.64191598401e-05
2, 155, 0.00292671918869, 5.13153262703e-05
2, 156, 0.00295063257217, 5.28730103017e-05
2, 157, 0.00283567905426, 3.78850123041e-05
2, 158, 0.00287328958511, 4.20987044859e-05
2, 159, 0.00286153554916, 4.31125978663e-05
4, 160, 0.00290900468826, 4.95814852322e-05
4, 161, 0.00295844078064, 4.86166643408e-05
4, 162, 0.00292572975159, 4.1391923608e-05
4, 163, 0.00290735960007, 3.57202654618e-05
2, 164, 0.00286577939987, 4.51246748663e-05
2, 165, 0.00289031267166, 2.23103330422e-05
2, 166, 0.0029182434082, 6.36754386451e-05
4, 167, 0.00292258262634, 5.37301328619e-05
4, 168, 0.00293378829956, 4.9891137123e-05
4, 169, 0.00296633243561, 5.5459262084e-05
4, 170, 0.00289205312729, 3.67645217737e-05
2, 171, 0.00284909009934, 3.78423294526e-05
2, 172, 0.00292942523956, 4.06341016789e-05
2, 173, 0.00283447504044, 4.063643604e-05
2, 174, 0.0028184056282, 4.44519836142e-05
4, 175, 0.00288991928101, 4.96319455585e-05
2, 176, 0.00288960933685, 5.51729079959e-05
2, 177, 0.00290342569351, 5.75685974568e-05
4, 178, 0.0029040813446, 3.44727542905e-05
4, 179, 0.00293017625809, 4.95854174511e-05
2, 180, 0.00281443595886, 4.16468465681e-05
2, 181, 0.00280236005783, 4.15241035719e-05
2, 182, 0.00289335250855, 4.87319293942e-05
2, 183, 0.00292004346847, 3.32632348874e-05
2, 184, 0.00281633138656, 4.17388120652e-05
2, 185, 0.00283074378967, 3.68606997762e-05
4, 186, 0.00290895700455, 3.83474976668e-05
4, 187, 0.00292327404022, 4.9588938127e-05
4, 188, 0.00290951728821, 3.37868990694e-05
2, 189, 0.0029442191124, 3.59245041367e-05
2, 190, 0.0028520822525, 4.9415636866e-05
4, 191, 0.00289474725723, 3.47267504939e-05
2, 192, 0.00284782648087, 3.99855945841e-05
2, 193, 0.00286209583282, 4.01292891229e-05
4, 194, 0.00292258262634, 4.82031779932e-05
4, 195, 0.00291112661362, 3.46941449654e-05
4, 196, 0.00292439460754, 3.63238040839e-05
2, 197, 0.00289216041565, 2.70590277619e-05
2, 198, 0.00291417837143, 3.17993075784e-05
2, 199, 0.00283772945404, 4.35257326291e-05
2, 200, 0.00293358564377, 4.96323278025e-05
4, 201, 0.00295405387878, 5.57151929392e-05
4, 202, 0.00292171239853, 5.2196164169e-05
2, 203, 0.00285458564758, 3.38050305851e-05
4, 204, 0.00294636487961, 5.04734145043e-05
4, 205, 0.00290921926498, 3.98685680223e-05
2, 206, 0.00293498039246, 4.68122965049e-05
2, 207, 0.0028288602829, 4.52197715418e-05
2, 208, 0.00293694734573, 4.96295904825e-05
4, 209, 0.00292764902115, 4.91938752455e-05
2, 210, 0.00285313129425, 4.93516035016e-05
2, 211, 0.00285363197327, 2.80652190056e-05
2, 212, 0.00283532142639, 4.88640375619e-05
2, 213, 0.0028826713562, 3.52583596908e-05
2, 214, 0.00286121368408, 5.16328778093e-05
2, 215, 0.00288504362106, 4.72171653633e-05
2, 216, 0.00291464328766, 4.02380993215e-05
4, 217, 0.00291689634323, 4.50907636775e-05
4, 218, 0.00292994976044, 4.5169461638e-05
2, 219, 0.00291831493378, 4.82667858451e-05
2, 220, 0.00286802053452, 3.54211121878e-05
4, 221, 0.00292677879334, 4.91612866316e-05
2, 222, 0.00284557342529, 4.30981794442e-05
2, 223, 0.00290746688843, 4.30726506149e-05
2, 224, 0.00285089015961, 4.06352627563e-05
4, 225, 0.00290551185608, 4.49632662165e-05
4, 226, 0.0029065489769, 3.74490608905e-05
4, 227, 0.0029082775116, 4.35530515343e-05
2, 228, 0.00285123586655, 5.38617318922e-05
4, 229, 0.00293179750442, 4.87021685108e-05
4, 230, 0.00292235612869, 3.11026951352e-05
4, 231, 0.00291846990585, 5.69412489963e-05
4, 232, 0.002943110466, 5.24314980839e-05
2, 233, 0.00284075736999, 4.61778690871e-05
2, 234, 0.00289970636368, 5.28783102473e-05
2, 235, 0.00281572341919, 2.9239003666e-05
4, 236, 0.00289634466171, 4.03624610674e-05
2, 237, 0.00291004180908, 5.20784661222e-05
2, 238, 0.00294624567032, 6.66831864308e-05
2, 239, 0.00282443761826, 4.72891381649e-05
2, 240, 0.00285328626633, 5.42318408368e-05
2, 241, 0.00292674303055, 3.39932787983e-05
2, 242, 0.00284725427628, 4.53352708736e-05
2, 243, 0.00280892848969, 2.53640280608e-05
2, 244, 0.0028538107872, 5.76452972143e-05
4, 245, 0.00296878814697, 4.57900866172e-05
2, 246, 0.00286492109299, 3.82278207756e-05
2, 247, 0.00289051532745, 5.18655549018e-05
4, 248, 0.00290228128433, 4.40001132457e-05
2, 249, 0.00283499956131, 4.7628566024e-05
4, 250, 0.00293399095535, 4.49867161075e-05
2, 251, 0.00285047292709, 5.17536322268e-05
4, 252, 0.00292270183563, 4.11349855889e-05
4, 253, 0.00291383266449, 2.85280059413e-05
4, 254, 0.00291972160339, 3.27007921345e-05
2, 255, 0.00290443897247, 5.03551045486e-05
2, 256, 0.00283694267273, 1.93057226946e-05
2, 257, 0.00280493497849, 4.14434914151e-05
2, 258, 0.00286852121353, 5.61128889342e-05
2, 259, 0.00286942720413, 4.65788923887e-05
4, 260, 0.00291666984558, 3.72557848767e-05
4, 261, 0.00294880867004, 5.07836946277e-05
2, 262, 0.0028382062912, 4.48346185552e-05
2, 263, 0.00287352800369, 5.69230274356e-05
4, 264, 0.00290644168854, 4.3759422908e-05
2, 265, 0.00284967422485, 4.28623561097e-05
2, 266, 0.00286585092545, 3.70082066686e-05
2, 267, 0.0028524518013, 5.37056292808e-05
4, 268, 0.00295110940933, 4.79526253752e-05
2, 269, 0.00281039476395, 3.6135737549e-05
4, 270, 0.00290089845657, 5.36788656102e-05
2, 271, 0.00289161205292, 5.28721945685e-05
2, 272, 0.00283918380737, 4.76030860132e-05
2, 273, 0.00288140773773, 4.43152416858e-05
4, 274, 0.00295425653458, 5.08534855049e-05
2, 275, 0.00288773775101, 4.80508070285e-05
2, 276, 0.00282839536667, 4.5159920022e-05
2, 277, 0.00289833545685, 4.15176708329e-05
4, 278, 0.00290250778198, 4.55127891223e-05
4, 279, 0.00294349193573, 6.05394914231e-05
2, 280, 0.00291556119919, 5.20768001991e-05
4, 281, 0.00293172597885, 3.38865254103e-05
2, 282, 0.00291972160339, 5.10983691342e-05
4, 283, 0.00296734571457, 4.4442430251e-05
4, 284, 0.00291614532471, 4.93695511175e-05
2, 285, 0.00284879207611, 3.76562578849e-05
2, 286, 0.00288026332855, 4.82366275014e-05
2, 287, 0.00287461280823, 4.62906725039e-05
2, 288, 0.00288677215576, 4.09124475526e-05
2, 289, 0.00290620326996, 5.14787342738e-05
2, 290, 0.00291752815247, 5.17154574739e-05
2, 291, 0.00292439460754, 3.97102301378e-05
2, 292, 0.00286132097244, 3.98444366865e-05
2, 293, 0.00285893678665, 4.64181365107e-05
4, 294, 0.00292806625366, 4.64132822678e-05
2, 295, 0.00283287763596, 5.12930006955e-05
2, 296, 0.00284756422043, 4.01976464187e-05
2, 297, 0.00282213687897, 4.1871821327e-05
2, 298, 0.00281133651733, 3.52945188465e-05
2, 299, 0.00288302898407, 5.43325079325e-05
2, 300, 0.00281456708908, 3.46947184071e-05
4, 301, 0.00290477275848, 3.45868451107e-05
4, 302, 0.00291769504547, 3.57653378531e-05
4, 303, 0.00298418998718, 5.69526744337e-05
4, 304, 0.00295314788818, 2.78765666586e-05
2, 305, 0.00284187793732, 4.80755620202e-05
2, 306, 0.00290267467499, 4.14580431309e-05
2, 307, 0.00286860466003, 4.04626323125e-05
4, 308, 0.0029271364212, 3.02431970585e-05
2, 309, 0.0028431892395, 5.08194444526e-05
4, 310, 0.00294843912125, 4.5436868966e-05
4, 311, 0.00292679071426, 4.3460919554e-05
2, 312, 0.00289064645767, 4.30014114801e-05
2, 313, 0.0028859257698, 4.01097347912e-05
4, 314, 0.00292309522629, 6.25033881238e-05
2, 315, 0.00280582904816, 4.4110626672e-05
4, 316, 0.00292516946793, 3.785862386e-05
2, 317, 0.00287005901337, 5.06535351095e-05
2, 318, 0.00285019874573, 4.922211473e-05
2, 319, 0.00284916162491, 4.53053567924e-05
