1.231697 0.867486000061
1.807086 0.567132949829
2.730798 0.917526006699
3.905422 1.1678609848
4.479384 0.567047119141
5.052601 0.567028045654
6.123386 1.01773881912
7.097204 0.967638015747
8.772173 1.66873908043
10.047469 1.26808094978
12.374191 2.31999492645
12.898173 0.51700592041
13.571674 0.667320013046
14.144878 0.567043066025
14.769378 0.617527961731
15.343244 0.56707906723
15.942921 0.517030954361
16.517112 0.567140102386
17.040894 0.517013788223
17.615205 0.567232131958
18.139184 0.517107963562
20.065629 1.9193789959
20.589553 0.517096996307
22.816109 2.21977782249
23.340397 0.517107963562
25.566882 2.21967792511
26.091427 0.517123937607
26.665348 0.567142009735
27.189412 0.51710486412
29.416198 2.21970295906
29.990192 0.567160129547
30.514442 0.517117023468
31.373063 0.567277908325
31.948076 0.567274093628
34.32481 2.37001514435
34.849246 0.517416954041
35.724206 0.867999076843
36.998797 1.26821494102
37.573071 0.567279100418
38.096385 0.517157077789
38.670387 0.567231893539
39.194562 0.517163038254
39.768512 0.567234992981
40.342428 0.56717300415
40.916779 0.567300796509
41.997506 1.01789999008
42.521291 0.517256975174
43.395195 0.867707967758
43.918575 0.517146110535
44.491919 0.567185878754
45.416215 0.917819976807
46.035824 0.567234992981
46.6092 0.567217826843
47.182805 0.567169904709
48.857892 1.66893911362
49.631626 0.767565965652
51.106832 1.46867704391
53.182572 2.06957888603
53.755902 0.567190885544
54.4798 0.717412948608
55.053191 0.567188978195
55.942114 0.717489004135
56.516058 0.567337989807
57.137443 0.567216157913
57.661335 0.517056941986
58.185247 0.517358064651
60.362321 2.17006278038
60.886789 0.517339944839
61.582492 0.51726102829
63.541658 1.91956782341
64.065663 0.517214775085
64.789297 0.567442893982
65.363364 0.567262172699
65.887701 0.517321109772
66.461629 0.567171096802
67.035999 0.567285060883
68.082077 1.01798987389
68.656593 0.567372083664
69.23068 0.567284107208
69.804797 0.567234039307
70.379291 0.567367076874
70.953411 0.567283153534
71.578052 0.617519855499
72.152294 0.567356824875
73.020944 0.617469072342
73.745104 0.717675924301
75.92103 2.16969895363
76.744896 0.817677974701
77.268484 0.517128944397
78.149239 0.867679834366
78.672762 0.517262935638
80.097963 1.41868710518
81.472913 1.36875200272
82.346889 0.867757081985
82.966464 0.567332983017
83.539987 0.567348003387
84.11335 0.567235946655
84.686924 0.567207098007
85.260235 0.567178964615
86.134065 0.867657899857
87.627838 1.26836299896
88.401853 0.767571926117
88.975992 0.567279100418
89.550457 0.567379951477
91.827231 2.26994895935
92.557216 0.517342090607
93.134387 0.567435979843
93.658938 0.517423868179
94.500597 0.667608976364
95.075361 0.567533969879
96.35055 1.26833295822
96.924708 0.56728887558
97.499272 0.567384958267
98.073534 0.56735086441
99.015301 0.667634963989
99.589222 0.567379951477
100.213075 0.617675065994
100.736587 0.517292976379
101.310539 0.567445993423
102.184843 0.868018865585
102.958761 0.767664194107
103.532829 0.567474842072
104.129895 0.567441940308
106.256002 2.11988902092
106.779516 0.517252922058
107.50371 0.717612981796
108.027392 0.517435073853
109.552538 1.51888799667
111.778991 2.21994400024
112.353032 0.567521095276
113.273138 0.667638778687
113.89704 0.617531061172
114.421306 0.517327070236
114.945892 0.517354011536
115.520197 0.567373991013
117.747505 2.22010993958
118.321885 0.567390918732
118.846142 0.517343997955
119.420824 0.567435026169
120.213319 0.617671966553
120.83781 0.567291021347
121.512161 0.667443990707
122.036621 0.517201900482
122.806367 0.567591905594
123.333581 0.517492055893
123.907962 0.567427873611
124.482837 0.567552089691
125.608097 1.11830687523
126.656438 0.56755900383
127.280308 0.617609024048
128.054743 0.76784992218
130.281043 2.21999597549
132.407278 2.11990499496
132.980875 0.567291975021
133.755066 0.767697095871
134.328698 0.567327976227
135.252861 0.917877197266
137.028529 1.76907896996
138.002986 0.968204975128
138.576634 0.56734919548
139.150576 0.567425966263
140.124816 0.967983961105
140.698394 0.567334890366
141.472614 0.767657995224
142.246838 0.567571878433
142.77096 0.517191886902
143.29698 0.517389059067
145.472402 2.11992502213
145.996767 0.517424821854
146.571513 0.567482948303
147.096264 0.517282009125
147.670702 0.567435979843
148.195478 0.517474889755
148.719817 0.517361879349
149.24413 0.517300128937
149.768773 0.51739692688
150.564869 0.567431926727
151.188807 0.617464065552
151.713073 0.517301082611
152.339292 0.617563009262
153.144908 0.5673828125
153.820484 0.667448043823
154.686163 0.567469120026
155.209739 0.517329931259
155.733469 0.517236948013
156.35727 0.617464065552
156.880745 0.517251014709
157.404678 0.517390012741
157.978478 0.567550897598
158.55211 0.567196846008
159.077569 0.517410039902
159.701219 0.567492961884
161.376552 1.6690621376
162.251037 0.867944002151
163.12521 0.867883205414
163.648925 0.517457008362
164.223023 0.567488908768
166.549593 2.32019495964
167.330849 0.567589044571
169.858243 2.52040791512
170.382581 0.517301082611
170.907177 0.517292022705
173.034466 2.11988091469
173.558592 0.517400979996
174.083194 0.517590045929
174.801472 0.517444849014
175.326067 0.517372131348
175.925496 0.567463874817
176.449825 0.517343044281
176.97403 0.517291784286
177.548712 0.567373037338
178.123487 0.567655086517
178.851359 0.567486047745
179.425101 0.567440986633
180.799977 1.36844706535
181.674427 0.867874860764
182.248111 0.567379951477
183.272374 1.01795887947
184.052208 0.517305135727
184.577567 0.517375946045
186.85435 2.26998209953
187.72908 0.867828130722
188.303676 0.567412853241
189.679162 1.36864089966
190.25371 0.567367076874
190.82795 0.567379951477
191.402271 0.567389965057
192.677923 1.26849293709
