1.985434 1.41871404648
3.511503 1.51851892471
4.936116 1.41830205917
6.460844 1.51848506927
7.836234 1.3682911396
9.261665 1.41857886314
10.73695 1.46843695641
12.211936 1.46853303909
13.604064 1.36833715439
14.979301 1.36844801903
16.40427 1.41850209236
17.679487 1.2684109211
19.054137 1.36844992638
20.47971 1.41848897934
22.055332 1.56872200966
23.580609 1.5187189579
25.014859 1.31843400002
26.340412 1.31838417053
27.615566 1.26831793785
28.941222 1.31852197647
30.243558 1.26837611198
31.753252 1.31856513023
33.029473 1.26836109161
34.354712 1.3184928894
35.630492 1.26837897301
36.90571 1.2684109211
38.231236 1.31848406792
39.506436 1.26836299896
40.831706 1.3184659481
42.208136 1.36886692047
43.53334 1.31843185425
44.909152 1.36872410774
46.401988 1.41870903969
48.027091 1.61895108223
49.30172 1.26843595505
50.677113 1.36857008934
52.001779 1.31849503517
53.42663 1.41869187355
54.80134 1.36856198311
56.126055 1.31854295731
57.501303 1.36863398552
58.976064 1.46857500076
60.300735 1.3184928894
61.826043 1.51881480217
63.553006 1.51888012886
64.929594 1.36872410774
66.405066 1.46869707108
67.780524 1.36859798431
69.232309 1.31865310669
70.657724 1.41861391068
71.933275 1.26848101616
73.258646 1.31854295731
74.634007 1.3684899807
75.909535 1.26840209961
77.234783 1.31845879555
78.510231 1.26848101616
79.836066 1.31868100166
81.161491 1.31860208511
82.437146 1.26850605011
83.81253 1.36857199669
85.087875 1.2683532238
86.363395 1.26842999458
87.789187 1.41896009445
89.114867 1.31853914261
90.564556 1.31861996651
91.889774 1.31843900681
93.31554 1.41866707802
94.703315 1.21836996078
96.080028 1.36874580383
97.355277 1.26843905449
98.881143 1.5190911293
100.356981 1.46879005432
101.932815 1.56896591187
103.358616 1.41872692108
104.634142 1.26865196228
106.109649 1.468708992
107.735843 1.61898994446
109.261601 1.51898002625
110.587365 1.31858205795
111.862566 1.26840019226
113.305456 1.3187019825
114.680998 1.36867713928
116.057068 1.36880493164
117.382741 1.31852316856
118.65819 1.26838898659
119.933949 1.26859593391
121.259383 1.31856012344
122.684881 1.41865801811
123.960569 1.26851010323
125.436452 1.2684841156
126.813203 1.36867403984
128.238815 1.41869783401
129.564211 1.31844902039
131.040121 1.46873188019
132.365415 1.31844806671
133.641036 1.26850295067
135.189662 1.41868305206
136.364751 1.16825413704
137.690474 1.31855607033
139.0159 1.31860399246
140.441944 1.41876387596
141.817431 1.36865496635
143.14268 1.31841611862
144.468447 1.31859993935
145.743822 1.2685379982
147.019112 1.26842999458
148.495226 1.46891880035
149.820659 1.31858706474
151.177569 1.31853914261
152.453292 1.26853895187
153.728611 1.26843905449
154.954583 1.21840786934
156.672946 1.31874990463
157.949098 1.26849794388
159.325049 1.36879396439
160.600548 1.26857805252
161.825792 1.21835398674
163.002015 1.16835212708
164.277828 1.26856994629
165.518543 1.21843385696
166.793954 1.26850199699
168.119552 1.31847000122
169.39487 1.2684378624
170.620632 1.21858787537
171.946839 1.31896495819
173.245658 1.26845479012
174.520979 1.26842713356
175.747161 1.2186191082
177.315068 1.41870093346
178.790159 1.46877503395
180.215366 1.41884207726
181.590723 1.36866283417
182.915518 1.31848812103
184.240445 1.31858801842
185.765814 1.51880693436
187.487223 1.51881098747
189.014157 1.51885485649
190.540066 1.51884794235
192.016345 1.46905422211
193.543199 1.51924514771
194.96936 1.41890001297
196.696309 1.71934890747
197.971763 1.2685790062
199.598346 1.61925888062
201.104433 1.36916899681
202.580149 1.46905112267
204.1054 1.5189371109
205.58037 1.46869206429
207.256184 1.66912508011
208.781393 1.51889705658
210.256581 1.4688038826
211.782465 1.51908802986
213.357735 1.56894516945
214.682723 1.318557024
216.15816 1.46889615059
217.82892 1.46880698204
219.456108 1.6192009449
220.781443 1.31853795052
222.207179 1.41880393028
223.683366 1.4689950943
225.155409 1.31856298447
226.381722 1.21862196922
227.657096 1.26844215393
228.932985 1.26861000061
230.158937 1.21866178513
231.354803 1.16866898537
232.580308 1.21849179268
233.805781 1.21847391129
235.031597 1.21853780746
236.20751 1.16863203049
237.483669 1.26870083809
238.759801 1.26882505417
239.986061 1.21896409988
241.212124 1.21862196922
242.456425 1.21859002113
243.682629 1.21862721443
245.073325 1.26881408691
246.299183 1.21858501434
247.52462 1.21840596199
248.972093 1.21871900558
250.199593 1.21868109703
251.475679 1.2687690258
252.774748 1.26878094673
254.000098 1.21842503548
255.225468 1.21842813492
256.501272 1.26858186722
257.752244 1.21841096878
259.078145 1.31862688065
260.453946 1.36875605583
261.729532 1.26856780052
262.836339 1.06852412224
264.06223 1.21863794327
265.405414 1.21871399879
266.580852 1.16842985153
267.756259 1.168446064
269.032104 1.26847815514
270.207482 1.16840100288
271.383381 1.16856193542
272.459153 1.06847691536
273.785253 1.31873083115
275.011866 1.21869897842
276.287673 1.2685739994
277.513911 1.21874308586
278.68945 1.16849589348
280.130639 1.21858596802
281.35743 1.21855902672
282.532851 1.1683909893
283.608443 1.0683119297
285.008288 1.26852416992
286.234865 1.21878910065
287.410174 1.16832399368
288.636385 1.21880316734
289.812506 1.16888594627
291.038 1.21847200394
292.263735 1.21842598915
293.43927 1.16848683357
294.664658 1.21836018562
295.940586 1.2685251236
297.0665 1.11857581139
298.292909 1.21870493889
299.418189 1.11828613281
300.593447 1.16825699806
301.819764 1.21856498718
302.995249 1.1684679985
304.334932 1.21842908859
305.511001 1.16858315468
306.68673 1.16854190826
307.862687 1.16866588593
309.038099 1.16839408875
310.38075 1.11859297752
311.657776 1.2686419487
312.8333 1.16844797134
314.009872 1.16849398613
315.185349 1.16840100288
316.460916 1.26856017113
317.652129 1.16838097572
318.827745 1.16839599609
320.05325 1.21845388412
321.178643 1.11824011803
322.354285 1.16842389107
323.650264 1.16839909554
324.875701 1.21836590767
326.050927 1.16824793816
327.326774 1.26845407486
328.502115 1.16825509071
329.677668 1.16829395294
330.853147 1.16846394539
332.078882 1.21855711937
333.255112 1.16866588593
334.453495 1.16844391823
335.679284 1.21847486496
336.854611 1.16832494736
337.929847 1.06825113297
339.105515 1.16830611229
340.256084 1.11830806732
341.539419 1.06818795204
342.891496 1.21847105026
344.117377 1.21846795082
345.265194 1.11828303337
346.390827 1.11833620071
347.666265 1.26841592789
348.841499 1.16826796532
350.017119 1.16831803322
351.242781 1.21856808662
352.41929 1.16864705086
353.595256 1.16860985756
354.770738 1.16836094856
355.945997 1.16826987267
357.172342 1.21851992607
358.347635 1.16829705238
359.573445 1.2184741497
360.798947 1.21843504906
362.089216 1.16830301285
363.314968 1.2184779644
364.591196 1.26878905296
365.817149 1.21852397919
366.993153 1.1685500145
368.169364 1.16883206367
369.345586 1.16849684715
370.52155 1.1685769558
371.995932 1.21863889694
373.223575 1.21876692772
374.468226 1.21868610382
375.69423 1.21849012375
376.920276 1.21862411499
378.196619 1.26889300346
379.422752 1.21853399277
380.64819 1.2183971405
381.947142 1.16839385033
383.123087 1.16841316223
384.349379 1.21883702278
385.475691 1.11853814125
386.651703 1.16862201691
387.877304 1.2185151577
389.052537 1.1682009697
390.228415 1.16835784912
391.353733 1.11830210686
392.479964 1.11839199066
393.705413 1.21836090088
394.931344 1.21852207184
396.107119 1.16843891144
397.332597 1.21840381622
398.508484 1.16841411591
399.683977 1.16841697693
400.922699 1.11827707291
402.323489 1.21851205826
403.500673 1.16842794418
404.826265 1.31858992577
406.102306 1.26891589165
407.328054 1.21839404106
408.454112 1.11864686012
409.679937 1.21838879585
410.905463 1.21851086617
412.080957 1.16838002205
413.356876 1.26857209206
414.532254 1.16828489304
415.708026 1.16835284233
416.883462 1.16833400726
418.108891 1.21835589409
419.334658 1.21841597557
420.678406 1.21862816811
421.804229 1.11831498146
423.079949 1.26858901978
424.305863 1.21849799156
425.431271 1.11833095551
426.756909 1.31854009628
427.982711 1.21840381622
429.158112 1.16827297211
430.43407 1.26856303215
431.609563 1.1683781147
433.056971 1.16847109795
434.283935 1.21861386299
435.40934 1.11821508408
436.585258 1.16850996017
438.01121 1.41886687279
439.136786 1.11826300621
440.887558 1.61902594566
442.412927 1.51878404617
443.838781 1.41883587837
445.213867 1.3685400486
446.688983 1.46859693527
448.214918 1.51906085014
449.840299 1.61884593964
451.56607 1.71918106079
453.091361 1.51879906654
454.66693 1.56875896454
456.142214 1.46872496605
457.467354 1.31842398643
458.943535 1.46898794174
460.418798 1.46870779991
461.944622 1.51901006699
463.611558 1.46930193901
465.069692 1.21892595291
466.545427 1.46903705597
467.921258 1.36878991127
469.397002 1.46910309792
470.87261 1.46891689301
472.197579 1.31851220131
473.5234 1.31878709793
474.998552 1.46868109703
476.424077 1.418820858
477.999707 1.56892299652
479.525435 1.51880192757
480.85081 1.31866288185
482.326232 1.46871519089
483.801436 1.4687769413
485.126394 1.31852507591
486.502831 1.36869096756
487.834112 1.16865301132
489.009748 1.16838002205
490.185333 1.16834998131
491.311155 1.1183860302
492.487102 1.1685590744
493.844153 1.16848707199
495.021879 1.16872692108
496.197569 1.16836500168
497.423169 1.21844005585
498.699651 1.26865911484
499.925278 1.21842193604
501.101748 1.1686258316
502.278012 1.1687579155
503.553534 1.26839900017
504.729499 1.16854000092
505.955066 1.21841001511
507.246321 1.16854810715
508.52246 1.26848506927
509.797997 1.26838493347
510.948611 1.11819291115
512.124781 1.16855406761
513.350335 1.21838092804
514.476139 1.11830592155
515.701824 1.21852993965
516.827397 1.11832594872
517.953136 1.11819601059
519.128643 1.16835212708
520.305041 1.16856098175
521.48084 1.16857004166
522.607201 1.11879205704
523.834346 1.21868109703
525.174568 1.11827301979
526.47863 1.1684179306
527.60475 1.11846184731
528.730961 1.1184720993
529.956525 1.21832609177
531.183299 1.21862602234
532.358901 1.16837501526
533.484462 1.11830496788
534.710454 1.21842598915
535.885952 1.16830086708
537.062417 1.16859602928
538.23845 1.16852998734
539.41434 1.16847896576
540.589921 1.16837501526
541.816018 1.21850705147
543.092463 1.26886701584
544.168289 1.06833696365
545.711823 1.41883111
547.33769 1.61922502518
548.863537 1.51906299591
550.339224 1.46877098083
551.764589 1.41874408722
553.240213 1.46882390976
554.515805 1.26856088638
556.202741 1.46890902519
557.545827 1.3187379837
559.022043 1.46896600723
560.498645 1.46934485435
561.924957 1.41873812675
563.451596 1.51925110817
564.928401 1.46906495094
566.455256 1.51928710938
567.831649 1.36875295639
569.233126 1.26913499832
570.409466 1.16867995262
571.635757 1.21869492531
572.811862 1.16851997375
573.988155 1.16862106323
575.164424 1.16868805885
576.340734 1.16856098175
577.516512 1.16845798492
578.693061 1.16863393784
579.869348 1.16867113113
581.095324 1.2186999321
582.271338 1.16845917702
583.447088 1.16848516464
584.673263 1.21864104271
585.898949 1.21844601631
587.342654 1.21871614456
589.151391 1.56942296028
590.776726 1.61882805824
592.302057 1.51882100105
593.777774 1.46879291534
595.253088 1.46878385544
596.728333 1.46875309944
598.204016 1.46889996529
599.579191 1.36861896515
600.954196 1.36847519875
602.47975 1.51870679855
603.955029 1.46875810623
605.38036 1.41876912117
606.856505 1.46898913383
608.48199 1.61896419525
609.807549 1.31874394417
611.184878 1.36888384819
612.562394 1.21939516068
613.688388 1.11829996109
614.86412 1.16840291023
616.012753 1.11834692955
617.238814 1.21848797798
618.578254 1.11859607697
619.705473 1.118445158
620.931596 1.21858286858
622.107501 1.16852593422
623.233391 1.11833500862
624.409161 1.16851615906
625.535153 1.11846709251
626.661343 1.1185798645
627.887073 1.21849799156
629.012986 1.11837601662
630.088728 1.06825017929
631.336031 1.11860013008
632.512019 1.16845417023
633.738017 1.2185959816
634.913558 1.16822290421
636.089573 1.16835403442
637.365624 1.26879692078
638.592348 1.21892690659
639.718065 1.11841797829
640.943923 1.21847510338
642.07025 1.11846399307
643.246115 1.16843819618
644.472682 1.21885204315
645.598251 1.11830401421
646.773974 1.16824293137
647.900467 1.11851596832
649.269419 1.16831803322
650.77569 1.3686170578
652.301226 1.51879787445
653.876794 1.5688419342
655.502921 1.61913084984
656.778146 1.2685148716
658.353801 1.56896090508
659.630005 1.26880693436
661.256175 1.61934995651
662.682065 1.41894292831
664.208184 1.5189640522
665.733976 1.51900196075
667.109312 1.36863589287
668.735366 1.61901593208
670.060663 1.31855583191
671.386538 1.31886982918
672.76294 1.36891508102
674.397239 1.41912102699
675.773298 1.36883997917
677.098926 1.31870412827
678.374497 1.26863908768
679.944641 1.36905884743
681.524892 1.56927204132
682.901311 1.36891698837
684.478738 1.56945204735
686.005744 1.51919102669
687.381793 1.36875391006
688.809142 1.41913700104
690.28517 1.46881103516
691.711597 1.41881895065
693.08744 1.36863803864
694.664207 1.56917309761
696.141125 1.46906208992
697.553755 1.21855592728
698.780054 1.21870303154
700.006089 1.21846604347
701.231812 1.21839404106
702.407814 1.16838097572
703.634179 1.21864700317
704.910669 1.2685649395
706.036265 1.11829996109
707.212067 1.16846513748
708.438206 1.21848988533
709.614241 1.16864299774
710.994513 1.16837906837
712.221653 1.21851086617
713.34717 1.11820721626
714.473133 1.11839389801
715.598802 1.11836290359
716.895186 1.16852903366
718.071254 1.16875600815
719.247074 1.16847276688
720.373504 1.1184720993
721.65007 1.26888895035
722.776582 1.11852812767
723.902375 1.11851906776
725.128145 1.21838116646
726.254378 1.11852693558
727.380714 1.11844587326
728.556461 1.16845798492
729.682385 1.11831188202
730.908001 1.21830606461
732.08363 1.16829991341
733.209548 1.11827683449
734.460821 1.21848201752
736.19443 1.51895499229
737.619864 1.41876220703
739.045168 1.41866707802
740.471004 1.41888618469
741.99527 1.31870102882
743.372453 1.36862516403
744.748515 1.36884307861
746.274579 1.5188369751
747.851021 1.56893897057
749.176797 1.31853294373
750.553138 1.36884117126
752.129507 1.56903290749
753.505404 1.36864995956
754.931649 1.41874408722
756.257549 1.31861400604
757.647665 1.36867809296
759.091819 1.26876187325
760.217806 1.11841917038
761.443696 1.21842908859
762.520108 1.06832408905
763.595834 1.06836104393
764.771949 1.1684319973
765.897553 1.11822390556
767.123405 1.21851110458
768.271839 1.11837792397
769.447602 1.16840100288
770.623796 1.16849303246
771.84992 1.21865987778
773.162468 1.11827802658
774.289533 1.11844611168
775.465362 1.16838502884
776.641116 1.16837382317
778.345069 1.56896090508
779.771516 1.41901683807
780.946886 1.16842484474
782.322351 1.36866497993
783.547536 1.21843004227
784.92336 1.36871004105
786.348829 1.41864895821
787.674177 1.31856608391
788.89971 1.21835899353
790.275338 1.36874485016
791.700779 1.41865897179
793.22697 1.51900005341
794.703071 1.46896910667
796.128885 1.41879701614
797.854906 1.71918296814
799.380963 1.51892209053
800.921551 1.36873006821
802.497291 1.56890797615
804.054377 1.3687210083
805.181269 1.11841320992
806.70747 1.51880097389
808.183931 1.46875
809.359605 1.16830611229
810.635779 1.26853990555
812.162114 1.51890587807
813.437967 1.26842999458
814.615008 1.16837596893
815.790715 1.16833996773
817.217019 1.41875505447
818.743176 1.5187921524
820.319466 1.56891202927
821.695762 1.36871790886
823.102493 1.26863002777
824.32878 1.21851205826
825.454689 1.11850619316
826.58108 1.11845993996
827.757136 1.1685090065
828.983054 1.21849894524
830.109442 1.1186439991
831.285328 1.16850495338
832.461456 1.16844296455
833.587235 1.11830997467
834.955569 1.11829710007
836.182746 1.21852993965
837.258479 1.06832718849
838.434199 1.16832613945
839.660282 1.21843504906
840.786116 1.11834597588
