1.527828 1.21798300743
2.553261 1.01776719093
3.226606 0.667164087296
3.900746 0.667218923569
4.474522 0.567047119141
6.450994 1.96950411797
7.024238 0.567076206207
7.898267 0.867574930191
9.122997 1.21801304817
9.696569 0.567118167877
10.220212 0.516906023026
10.793849 0.567116975784
12.068846 1.26822209358
12.661122 0.567749023438
13.235187 0.567080974579
13.758476 0.517103910446
14.355221 0.516992092133
16.632241 2.269947052
17.206219 0.567146062851
19.423824 2.16975402832
19.947101 0.517035007477
20.470358 0.516983032227
22.647305 2.1698949337
23.171294 0.517059087753
23.745539 0.567205190659
24.319438 0.567059993744
24.843295 0.517014980316
26.870163 2.0193810463
27.468754 0.517108917236
28.143459 0.667542934418
28.907001 0.717451095581
30.032197 1.11805009842
30.556428 0.517060995102
31.443385 0.517499923706
32.019044 0.567303180695
32.592967 0.56721496582
33.117221 0.517229795456
33.691213 0.567240953445
34.214985 0.517081975937
34.789276 0.567271947861
35.494541 0.567447900772
36.919299 1.41856503487
37.492714 0.567235946655
38.116552 0.6173620224
38.640004 0.517190217972
39.213479 0.567253112793
41.083316 1.81941509247
42.007326 0.917742013931
42.781116 0.767578840256
44.506673 1.71907806396
45.080179 0.567316055298
47.005862 1.91947317123
48.230675 1.218323946
48.804219 0.567328929901
49.327576 0.51714015007
50.101577 0.767508983612
51.52259 1.26845002174
52.046499 0.517131090164
54.273538 2.21995091438
56.500238 2.21991586685
57.074795 0.567404985428
57.598836 0.517228126526
58.122791 0.517158985138
58.698574 0.567388057709
59.22203 0.517204999924
59.746481 0.517335891724
60.320641 0.567366123199
61.23875 0.667427062988
62.143193 0.667478084564
62.968801 0.817781925201
65.195634 2.22001409531
67.372284 2.16989207268
68.247344 0.867755174637
68.821633 0.567430019379
69.346285 0.517390012741
69.920719 0.567355871201
70.745244 0.817753791809
71.269794 0.517358064651
71.843867 0.567300081253
72.419627 0.567620038986
73.451732 0.867906093597
73.975412 0.517289876938
74.599664 0.617409944534
75.174158 0.567363023758
75.748406 0.567409038544
76.623397 0.86782002449
77.898156 1.26845812798
78.522439 0.567436218262
79.046989 0.517446041107
80.272015 1.21819019318
81.298617 0.817930221558
81.87274 0.567488908768
82.446688 0.567491054535
83.220761 0.767747879028
83.844597 0.617478847504
84.368617 0.517441987991
85.84373 1.46888494492
86.868083 1.01814293861
87.942785 1.06816411018
89.267638 1.31858992577
89.841314 0.567481994629
90.565527 0.717678785324
91.139126 0.567363977432
91.71275 0.567435026169
93.127663 1.16848611832
93.702892 0.567415952682
95.092114 1.06807303429
96.366766 1.26826786995
96.940819 0.567630052567
97.515296 0.567353010178
98.039379 0.517241954803
98.563657 0.517441987991
99.088035 0.517244100571
99.6121 0.517246007919
100.137997 0.517354011536
102.460141 2.27024698257
103.034733 0.567429065704
103.609134 0.567539930344
104.183489 0.567429065704
104.758045 0.567393064499
105.493479 0.567500114441
106.017643 0.517241001129
106.592252 0.56746006012
107.166515 0.567384958267
107.740712 0.567349910736
108.265104 0.517247915268
108.789286 0.517215967178
109.914969 1.1184091568
110.642086 0.56751203537
111.426907 0.517515897751
112.001461 0.567599058151
112.526165 0.51744389534
113.050833 0.517446041107
113.62568 0.567546129227
114.200153 0.567501068115
114.774546 0.567447900772
115.299191 0.517365932465
116.118018 0.567507982254
116.992146 0.867868185043
119.46878 2.47041296959
120.04257 0.567315816879
120.816561 0.76775097847
122.091682 1.26887702942
122.858636 0.567352056503
123.383879 0.517379045486
123.958022 0.56734585762
124.53241 0.567471027374
125.156914 0.617405176163
125.981564 0.817707061768
127.106821 1.11825489998
127.729257 0.567310094833
128.253414 0.517386198044
128.777778 0.517356872559
129.567276 0.567440032959
130.141568 0.567260980606
130.966179 0.817640066147
131.542877 0.567547082901
132.117343 0.567510128021
132.736867 0.567497968674
134.763495 2.01969408989
135.491903 0.567646026611
136.066494 0.567539930344
136.640962 0.567528963089
137.165562 0.517354011536
137.787732 0.567569971085
138.362191 0.567363977432
138.886928 0.517457008362
139.561397 0.667523145676
141.738809 2.17013311386
142.263082 0.517333984375
144.33385 2.01966309547
145.150834 0.567373991013
145.924947 0.767702102661
146.498659 0.56746506691
148.02415 1.51903915405
148.597768 0.567376852036
149.12117 0.517175912857
149.695259 0.56755399704
150.719469 1.01798391342
151.293001 0.567296981812
152.567938 1.26834988594
153.366508 0.567401885986
153.942937 0.567327022552
154.767411 0.81768989563
156.29332 1.51887607574
156.867489 0.567351102829
157.742039 0.867798089981
158.589077 0.567450046539
159.190501 0.567503213882
159.764925 0.567476034164
160.339208 0.567312002182
160.913865 0.567407846451
161.488315 0.567429065704
162.063208 0.567516088486
162.856754 0.567496061325
164.582374 1.71923899651
166.508759 1.91965818405
167.082695 0.567397117615
167.706442 0.617418050766
168.981218 1.26848196983
169.605785 0.617649078369
170.179448 0.567387104034
170.75302 0.567302942276
171.327324 0.567531108856
172.001117 0.667484998703
172.574994 0.567422151566
173.400713 0.817793130875
173.92449 0.517425060272
174.498232 0.567363977432
175.022287 0.517402887344
175.894776 0.567446947098
176.468803 0.567443132401
177.042638 0.56738615036
177.617214 0.5676009655
178.191911 0.567484140396
178.716206 0.517310142517
179.240547 0.517374992371
179.765218 0.517398118973
180.513444 0.567414999008
181.13849 0.51736497879
181.712939 0.56748008728
182.287796 0.56750702858
182.862269 0.567499876022
183.615461 0.51729798317
185.543307 1.91958403587
186.268586 0.717871904373
