2.087493 1.66887402534
3.913908 1.81872797012
5.439057 1.51830196381
6.813683 1.36825418472
8.237973 1.41811203957
9.713718 1.46841192245
11.188958 1.4684419632
12.513937 1.31823706627
14.089657 1.56863808632
15.614932 1.51845598221
17.139625 1.51854300499
18.664708 1.51855683327
20.389623 1.71864581108
21.864319 1.46843600273
23.139099 1.26833295822
24.764052 1.61868596077
26.080979 1.21819782257
27.306272 1.21818399429
28.531424 1.21830201149
29.756888 1.21831297874
31.032036 1.26830816269
32.422464 1.16841292381
33.69862 1.26828813553
34.923527 1.21821403503
36.048678 1.11820316315
37.273732 1.21837806702
38.598687 1.31832098961
39.924015 1.31840205193
41.198904 1.2682390213
42.373953 1.16813898087
43.648862 1.26825809479
44.873742 1.21822404861
46.310278 1.36851000786
47.734823 1.41842508316
49.310441 1.56942009926
50.784961 1.46840882301
52.36002 1.56861710548
53.884837 1.51872587204
55.309417 1.41844987869
56.68396 1.36831498146
58.259145 1.56871819496
59.783728 1.51847290993
61.158218 1.36840009689
62.48296 1.31829690933
64.046989 1.36845183372
65.323097 1.26829814911
66.748301 1.4184858799
68.073354 1.3183619976
69.308967 1.11813807487
70.383761 1.06804609299
71.559155 1.16837191582
72.684054 1.11821985245
73.959073 1.26831793785
75.084315 1.11814808846
76.159086 1.06803798676
77.283833 1.11807513237
78.408984 1.11806297302
79.633877 1.21815800667
80.809261 1.16824007034
81.934017 1.11797094345
83.108989 1.16818904877
84.284166 1.16818094254
85.509342 1.2184650898
86.584854 1.06811785698
88.001422 1.3184030056
89.176627 1.16817998886
90.301463 1.11810398102
91.476819 1.16828799248
92.551726 1.06794500351
93.676424 1.11797714233
94.938995 1.06799006462
96.06546 1.11831498146
97.190588 1.11821818352
98.26548 1.06802511215
99.390558 1.11803913116
100.515379 1.11798000336
101.790857 1.26844000816
102.965768 1.168197155
104.290985 1.31840705872
105.466207 1.16821312904
106.792602 1.21832513809
107.867756 1.06802010536
109.092766 1.21820902824
110.317775 1.21822786331
111.393184 1.06803703308
112.56825 1.16824603081
113.693494 1.11813306808
114.868445 1.16813802719
115.993254 1.11801099777
117.168711 1.1683371067
118.393692 1.21822309494
119.61927 1.21839189529
120.794802 1.16842198372
121.869578 1.06799387932
123.044803 1.16812682152
124.219772 1.16817808151
126.015878 1.46871113777
127.391439 1.36850214005
128.916848 1.51892900467
130.392561 1.46889781952
131.91732 1.51856207848
133.374077 1.41835379601
134.899193 1.51862883568
136.274098 1.36873292923
137.848896 1.56859993935
139.323954 1.468542099
140.698612 1.36838793755
142.223553 1.51870799065
143.648597 1.41852807999
145.023411 1.36860084534
146.598511 1.56887698174
147.87346 1.26848697662
149.193296 1.21827912331
150.318635 1.11816000938
151.544429 1.21866202354
152.669845 1.11824512482
153.745435 1.06834578514
154.871071 1.1184399128
156.247279 1.11836504936
157.323872 1.06833982468
158.449002 1.1182949543
159.624663 1.16841697693
160.801515 1.16873717308
161.9268 1.11821699142
163.168313 1.21876502037
164.444102 1.26863598824
165.569204 1.11813592911
166.644464 1.06828403473
167.97031 1.21840906143
169.095842 1.11810207367
170.270904 1.16822099686
171.395818 1.11814188957
172.47084 1.06812000275
173.646233 1.16824007034
174.721034 1.0679731369
175.946616 1.21838212013
177.02195 1.06837296486
178.197049 1.16823816299
179.32233 1.11815500259
180.49791 1.16843605042
181.673279 1.16823410988
182.798248 1.1180870533
183.873078 1.06797099113
184.948823 1.06836986542
186.69579 1.61874294281
188.264891 1.36855697632
189.54118 1.26836180687
190.966545 1.41857099533
192.391831 1.41847395897
193.767533 1.3685438633
195.143377 1.36857891083
196.719279 1.56878614426
198.144566 1.41857981682
199.619848 1.46858286858
201.195652 1.56875514984
202.77128 1.56873393059
204.44705 1.66880607605
205.7222 1.268460989
207.097287 1.36831784248
208.473418 1.36874294281
209.768943 1.16832995415
210.994705 1.21852493286
212.07044 1.06843900681
213.246784 1.16876196861
214.371986 1.11818099022
215.497077 1.11817097664
216.622769 1.11834907532
217.747837 1.11819601059
219.18215 1.21842598915
220.30848 1.11821007729
221.433658 1.11828780174
222.609445 1.16840696335
223.734575 1.11822295189
224.959791 1.21834588051
226.085602 1.11819982529
227.110503 1.01802110672
228.385815 1.16901898384
229.411091 1.01811599731
230.486012 1.0680809021
231.66151 1.16835021973
232.68661 1.01807308197
233.911819 1.21833300591
235.087095 1.16840791702
236.163221 1.06821298599
237.188139 1.01804184914
238.263602 1.06823205948
239.3386 1.06811213493
240.464188 1.11836504936
241.539464 1.06811404228
242.614487 1.06811618805
243.689982 1.06829404831
244.765033 1.06811189651
246.081183 1.21833610535
247.107074 1.01804494858
248.232283 1.11827802658
249.548977 1.11829304695
250.625465 1.06824803352
251.65054 1.01814198494
252.776247 1.11848378181
253.902047 1.11835289001
254.977414 1.06826591492
256.153019 1.16833806038
257.228158 1.06825089455
258.303101 1.06802797318
259.378403 1.06811904907
260.453441 1.06814312935
261.479601 1.01858210564
262.555129 1.06832385063
263.829165 1.16825699806
265.019371 1.16820907593
266.094919 1.06821513176
267.170029 1.06816196442
268.345382 1.16827702522
269.470903 1.11824917793
270.545989 1.06812405586
271.621472 1.06819796562
272.696569 1.06816506386
273.822096 1.11830806732
274.898012 1.06841206551
275.973209 1.06810283661
277.098734 1.11822319031
278.223956 1.11823391914
279.349739 1.11838102341
280.741217 1.16831493378
282.493896 1.6191599369
283.969439 1.46882796288
285.695568 1.71930384636
287.270732 1.56877207756
288.59546 1.31840395927
290.020209 1.41841387749
291.545536 1.51868510246
293.02109 1.46897482872
294.520243 1.46852302551
295.995605 1.46867799759
297.571233 1.56898593903
298.945965 1.36841797829
300.322738 1.36861300468
301.747624 1.41850781441
303.172589 1.41859602928
304.764144 1.56928086281
306.019555 1.11831593513
307.195129 1.16834497452
308.27019 1.06810092926
309.445342 1.16822981834
310.621522 1.16840195656
311.908061 1.11814689636
313.034479 1.11831092834
314.109686 1.06829309464
315.234776 1.11813592911
316.410816 1.16850090027
317.485878 1.06811404228
318.51177 1.01834011078
319.636846 1.11815190315
320.661793 1.01805901527
321.787273 1.1182308197
322.812273 1.01803803444
324.578405 1.56909918785
326.15382 1.56884789467
327.678888 1.5187189579
329.053738 1.36861014366
330.529143 1.46877789497
331.904087 1.36867403984
333.429008 1.51865696907
335.105602 1.6690299511
336.480331 1.36845993996
337.754978 1.26832008362
339.130203 1.36859798431
340.505038 1.36854982376
341.929905 1.41853690147
343.374987 1.21841692924
345.051926 1.66899013519
346.477462 1.4186000824
347.763648 1.11832308769
348.839094 1.06809210777
349.964345 1.11823606491
351.090068 1.11832094193
352.215665 1.11826610565
353.340812 1.1181511879
354.466869 1.11829519272
355.4919 1.0181119442
356.567061 1.06819081306
357.64281 1.06813192368
358.717993 1.06818413734
359.843575 1.11828517914
360.918679 1.06815099716
361.993794 1.06816005707
363.119381 1.11822795868
364.244561 1.1181871891
