1.740089 1.4185500145
3.315939 1.5682220459
4.490671 1.16779208183
6.165108 1.66834807396
7.38915 1.21793484688
8.814134 1.4180958271
10.289016 1.46817517281
11.913767 1.61839294434
13.438068 1.51821088791
14.962777 1.51804208755
16.437868 1.46808600426
17.562286 1.11773896217
18.837122 1.26790714264
20.061389 1.21790289879
21.335441 1.26792502403
22.810128 1.46825504303
24.159458 1.26793694496
25.483981 1.31811904907
26.959123 1.4683201313
27.98318 1.01766109467
29.297562 1.26816511154
30.471977 1.16772198677
31.80482 1.06801009178
33.080805 1.26829385757
34.338261 1.21803402901
35.613264 1.26811003685
36.887817 1.26791810989
38.062596 1.16789102554
39.537621 1.4684419632
40.51195 0.967755079269
41.870436 1.26819300652
42.694023 0.817464113235
43.618073 0.917457103729
44.743005 1.11803007126
45.917552 1.16795396805
47.092348 1.16791296005
48.166756 1.06781792641
49.441542 1.26819705963
50.566383 1.11796116829
51.818652 1.16806197166
52.742593 0.917634963989
53.666787 0.917575120926
54.791545 1.11784505844
55.76543 0.967784881592
56.68949 0.917433023453
57.914386 1.21795797348
58.938821 1.01780200005
59.939471 0.917668104172
61.064405 1.11797499657
62.684746 1.36832404137
63.760416 1.06792879105
64.734693 0.967675924301
65.758969 1.01762509346
66.783702 1.01782011986
67.961746 1.06797981262
69.08631 1.11785697937
70.060612 0.967617034912
71.782305 1.568557024
72.806952 1.01793789864
74.132075 1.31844091415
75.407489 1.26836299896
76.531549 1.11792802811
77.656346 1.11810398102
78.736548 1.06796717644
80.420284 1.51848292351
81.44484 1.01781988144
82.419498 0.967685937881
83.443341 1.01774311066
84.568335 1.1179599762
86.043277 1.46824502945
87.017572 0.96756196022
88.192601 1.16801095009
89.679429 1.31815600395
90.706117 1.01789498329
92.29711 1.41848301888
93.583375 1.06811118126
95.142186 1.36843490601
96.199317 1.01793599129
97.173819 0.967716932297
98.325098 1.06807208061
99.400057 1.06791305542
100.474864 1.06800508499
101.677846 1.11798501015
102.752854 1.06795597076
104.382989 1.5688419342
105.757942 1.36845993996
107.132586 1.36844301224
108.456983 1.3182117939
109.6813 1.21811485291
111.206276 1.5184378624
112.676636 1.41842103004
114.251283 1.56839799881
115.476144 1.21833992004
116.900804 1.41842293739
118.175314 1.26831102371
119.65034 1.46849989891
121.075037 1.41852402687
122.449652 1.36843013763
124.132977 1.41827583313
125.863875 1.518887043
127.547766 1.46845412254
128.900316 1.26832795143
130.125726 1.21829795837
131.200583 1.06810593605
132.402425 1.1181371212
133.704805 1.21801114082
134.980239 1.26832199097
136.332865 1.26826095581
137.539803 1.11814403534
138.864792 1.31815600395
140.21695 1.26820397377
141.442287 1.2182469368
142.771467 1.16809010506
143.973802 1.11798906326
145.144483 1.11796283722
146.396293 1.16829514503
147.420984 1.01789307594
148.529906 1.01852583885
149.805141 1.26843881607
151.258119 1.36848688126
152.711675 1.36853480339
153.787033 1.06820106506
155.190692 1.16804599762
156.69211 1.21832084656
158.069185 1.26844787598
159.27659 1.11809802055
160.595654 1.21852302551
161.820903 1.21822094917
163.123016 1.21823811531
164.455672 1.16821599007
165.756646 1.21822190285
167.057651 1.11817193031
168.686852 1.46857690811
169.912174 1.2182738781
171.066909 1.06794691086
172.327541 1.21812701225
173.302127 0.96769785881
174.327664 1.01784110069
176.048211 1.41855406761
177.622996 1.56870913506
178.947724 1.31839513779
180.372226 1.41832900047
