1.99546 1.41840004921
3.422037 1.41814184189
4.847131 1.41818904877
6.32152 1.46818995476
7.746716 1.4182369709
9.17122 1.41833305359
10.54574 1.36816596985
11.970269 1.41832399368
13.444715 1.46824407578
14.820814 1.36852693558
16.246305 1.41865706444
17.771543 1.51835298538
19.246046 1.46828198433
20.620967 1.36832880974
22.09576 1.46855592728
23.570323 1.46833109856
25.108574 1.4183909893
26.484096 1.36837100983
27.80922 1.31830096245
29.285364 1.46842718124
30.610587 1.31837677956
32.179223 1.36833786964
33.505538 1.31829404831
34.780529 1.26826310158
36.155903 1.36837100983
37.581029 1.41844320297
38.956075 1.36835193634
40.281446 1.31838393211
41.606608 1.31836605072
43.082115 1.46848082542
44.507279 1.41841888428
45.932474 1.41846108437
47.401362 1.31835699081
48.676756 1.26834392548
50.001802 1.31830501556
51.426922 1.41840410233
52.852535 1.41848707199
54.22763 1.36838507652
55.553008 1.31836891174
56.978134 1.41836714745
58.353317 1.36841893196
59.678946 1.31857705116
60.954135 1.26824903488
62.429277 1.21825695038
63.805654 1.36840581894
65.180728 1.36833906174
66.556235 1.36847782135
68.03158 1.46860218048
69.523035 1.41871213913
70.997836 1.46861290932
72.472583 1.46851181984
74.097475 1.6187479496
75.322035 1.21808385849
77.046972 1.71878814697
78.321333 1.26816391945
79.545937 1.21814203262
81.1213 1.56910920143
82.546 1.41839694977
84.071073 1.51862096786
85.645833 1.568557024
87.020326 1.36831188202
88.444913 1.41841602325
89.919945 1.46848106384
91.444651 1.51850891113
93.426182 1.61878395081
94.75168 1.31835985184
96.126092 1.36824297905
97.550709 1.41844916344
99.075882 1.51856517792
100.500474 1.41835808754
102.025263 1.51855587959
103.550351 1.51857709885
105.024953 1.46843099594
106.449474 1.41837692261
107.725722 1.26833105087
109.250627 1.51863479614
110.625388 1.3685028553
112.200399 1.5687930584
113.825934 1.61890292168
115.350806 1.51864409447
116.741181 1.26842999458
118.166642 1.41858506203
119.49179 1.31830406189
120.81734 1.31843113899
122.142514 1.31833100319
123.581996 1.2181520462
124.909013 1.3183760643
126.184236 1.26843595505
127.459822 1.26837301254
128.735032 1.26833820343
130.010223 1.26831483841
131.285718 1.26832413673
132.711094 1.41848683357
134.036832 1.31844711304
135.362189 1.31850194931
136.687513 1.31845402718
138.177836 1.36839389801
139.503409 1.31842398643
140.828642 1.31836795807
142.203971 1.36835813522
143.529621 1.31839895248
144.804928 1.26826786995
146.080442 1.26839113235
147.405705 1.3184030056
148.731101 1.31844997406
149.956516 1.21826601028
151.231586 1.26823496819
152.557238 1.31847214699
154.067061 1.26833820343
155.343463 1.26838088036
156.668662 1.31836414337
157.943763 1.26823306084
159.357935 1.26827096939
160.633239 1.2684481144
161.85862 1.21831083298
163.233838 1.36841106415
164.45925 1.21818089485
165.784461 1.31836891174
167.059791 1.26822900772
168.334881 1.26822304726
169.60999 1.26823711395
170.985745 1.36853504181
172.411432 1.4183909893
173.736597 1.31830787659
175.112141 1.36840581894
176.387329 1.26830601692
177.713005 1.31856489182
178.988054 1.26820492744
180.525277 1.4185500145
182.050212 1.51856398582
183.725309 1.66883611679
185.232771 1.31837511063
186.50903 1.26835894585
187.884247 1.36836409569
189.359592 1.46850895882
190.835143 1.46848297119
192.210387 1.36838912964
193.535998 1.3184299469
194.911092 1.36836695671
196.286109 1.36830711365
197.661608 1.36843800545
199.087053 1.41868400574
200.612808 1.51875305176
202.138126 1.5186150074
