1.846311 1.51842403412
3.171915 1.317923069
4.746711 1.56840109825
6.07102 1.31803607941
7.645657 1.56823587418
8.969981 1.31804203987
10.445002 1.4681930542
11.76982 1.31788301468
13.244732 1.46817994118
14.620032 1.36806988716
15.944837 1.3180270195
17.420018 1.46816897392
18.794422 1.3681230545
20.2193 1.4181599617
21.743986 1.51827096939
23.118816 1.36804914474
24.749998 1.51843714714
26.42486 1.66864681244
27.849486 1.41817092896
29.324083 1.46837997437
30.69844 1.3681230545
32.578786 1.66873884201
34.054947 1.46836996078
35.379848 1.3181579113
36.80666 1.41846394539
38.231711 1.41835212708
39.707243 1.4685280323
41.132303 1.41831994057
42.757621 1.6186299324
44.183003 1.41842508316
45.708062 1.51838803291
47.233625 1.5185251236
48.897747 1.56870293617
50.322823 1.4183318615
51.948216 1.6186170578
53.523511 1.56854295731
54.898814 1.36822891235
56.423961 1.51840901375
57.899304 1.46833300591
59.374541 1.46852087975
60.699463 1.3182079792
62.074773 1.36828804016
63.609722 1.31818914413
65.03602 1.41843390465
66.360952 1.31809711456
67.686522 1.31883096695
69.161836 1.46834206581
70.637039 1.4685049057
72.127133 1.41837310791
73.552069 1.41847896576
75.189682 1.56860399246
76.764337 1.56848311424
78.489258 1.71871614456
80.014343 1.51858997345
81.539152 1.51858782768
82.863529 1.31816101074
84.538745 1.66873502731
86.01324 1.46831798553
87.337779 1.31832098961
88.862625 1.51865100861
90.287531 1.41833615303
91.762104 1.46838998795
93.336888 1.56861400604
94.767232 1.21807217598
96.467627 1.56870102882
97.892623 1.41846990585
99.417439 1.51857113838
100.741881 1.31826090813
101.966208 1.21813082695
103.341035 1.36835312843
104.815804 1.46858382225
106.440528 1.61854290962
107.742471 1.26819610596
109.467387 1.71883177757
110.841836 1.36835002899
112.366783 1.51853609085
113.89141 1.51852488518
115.315874 1.41836810112
116.740598 1.41831994057
118.114991 1.36828708649
119.691107 1.46846699715
120.96649 1.26825881004
122.241466 1.26816916466
123.566773 1.31823205948
125.059459 1.26816701889
126.385705 1.31828117371
127.710757 1.31826090813
128.93609 1.21823406219
130.345219 1.36847901344
131.620246 1.26824712753
132.745388 1.11802387238
134.220688 1.4684510231
135.470696 1.21826505661
136.745776 1.26830506325
138.120858 1.36828708649
139.546428 1.41848301888
140.76591 1.11829805374
141.940774 1.16802692413
143.115708 1.1680700779
144.290924 1.16808080673
145.616023 1.31831908226
146.74128 1.11813092232
147.866146 1.11804699898
148.990872 1.11795115471
150.216168 1.21819281578
151.39124 1.16826796532
152.689996 1.26834917068
153.915174 1.21820807457
155.370863 1.21836709976
156.747402 1.36849689484
157.872223 1.11799693108
158.946965 1.06792593002
160.213859 1.16817784309
161.438807 1.21811699867
162.564501 1.1180639267
163.744878 1.16813802719
164.786047 1.01840400696
165.961016 1.16811513901
167.186186 1.21815896034
168.311018 1.11804699898
169.486014 1.16792106628
170.510907 1.01791214943
171.686142 1.16803312302
172.760897 1.06796908379
173.936412 1.1683678627
175.061263 1.1180229187
176.236199 1.16800689697
177.311402 1.06798887253
178.56775 1.16803884506
179.642938 1.0680809021
180.667727 1.01780819893
181.843179 1.16834497452
182.867814 1.0178000927
184.043056 1.16809892654
185.268013 1.21813702583
186.596283 1.01804208755
187.672246 1.0679461956
188.747071 1.0679910183
189.872131 1.11796402931
190.997182 1.11825108528
192.071848 1.06781101227
193.146863 1.06794285774
194.171464 1.01784014702
195.246627 1.06789422035
