1.796792 1.36788105965
3.32323 1.51822590828
4.948407 1.6183359623
6.322463 1.36795496941
7.897641 1.56829285622
9.372522 1.46816802025
10.94809 1.5683400631
12.322482 1.36816716194
13.847178 1.51852297783
15.372585 1.51828503609
17.097332 1.71857905388
18.672755 1.56840801239
20.147169 1.46823215485
21.97268 1.81874299049
23.397906 1.41849994659
24.722736 1.31809091568
26.13972 1.31814599037
27.465431 1.31817698479
28.740219 1.2680170536
30.116061 1.36848592758
31.440952 1.31809902191
32.952783 1.31826686859
34.329066 1.36835598946
35.603898 1.26816892624
36.898668 1.26811790466
38.273589 1.36831498146
39.548239 1.26801609993
40.873406 1.31824994087
42.248303 1.36828303337
43.523342 1.26814985275
44.898213 1.368268013
46.173172 1.26818108559
47.709563 1.46847486496
49.234506 1.5185110569
50.608841 1.36828708649
52.133452 1.51852011681
53.607815 1.468282938
55.032559 1.41836500168
56.406879 1.36827301979
57.981321 1.56838297844
59.355874 1.36817598343
60.880519 1.51847791672
62.104581 1.21797513962
63.826603 1.46837210655
65.252688 1.41833877563
66.877921 1.61862301826
68.553178 1.66853499413
70.128651 1.56856298447
71.509943 1.2680709362
72.785398 1.26816797256
74.110432 1.31825089455
75.385633 1.2681748867
76.756219 1.31805491447
78.031116 1.26811504364
79.355922 1.3180809021
80.631292 1.26829385757
81.906147 1.26810288429
83.131301 1.21810984612
84.556377 1.41833281517
85.881224 1.3181450367
87.106315 1.21807003021
88.430958 1.31800508499
89.756112 1.31816697121
90.980883 1.21805095673
92.726151 1.6186850071
94.46063 1.56859111786
95.736849 1.2682890892
97.16213 1.41854405403
98.737326 1.56848502159
100.563315 1.81898403168
102.088394 1.51832509041
103.41369 1.31828093529
104.788785 1.36839103699
106.46412 1.66860818863
107.839421 1.36842489243
109.414694 1.56863689423
110.990353 1.56874203682
112.415396 1.41841697693
113.940505 1.51849913597
115.51601 1.56860280037
117.07435 1.41841602325
118.498734 1.41820287704
119.97316 1.46827697754
121.650164 1.66882014275
123.074724 1.41839790344
124.851548 1.56862401962
126.328145 1.46860098839
127.853396 1.51853489876
129.478702 1.61858391762
131.104561 1.61880517006
132.429607 1.3183119297
134.005448 1.56878399849
135.730917 1.71872210503
137.206132 1.46849489212
138.531476 1.31830906868
140.006687 1.46851015091
141.481641 1.36832094193
142.807035 1.31832408905
144.082081 1.2682390213
145.30698 1.21813583374
146.612277 1.26823806763
148.037624 1.4184179306
149.31299 1.26829099655
150.638022 1.31828594208
151.963147 1.31825900078
153.238403 1.26817393303
154.513393 1.26817703247
156.026408 1.31853604317
157.35294 1.31846094131
158.778191 1.41851401329
160.103262 1.31824803352
161.428715 1.31834697723
162.725635 1.16812801361
164.151081 1.41840386391
165.476143 1.31825900078
166.801382 1.31823897362
168.246989 1.41836023331
169.522329 1.26829099655
170.797582 1.26832294464
172.07274 1.26829218864
173.287977 1.16810894012
174.613176 1.31841015816
175.938144 1.31816887856
177.213384 1.26814413071
178.513508 1.26817893982
179.788842 1.26827406883
181.163905 1.3682808876
182.388836 1.21810698509
183.670407 1.16797709465
184.945756 1.26830101013
186.375683 1.21814393997
187.65197 1.26829504967
188.980031 1.26815390587
190.155209 1.16814303398
191.430118 1.26813912392
192.605036 1.16810703278
193.880417 1.26822900772
195.055233 1.16806101799
196.230851 1.16816687584
197.45604 1.21841597557
198.680964 1.21812295914
199.956166 1.26815891266
201.181085 1.21813297272
202.406286 1.2181019783
203.726072 1.21810388565
204.951314 1.21814012527
206.176448 1.21826910973
207.452069 1.26816606522
208.727053 1.26814317703
210.002355 1.26824784279
211.277323 1.26818704605
212.602091 1.26827192307
213.877344 1.26809000969
215.152427 1.26820087433
216.524983 1.16808986664
217.801211 1.26815581322
218.97611 1.16806292534
220.20144 1.21824598312
221.476946 1.26841616631
222.75196 1.26818203926
224.178366 1.31853508949
225.403285 1.21808409691
226.628657 1.21825289726
227.853778 1.21810388565
229.129323 1.2683660984
230.404457 1.26819801331
231.629473 1.21815085411
232.804469 1.16812896729
234.079856 1.26821613312
235.304819 1.21810388565
236.580292 1.26835513115
237.805227 1.21810483932
239.030269 1.21818518639
240.355589 1.31817984581
241.630708 1.26825904846
243.006839 1.36868906021
244.56694 1.36845898628
246.242082 1.66872191429
247.921649 1.46843481064
249.298185 1.3684720993
250.623429 1.31845116615
252.148816 1.51859378815
253.5743 1.41848015785
255.149614 1.56858706474
256.675279 1.51863598824
258.450996 1.76893615723
259.826041 1.36833977699
261.40181 1.5686788559
263.077222 1.66868901253
264.552874 1.46856307983
266.328616 1.7690050602
267.90395 1.56860113144
269.372932 1.31840777397
270.699785 1.31855583191
272.02496 1.31824707985
273.350559 1.31837201118
274.726288 1.36853790283
276.051479 1.31830906868
277.377257 1.31845116615
278.720437 1.16810798645
279.896643 1.16811513901
281.171822 1.26831698418
282.419353 1.21820688248
283.644746 1.21821188927
284.969961 1.31831693649
286.295501 1.31834292412
287.595198 1.26838588715
288.770204 1.16801691055
290.281833 1.3684129715
291.906923 1.61863899231
293.43175 1.51856017113
294.806762 1.36847400665
296.33158 1.51849412918
297.856303 1.51837897301
299.381074 1.51839089394
300.856186 1.46856093407
302.330902 1.46840906143
304.106109 1.76887392998
305.530952 1.41829013824
306.805398 1.26809096336
308.179928 1.36823511124
309.757636 1.41839289665
311.257235 1.4685280323
312.582376 1.31824493408
314.062924 1.36832594872
315.23817 1.16803312302
316.46318 1.21811795235
317.73854 1.26819300652
319.013594 1.26810693741
320.238934 1.21820116043
321.487176 1.21827697754
322.762227 1.26813387871
324.037699 1.26828408241
325.312947 1.26832890511
326.572737 1.21826100349
327.898747 1.31841397285
329.123924 1.21818494797
330.399303 1.26815605164
331.810265 1.36850404739
333.085364 1.26817202568
334.452583 1.26818203926
335.72817 1.26832485199
336.98274 1.21816706657
338.258636 1.26829409599
339.533756 1.26822710037
341.092012 1.31824207306
342.368468 1.26832985878
343.643617 1.26823306084
344.969052 1.3184030056
346.094259 1.11800193787
347.340679 1.2182700634
348.56584 1.21799206734
349.890971 1.31826996803
351.216225 1.31835007668
352.476504 1.21812701225
353.651408 1.16801595688
354.924175 1.1680829525
356.151921 1.21849584579
357.376986 1.2181520462
358.602029 1.2181289196
359.87756 1.26822400093
361.152662 1.26815986633
362.378004 1.21811890602
363.553111 1.16800403595
364.828561 1.26849913597
366.053944 1.21811819077
367.3291 1.26819896698
368.504511 1.16811299324
369.729499 1.21808505058
370.90438 1.16793704033
372.308317 1.21823382378
373.534596 1.21825098991
374.868286 1.21807909012
375.993608 1.11809897423
377.268667 1.26813387871
378.544265 1.26834893227
379.769381 1.21815395355
380.944465 1.16809797287
382.119827 1.16811990738
383.344966 1.21819591522
384.670782 1.31857585907
385.845889 1.16809296608
387.071239 1.21834802628
388.246352 1.16815710068
389.471937 1.21825313568
390.647007 1.16804790497
391.872599 1.21827697754
393.097634 1.2180659771
394.609305 1.31834316254
396.134375 1.51863312721
397.709556 1.56856799126
399.171557 1.41832613945
400.646235 1.46837711334
402.021316 1.36829590797
403.51043 1.26824903488
405.087342 1.56873703003
406.412544 1.31829714775
407.83836 1.41854214668
409.46397 1.61871385574
410.989474 1.51853609085
412.565518 1.56877589226
414.041131 1.46853399277
415.516877 1.46853613853
416.992407 1.46853709221
418.367661 1.21826195717
419.693371 1.31836414337
420.918571 1.21816205978
422.094116 1.16820001602
423.419463 1.3182311058
424.644586 1.2181019783
425.920237 1.26828289032
427.12702 1.168145895
428.402868 1.26846313477
429.578029 1.1681368351
430.803118 1.21804690361
432.128876 1.31834387779
433.354058 1.21817708015
434.784885 1.21826004982
436.011429 1.21827292442
437.286922 1.26826715469
439.233474 1.56867289543
440.708636 1.46845507622
442.183627 1.46852707863
443.658645 1.46855401993
444.983611 1.31823420525
446.458547 1.4684920311
448.284099 1.81911206245
449.75929 1.46836495399
451.2343 1.46855092049
452.709324 1.46858096123
454.33484 1.61876893044
455.809808 1.4684920311
457.184746 1.368445158
458.610013 1.41848707199
460.034899 1.41842699051
461.260316 1.21835803986
462.529814 1.16810393333
463.755212 1.21830201149
465.43472 1.41862607002
466.711261 1.26840901375
467.961332 1.21821594238
469.236612 1.26827287674
470.462123 1.2182199955
471.637339 1.16818404198
472.86299 1.2183098793
474.038189 1.16813802719
475.413549 1.36832785606
476.689151 1.26832413673
477.864554 1.16835093498
479.090126 1.21822690964
480.365335 1.26820206642
481.540458 1.16809010506
482.911944 1.26836895943
484.087755 1.16818094254
485.363155 1.26831507683
486.638855 1.26830816269
487.814078 1.1681599617
489.039352 1.21813511848
490.264953 1.21818614006
491.490153 1.21813011169
492.665743 1.1682240963
493.840995 1.16816902161
495.066263 1.21817088127
496.458793 1.21823906898
497.63524 1.16827702522
498.910687 1.26828598976
500.186182 1.26844096184
501.48767 1.26828980446
503.275253 1.56875109673
504.600171 1.31824302673
505.924851 1.31832504272
507.450162 1.51860690117
508.774904 1.31828403473
510.249974 1.4686999321
511.625001 1.36840701103
513.024039 1.36845588684
514.348692 1.31825709343
515.974107 1.61871886253
517.499262 1.51864099503
518.924217 1.41852903366
520.499553 1.56867098808
522.074662 1.56873202324
523.349481 1.26835894585
524.924805 1.56865096092
526.282899 1.2184240818
527.650495 1.11814498901
528.927167 1.26832389832
530.102354 1.16809916496
531.227433 1.11803388596
532.402919 1.16813492775
533.628253 1.21808695793
534.853793 1.21818494797
535.978967 1.11808681488
537.254298 1.2681760788
538.429823 1.16816997528
539.604971 1.16810297966
540.830508 1.2182059288
542.106035 1.26842093468
543.281152 1.16806602478
544.456682 1.1681470871
547.059398 1.76909685135
548.28476 1.21822690964
549.510414 1.21824812889
550.835935 1.31839203835
552.111785 1.26839184761
553.369977 1.21823596954
554.545275 1.16812586784
555.821007 1.2682890892
557.146601 1.3184030056
558.744782 1.31838297844
559.971516 1.21822595596
561.297028 1.31842398643
562.522375 1.21822214127
563.829776 1.26827597618
565.055187 1.21824717522
566.38107 1.31845092773
568.485533 1.81909990311
570.060976 1.56871914864
571.485813 1.41836905479
572.911093 1.41854906082
574.336493 1.41888904572
575.76145 1.41851091385
577.337105 1.56894397736
578.962317 1.61880588531
580.387259 1.41847395897
581.9626 1.56861305237
583.487708 1.51868987083
584.96256 1.4683470726
586.237534 1.2682299614
587.662507 1.41850996017
589.243201 1.31826901436
590.669885 1.41842699051
592.40156 1.36841511726
593.726296 1.31829690933
594.951808 1.21840000153
596.176487 1.21818900108
597.501227 1.31822991371
598.876466 1.36840701103
600.15165 1.26846313477
601.326157 1.16806507111
602.601262 1.26831007004
603.92606 1.31832885742
605.350913 1.41844010353
606.575857 1.21816492081
608.000719 1.41834616661
609.325829 1.3183760643
610.651607 1.3185608387
611.826284 1.16818904877
613.143936 1.21814703941
614.388958 1.21838188171
615.614384 1.21821594238
616.840215 1.21830797195
618.065632 1.21824598312
619.501827 1.2183380127
620.728657 1.21841096878
621.903965 1.16816711426
623.179943 1.26850509644
624.455573 1.2684340477
625.631154 1.16820406914
626.858302 1.21854782104
628.033705 1.16825199127
629.359555 1.31837487221
630.535088 1.16832900047
631.760595 1.21827101707
633.324069 1.4189889431
634.698982 1.36845493317
636.02401 1.31832695007
637.449051 1.4185230732
638.773924 1.31837010384
640.049049 1.26833200455
641.373871 1.31830596924
642.749045 1.36850404739
644.174408 1.41860294342
645.5994 1.4184961319
646.924342 1.31839203835
648.149432 1.21826291084
649.524284 1.36839008331
650.909358 1.1682498455
652.136293 1.2183470726
653.411581 1.2681479454
654.793385 1.26833105087
656.018888 1.21818709373
657.194418 1.16800904274
658.495387 1.2683429718
659.671074 1.16822504997
660.996649 1.31838703156
662.221946 1.21813678741
663.370819 1.11811494827
664.646266 1.26824307442
665.871623 1.21818518639
667.197782 1.31854891777
668.423059 1.21809196472
669.698794 1.26826715469
670.974124 1.26818203926
672.249542 1.26815605164
673.475284 1.21827197075
674.772011 1.16815805435
676.04772 1.2682390213
677.223055 1.16813087463
678.448877 1.21831893921
679.674275 1.21818685532
680.899862 1.2184009552
682.384465 1.26833486557
683.660976 1.26828813553
684.886386 1.21823000908
686.11167 1.21815896034
687.237294 1.11805605888
688.412545 1.16811800003
689.68825 1.26818299294
690.863423 1.16802501678
692.039484 1.16819000244
693.264874 1.21818208694
694.783465 1.31851196289
696.158919 1.36856889725
697.584065 1.41851592064
698.909263 1.31852912903
700.234367 1.31826996803
701.509206 1.26826095581
702.884172 1.36830306053
704.309547 1.4185461998
705.834689 1.5186150074
707.459935 1.61858296394
709.035417 1.56862902641
710.61059 1.56857681274
712.185672 1.5685338974
713.646595 1.26840782166
715.073654 1.41871190071
716.549338 1.46854805946
718.038676 1.31847596169
719.264242 1.21827197075
720.489823 1.21818995476
721.715845 1.21840119362
722.991393 1.26832318306
724.217436 1.21836805344
725.34329 1.11831712723
726.819067 1.46853899956
728.09504 1.26834797859
729.270476 1.16821193695
730.446422 1.16829586029
731.653732 1.16812300682
732.829106 1.16817593575
734.055237 1.21851587296
735.380828 1.31837487221
736.757257 1.36846804619
738.299158 1.41848993301
739.524226 1.21817398071
740.802375 1.26883292198
742.177526 1.36855506897
743.452514 1.26837897301
744.812915 1.16817307472
746.240431 1.41866207123
747.616155 1.36857199669
748.991786 1.36839699745
750.317671 1.31848502159
751.693216 1.3683860302
752.86884 1.16815686226
754.244491 1.36849308014
755.470186 1.21842098236
756.796121 1.3184530735
758.121676 1.31842899323
759.85751 1.51868104935
761.282522 1.41841983795
762.707465 1.4183909893
764.084029 1.36845517159
765.659275 1.56861996651
767.184528 1.51864004135
768.509738 1.31830406189
770.034892 1.51855015755
771.459881 1.41838407516
772.835275 1.36834096909
774.160403 1.31839203835
775.745043 1.368527174
777.071866 1.31837582588
778.447468 1.36838006973
779.923164 1.46856999397
781.399147 1.46859192848
782.835066 1.26829409599
783.960737 1.11805105209
785.136337 1.16832685471
786.362651 1.21837115288
787.638428 1.26846694946
788.913938 1.26824808121
790.139772 1.21824884415
791.365292 1.21825480461
792.591203 1.21827697754
793.866808 1.26835513115
795.092245 1.21812200546
796.318101 1.21829104424
797.393369 1.06801319122
798.669428 1.26846909523
799.895013 1.21828007698
801.220577 1.31826210022
802.591256 1.26833796501
803.767147 1.16821289062
804.892572 1.11816191673
806.442019 1.31857395172
807.568932 1.1183590889
808.74436 1.16813898087
809.919749 1.16814112663
811.095529 1.16814994812
812.270981 1.16817307472
813.396704 1.11808109283
814.672391 1.26841688156
815.897927 1.21822810173
817.073827 1.16836285591
818.299322 1.21821808815
819.525146 1.21825504303
820.700611 1.16819596291
821.975765 1.16821098328
823.151313 1.16820597649
824.277227 1.11815595627
825.402668 1.11817288399
826.578042 1.16803717613
827.753896 1.1682600975
828.929531 1.16826581955
830.105639 1.16829204559
831.431368 1.31841802597
832.606874 1.16814494133
833.782679 1.16813802719
835.008277 1.21823596954
836.234174 1.21829009056
837.685672 1.26828479767
838.962538 1.26846385002
840.138017 1.16819000244
