2.556938 1.86884188652
4.082803 1.51825809479
5.808379 1.71874713898
7.332879 1.5182352066
8.957331 1.61833500862
10.432173 1.46819496155
11.90679 1.46817302704
13.381694 1.4682071209
15.006159 1.61832022667
16.832024 1.81871199608
18.406918 1.5686249733
19.831912 1.41801095009
21.457075 1.61845493317
22.781202 1.3179910183
24.255807 1.46820187569
25.881055 1.6185760498
27.354271 1.41812300682
28.828745 1.46830892563
30.353291 1.51837015152
31.878102 1.51841902733
33.98634 1.51834511757
35.812919 1.81884908676
37.488085 1.6685628891
39.063685 1.56866788864
40.638987 1.56870889664
42.063789 1.4182062149
43.739351 1.66854214668
45.214871 1.46893191338
46.84038 1.61865711212
48.265154 1.41819000244
50.040448 1.76862692833
51.515562 1.46822118759
53.261277 1.61877298355
55.086634 1.81883502007
56.511077 1.41831684113
57.835567 1.31806397438
59.460078 1.61846208572
61.034691 1.56848287582
62.609667 1.56860899925
64.770225 1.66892290115
66.348233 1.5686340332
67.923438 1.56853508949
69.549229 1.61872696877
70.924075 1.36817908287
72.599755 1.66879701614
74.125232 1.51854991913
75.650386 1.51848816872
77.326116 1.66880202293
78.740244 1.31828308105
80.115166 1.36823511124
81.590224 1.46836304665
82.965662 1.36836290359
84.440734 1.46835303307
86.066092 1.61865210533
87.541468 1.46831798553
89.016601 1.46844100952
90.291725 1.26814389229
91.666682 1.36824798584
92.991412 1.31803393364
94.516987 1.51855683327
96.496715 1.41834020615
98.023182 1.51854896545
99.448225 1.41834211349
100.923228 1.46829080582
102.341295 1.31816101074
103.766581 1.41828513145
105.19186 1.41840791702
106.567462 1.36855006218
107.79231 1.21803402901
109.117252 1.31816196442
110.492482 1.36819911003
112.067723 1.56849193573
113.412578 1.2680079937
114.687747 1.26804685593
116.062664 1.3682410717
117.337806 1.26813983917
118.612598 1.26806902885
119.987459 1.36809802055
121.362776 1.36827683449
122.787765 1.41819596291
124.246085 1.36831307411
125.621504 1.36841893196
127.695985 1.36832594872
129.072293 1.36839985847
130.497414 1.41837382317
131.922652 1.41843700409
133.398208 1.468531847
134.923492 1.51852607727
136.298945 1.36837601662
137.724085 1.41842913628
138.999228 1.26808595657
140.374708 1.3683860302
141.823856 1.36861610413
143.149222 1.31834983826
144.574341 1.41835212708
146.149708 1.56861019135
147.610171 1.3683359623
148.935476 1.31820988655
150.610943 1.66865587234
151.836326 1.21821689606
153.161297 1.31818318367
154.586337 1.41827487946
155.811482 1.21807312965
157.186516 1.36823892593
159.296285 1.41858696938
160.572806 1.26817202568
162.198234 1.61865997314
163.573628 1.36827397346
165.205657 1.51855993271
166.931339 1.71886396408
168.306781 1.36837601662
169.782249 1.46865010262
171.324828 1.41832494736
172.799342 1.46828699112
174.37405 1.56851792336
175.998809 1.61856007576
177.523841 1.51848983765
178.998564 1.46850991249
180.873895 1.86902594566
182.148487 1.26810693741
183.622951 1.46824502945
185.54808 1.91899609566
187.022867 1.46839284897
188.597605 1.56861591339
190.654738 1.468708992
192.08207 1.41841721535
193.957903 1.86912488937
195.498054 1.51862406731
