1.844705 1.56875514984
3.22185 1.36849188805
4.797081 1.56858491898
6.422912 1.61879682541
7.948196 1.51856994629
9.323683 1.36846995354
10.949949 1.61892795563
12.575251 1.61878705025
13.950399 1.36823296547
15.375532 1.41829800606
16.850821 1.46834492683
18.376062 1.51850700378
19.901948 1.51855015755
21.276922 1.36843514442
22.551797 1.2680990696
23.575977 1.01770615578
25.051582 1.1684191227
26.726988 1.66887497902
28.101917 1.36837983131
29.477198 1.36848711967
31.002497 1.51882100105
32.520735 1.31866908073
34.047628 1.51866102219
35.372655 1.31831884384
36.648203 1.26839113235
38.223926 1.56869912148
39.799473 1.56861901283
41.12514 1.31842494011
42.299718 1.16797399521
43.624855 1.31824302673
45.149958 1.51844716072
46.625161 1.46838212013
48.048466 1.31839680672
49.022694 0.967884778976
50.247049 1.21815896034
51.722587 1.46854877472
53.098275 1.36862492561
54.323327 1.21830701828
55.49857 1.16827297211
56.623709 1.11814403534
58.099706 1.46872210503
59.324885 1.21819615364
60.450413 1.11823701859
61.72911 1.16834402084
63.152432 1.26841807365
64.278853 1.11827898026
65.404095 1.11828184128
66.629366 1.21824812889
67.754795 1.11802101135
68.88013 1.11818599701
70.00567 1.11818814278
71.080807 1.06803798676
72.306444 1.21830582619
73.131273 0.817805051804
74.144957 0.91784286499
75.39499 1.21863889694
76.520572 1.11840200424
77.595703 1.06807303429
78.520654 0.91805100441
79.645834 1.11820197105
80.620291 0.967993974686
81.645775 1.01816511154
82.670717 1.01794099808
83.695487 1.01778006554
84.619951 0.917777061462
85.543924 0.917650938034
86.519161 0.967861175537
87.71367 1.06799602509
88.788705 1.0680129528
89.714232 0.918259859085
90.689038 0.968015909195
91.796937 1.06811189651
92.922131 1.11811614037
94.888678 1.56898713112
96.164606 1.26855301857
97.190151 1.01820397377
98.315553 1.11826491356
99.441065 1.11839103699
100.666887 1.21843695641
102.092886 1.41887617111
103.168301 1.0682990551
104.143055 0.968019008636
105.655616 1.31883096695
106.881184 1.21839809418
107.906695 1.01812386513
108.881318 0.968088150024
110.056455 1.16809511185
111.131208 1.06798195839
112.15592 1.01787400246
113.20937 0.967905044556
114.475392 1.06813192368
115.650408 1.16819000244
116.625079 0.967853069305
117.700176 1.0680000782
118.97527 1.26831698418
120.081901 1.01819491386
121.356984 1.26827096939
122.532015 1.16821694374
123.757384 1.21826505661
125.100841 1.1181640625
126.271014 1.06809186935
127.445884 1.16807579994
128.671189 1.21816492081
129.946325 1.26836180687
131.171202 1.2180480957
132.196263 1.01791977882
133.891886 1.51882719994
135.217115 1.31825208664
136.342156 1.1180369854
137.734868 1.11808991432
139.059037 1.21853995323
140.034943 0.968247890472
141.110268 1.06825113297
142.413017 1.21850299835
143.78853 1.36855792999
144.914475 1.11839699745
146.03982 1.11836600304
147.398531 1.26844215393
148.524832 1.11821699142
149.600305 1.06825900078
150.955417 1.26865005493
152.181147 1.21846604347
153.585435 1.31865310669
154.711419 1.11849999428
156.156889 1.21843290329
157.45436 1.1684949398
158.679388 1.21812796593
160.013736 1.21842288971
161.239692 1.21838712692
162.447484 1.11859798431
163.65058 1.11824011803
164.776563 1.1183860302
166.029066 1.16829895973
167.204303 1.16807818413
168.379469 1.16829609871
169.855886 1.46886110306
171.091777 1.1180870533
172.367371 1.2682659626
173.642497 1.26825618744
175.128558 1.36856889725
176.44996 1.21827197075
177.575348 1.11825013161
178.879316 1.21839904785
180.204486 1.31830501556
181.518132 1.26843690872
183.077965 1.46909689903
184.253626 1.1684551239
185.556616 1.21844696999
187.063314 1.21824097633
188.18947 1.11823487282
189.491823 1.11840200424
190.667084 1.16815304756
191.926046 1.21823096275
193.286507 1.2683930397
194.361465 1.06809806824
196.139083 1.61934494972
197.214687 1.06829714775
198.831629 1.26862978935
199.907466 1.0682580471
201.429871 1.41884899139
202.954878 1.51862692833
204.429731 1.46854090691
205.904746 1.46855688095
207.429639 1.51859498024
208.904439 1.46855282784
210.330651 1.41846895218
211.65544 1.31848716736
213.230403 1.56867599487
214.655523 1.41855788231
216.230717 1.56892490387
217.882308 1.41862797737
219.258908 1.36848092079
220.53388 1.26826095581
221.959691 1.41881990433
223.535058 1.56862401962
225.427222 1.56946611404
226.902214 1.46878004074
228.026987 1.11853694916
229.352392 1.31888794899
230.778922 1.41893100739
232.033861 1.16831111908
233.159048 1.11821508408
234.234584 1.06824302673
235.543598 1.21850681305
236.745562 1.11819291115
237.994945 1.21840906143
239.070013 1.06806206703
240.495483 1.41851806641
241.67085 1.16819095612
242.871642 1.11837291718
244.397535 1.51892495155
245.52424 1.11852622032
246.750082 1.21866416931
248.332989 1.31875014305
249.410049 1.06841802597
251.153864 1.51920413971
252.229008 1.06821894646
253.454737 1.21848106384
254.927573 1.31883502007
256.003002 1.06822490692
257.408249 1.31858181953
258.948015 1.41867208481
260.123434 1.16821193695
261.298595 1.168197155
262.374015 1.06817889214
263.770867 1.26852607727
265.122998 1.26829314232
266.149191 1.0182390213
267.329088 1.01826095581
268.604361 1.26834893227
269.779417 1.16812992096
270.984941 1.11848807335
272.361078 1.36890101433
273.436218 1.06816387177
274.611612 1.16817998886
275.821441 1.11818099022
277.047005 1.21835207939
278.502371 1.21830201149
279.780132 1.16835999489
280.98542 1.11854600906
282.110569 1.11818981171
283.285718 1.16816210747
284.589025 1.21841311455
285.716291 1.1195089817
287.133974 1.36872196198
288.410232 1.26860404015
289.840624 1.31885290146
290.99304 1.06815481186
292.118676 1.11829710007
293.373863 1.16846203804
294.529725 1.06866002083
295.978148 1.26887798309
297.271999 1.16837620735
298.347657 1.06840109825
299.602967 1.16841220856
300.913711 1.21853899956
302.31688 1.31875896454
303.44196 1.11809802055
304.767743 1.31844210625
305.998147 1.11846494675
307.223701 1.21826910973
308.398947 1.16822814941
310.00617 1.16876196861
311.133152 1.1185438633
312.492395 1.26823091507
313.618475 1.11811590195
315.513308 1.66920995712
317.139521 1.61928606033
318.564938 1.41880607605
320.190448 1.61911797523
321.715316 1.51845812798
323.190546 1.46865701675
324.515529 1.3184659481
326.140476 1.61864280701
327.665674 1.51863288879
328.890306 1.21821689606
330.215601 1.31872582436
332.042037 1.81943583488
333.517306 1.46867394447
334.942587 1.41871809959
336.217464 1.26825904846
337.742552 1.51857018471
339.249451 1.268419981
340.900856 1.31891012192
342.170388 1.16857218742
343.396253 1.21834921837
344.592402 1.16845202446
345.779608 1.06806778908
346.804823 1.01797294617
348.136453 1.16841506958
349.311958 1.16811108589
350.475015 1.06815481186
351.830143 1.26832389832
352.987544 1.06799697876
354.443497 1.31849694252
355.718753 1.26860499382
356.944328 1.21825003624
358.268922 1.31832480431
359.794241 1.51876592636
361.068859 1.26833105087
362.444013 1.36885094643
363.569441 1.11826992035
