1.873512 1.4683470726
3.400522 1.51827383041
5.07589 1.66855597496
6.664189 1.56860184669
8.189172 1.51842284203
9.667104 1.46849918365
11.04189 1.36826205254
12.616931 1.56849098206
14.192106 1.56840991974
16.018796 1.81956505775
17.443172 1.41811108589
18.768116 1.31824588776
20.293688 1.51836800575
22.068647 1.76878404617
23.343412 1.26800203323
24.818663 1.46825695038
26.289506 1.36898899078
28.015501 1.71885800362
29.391107 1.36836099625
30.866871 1.46862983704
32.486274 1.41878890991
33.963701 1.46887588501
35.288836 1.31822395325
36.664443 1.36861896515
38.240364 1.56903195381
39.715926 1.46836185455
41.243171 1.51988792419
42.719003 1.46905589104
44.244879 1.51881694794
45.720018 1.46845912933
47.345169 1.61849594116
48.820889 1.46849799156
50.468836 1.51875805855
52.143969 1.66889190674
53.769381 1.61907601357
55.19443 1.41873288155
56.720769 1.51891088486
58.296069 1.56896114349
59.823715 1.51908707619
61.399997 1.56956100464
63.09669 1.51895880699
64.7268 1.6206099987
66.452907 1.71928811073
67.978889 1.5189909935
69.50586 1.51914000511
70.981412 1.46875095367
72.407861 1.41871380806
73.984673 1.56932497025
75.63033 1.56907010078
77.406748 1.76931095123
79.067143 1.61923503876
80.442495 1.36852884293
81.96842 1.51884794235
83.695101 1.71930289268
85.821753 2.12018990517
87.54844 1.71976900101
89.124333 1.56912708282
90.700103 1.56962299347
92.525646 1.81930708885
94.420456 1.6702208519
95.931099 1.41921210289
97.457319 1.51877379417
98.983572 1.51887798309
101.561713 2.57086014748
103.074721 1.36906290054
104.651786 1.56908297539
106.179362 1.51973199844
107.556055 1.36890912056
109.232558 1.66908407211
111.109613 1.86996293068
112.585445 1.4688308239
114.161507 1.56895804405
115.589311 1.41877102852
117.015487 1.41910386086
118.441616 1.41879606247
119.917497 1.46874499321
121.293708 1.3687479496
123.020826 1.71921491623
124.624874 1.41864991188
126.101757 1.46878409386
127.578692 1.36866593361
129.004581 1.41857194901
130.480181 1.46875
131.906849 1.41871500015
133.43292 1.51911592484
134.859246 1.41901087761
136.284802 1.41851305962
137.660253 1.36859297752
139.136777 1.46936011314
140.612448 1.46871304512
142.08882 1.46914505959
143.615197 1.51886916161
145.141676 1.51895999908
146.567618 1.4186258316
148.09402 1.51889395714
149.569904 1.46884989738
151.634465 1.61914181709
153.059444 1.41856312752
154.734961 1.66907286644
156.508983 1.51930809021
158.236754 1.71973514557
159.76258 1.51881217957
161.1887 1.41925215721
162.714766 1.51878499985
164.441374 1.7193570137
165.817402 1.36884713173
167.293737 1.46868085861
168.969839 1.66908693314
170.295723 1.3184568882
172.072265 1.76971387863
173.648838 1.56921195984
175.125431 1.46987104416
177.09897 1.61912202835
178.574726 1.46883201599
180.000619 1.41881418228
181.426834 1.41899991035
182.952847 1.51901006699
184.378877 1.41877889633
185.90507 1.51880598068
187.471964 1.36910915375
188.94966 1.46951818466
190.375546 1.41873502731
191.901986 1.51915001869
193.327592 1.41859292984
194.803683 1.46914100647
196.230079 1.41874289513
197.706039 1.46904993057
199.626189 1.66936087608
201.202282 1.56902480125
202.678754 1.46897006035
204.204662 1.51890707016
205.682536 1.46904301643
207.008982 1.31886792183
208.334602 1.31862592697
209.727961 1.36857581139
211.204415 1.46903395653
212.730447 1.51873707771
214.156446 1.41881203651
215.582242 1.41872215271
217.058291 1.46892285347
218.665127 1.41878509521
220.142495 1.46875905991
221.618223 1.46881198883
223.361997 1.46884393692
224.837436 1.46889591217
226.463015 1.61899805069
227.838366 1.36892604828
229.513974 1.66935682297
231.19055 1.66926407814
233.016073 1.81928896904
234.491383 1.46878314018
236.067098 1.56909918785
237.592443 1.51885581017
239.267712 1.66904187202
240.69365 1.41868901253
242.218998 1.51896595955
243.543969 1.31838703156
245.11991 1.5690472126
246.997535 1.86969518661
249.292649 1.76925182343
250.720356 1.41905784607
252.196783 1.46879410744
253.623735 1.41930198669
255.052469 1.41908693314
256.47833 1.41859793663
258.005176 1.51907086372
259.381087 1.36872911453
261.05756 1.66922998428
262.834121 1.76942801476
264.309868 1.46884799004
265.685814 1.36846089363
267.261723 1.56898403168
268.738434 1.46928882599
270.264289 1.51879811287
271.590826 1.31881213188
272.983376 1.21844410896
274.475994 1.46891713142
275.902227 1.41881299019
277.22862 1.31886911392
278.654928 1.41870594025
280.225129 1.31841611862
281.75187 1.51878809929
283.177809 1.41866707802
284.603553 1.4185218811
286.229576 1.61918401718
287.705598 1.4686961174
289.182063 1.46914982796
290.5577 1.36854195595
292.083687 1.51868700981
293.709879 1.61917495728
295.673888 1.61926412582
297.048973 1.36855316162
298.774337 1.71912097931
300.200258 1.41877698898
301.725231 1.51868700981
303.250984 1.51888203621
304.776483 1.5188229084
306.452996 1.66960120201
308.078345 1.61900997162
309.403467 1.31852889061
311.193564 1.31885504723
312.871457 1.66945004463
314.448156 1.5692281723
315.973753 1.51879811287
317.399956 1.4187078476
318.875669 1.46876502037
320.525273 1.41878199577
321.901779 1.36855220795
323.327783 1.41852283478
324.604472 1.26862001419
325.93224 1.31860113144
327.259095 1.31880092621
328.535044 1.26857995987
329.911011 1.36873984337
331.136986 1.21901488304
332.513179 1.36885595322
333.989012 1.46878790855
335.315039 1.31863498688
336.541461 1.21863412857
337.81687 1.26838088036
339.143386 1.31856989861
340.369092 1.21834111214
342.430591 1.56884813309
343.830635 1.36904287338
345.106291 1.26857805252
346.433079 1.31869101524
347.708508 1.26831793785
348.984363 1.26846694946
350.260073 1.2684700489
351.68669 1.41924405098
353.162706 1.4687628746
354.588504 1.41863393784
355.864254 1.26849412918
357.190159 1.3185210228
358.566886 1.36865901947
359.943282 1.36876988411
361.21924 1.26874899864
362.495705 1.26856994629
