1.74311 1.16790008545
3.319328 1.56860303879
4.743849 1.4183549881
6.069003 1.31826615334
7.443615 1.36823916435
9.068434 1.6186811924
10.543338 1.46875405312
12.018725 1.46863794327
13.393965 1.36849498749
14.770142 1.36862206459
16.244826 1.46853208542
17.720723 1.46877288818
19.196557 1.468708992
20.621849 1.41865992546
22.047317 1.41860389709
23.423048 1.36852216721
25.159819 1.66881394386
26.734768 1.5687391758
28.259843 1.51872205734
29.685147 1.41866493225
31.009856 1.318349123
32.469349 1.26837491989
33.996131 1.51876091957
35.472015 1.46888303757
37.048432 1.56904911995
38.474189 1.41873908043
40.049639 1.5687930584
41.475274 1.41868400574
43.050756 1.56883907318
44.526952 1.46889710426
45.751831 1.21820497513
47.227057 1.46855306625
48.672715 1.31865501404
50.198115 1.51893782616
51.523171 1.31858587265
52.798866 1.26849198341
54.173606 1.36851382256
55.399526 1.21869182587
56.874911 1.46893405914
58.050026 1.16825389862
59.175529 1.1184489727
60.850684 1.66886496544
62.025681 1.16827106476
63.385999 1.16842699051
64.612581 1.21843290329
66.088029 1.46868300438
67.514498 1.41888380051
68.740385 1.21875715256
70.135775 1.26874995232
71.310715 1.16817116737
72.48612 1.16832304001
73.661212 1.16827321053
74.936861 1.26875400543
76.162725 1.21860980988
77.337821 1.16833400726
78.613046 1.26841688156
79.78859 1.16820406914
80.963698 1.16832399368
82.189796 1.21865797043
83.465424 1.26859998703
84.690863 1.21842312813
85.86623 1.16828203201
87.041262 1.1682639122
88.217069 1.16834306717
89.505565 1.1683049202
90.681006 1.16835618019
92.007955 1.31874608994
93.284189 1.26879096031
94.728052 1.26864600182
95.904372 1.16837692261
97.129446 1.21833109856
98.304514 1.16823291779
99.530773 1.21848511696
100.656192 1.11843895912
101.782237 1.11844205856
103.00748 1.21842002869
104.333405 1.3187930584
105.559516 1.21865105629
106.834742 1.2684340477
108.060285 1.21845293045
109.401747 1.21827197075
110.578003 1.16850209236
111.753391 1.168405056
112.929595 1.16873502731
114.105241 1.16859197617
115.230226 1.11814188957
116.35577 1.11844801903
117.58087 1.21834611893
118.755845 1.16818404198
119.931527 1.16852998734
121.107356 1.16872000694
122.282845 1.16839003563
123.458536 1.16852712631
124.835835 1.16850090027
126.063021 1.21867108345
127.239574 1.16943907738
128.643813 1.26887583733
129.869497 1.2185781002
131.045317 1.1686668396
132.271453 1.21858906746
133.447204 1.16858696938
134.673012 1.2185049057
135.948552 1.26869010925
137.173739 1.21832513809
138.349556 1.16840314865
139.574685 1.2182970047
140.74972 1.16819310188
141.976014 1.21871995926
143.151214 1.16835689545
144.327407 1.16870093346
145.602573 1.2683608532
146.827781 1.21835517883
148.435073 1.46916913986
149.809792 1.36853504181
151.385227 1.5689561367
152.960922 1.56903004646
154.386452 1.4189388752
155.944237 1.36896395683
157.421967 1.46932697296
158.847396 1.41861987114
160.273354 1.41878986359
161.85001 1.56932878494
163.225918 1.36876010895
164.753828 1.51906991005
166.17992 1.41889810562
167.755901 1.56889200211
169.181428 1.4187400341
170.607701 1.41913294792
171.904466 1.16860389709
173.08023 1.16856217384
174.255931 1.16842103004
175.531668 1.26863002777
176.808406 1.26879000664
178.034112 1.2185151577
179.160085 1.1184899807
180.335248 1.16830992699
181.510886 1.16847395897
182.786994 1.26856017113
183.962857 1.1686899662
185.189252 1.21882200241
186.527476 1.16852402687
187.754406 1.21867489815
188.879994 1.11843204498
190.055629 1.16845393181
191.351354 1.16869711876
192.527424 1.16854000092
193.803249 1.26863098145
194.978693 1.16832995415
196.153828 1.16826581955
197.279571 1.11854696274
198.455614 1.16853308678
199.681381 1.21856212616
200.95721 1.26866412163
202.133297 1.1685230732
203.358498 1.21830582619
204.584706 1.21866703033
205.809935 1.21833300591
207.085356 1.26850390434
208.311332 1.21859884262
209.487042 1.16848802567
211.144492 1.51903009415
212.720026 1.56905984879
214.245287 1.51882910728
215.670773 1.41885185242
217.511788 1.56918096542
218.88866 1.36866903305
220.214698 1.31880784035
221.741273 1.5190141201
222.966474 1.21844983101
224.391984 1.41873788834
226.018136 1.61891508102
227.393724 1.3688249588
228.869629 1.46875500679
230.295174 1.41877198219
231.82065 1.51865792274
233.396647 1.5688970089
234.766713 1.21836900711
235.993004 1.21869897842
237.268941 1.26869606972
238.495131 1.21854805946
239.670661 1.16854000092
240.895921 1.21833586693
242.121645 1.21846604347
243.347614 1.21867895126
244.62349 1.26862192154
245.899567 1.26879906654
247.175585 1.26878714561
248.543679 1.16827702522
249.820183 1.26856398582
251.095468 1.26836109161
252.270678 1.16830396652
253.446302 1.16832590103
254.895947 1.3187289238
256.171307 1.26861190796
257.596216 1.41857790947
258.920803 1.31829810143
260.296063 1.36861014366
261.92191 1.61919689178
263.446868 1.51863217354
264.872279 1.41877007484
266.197095 1.31832885742
267.722168 1.51874113083
269.197742 1.46894907951
270.82419 1.61933398247
272.399934 1.56910014153
273.92553 1.51899814606
275.601158 1.66890907288
277.22638 1.61887001991
278.512448 1.16873383522
279.852 1.16837406158
281.078448 1.21844792366
282.35386 1.26845407486
283.52936 1.16838407516
284.705674 1.16867589951
285.931046 1.21835899353
287.056607 1.11830401421
288.231817 1.16829895973
289.407029 1.16824793816
290.63289 1.2186460495
291.808159 1.16829395294
292.98427 1.16850304604
294.160064 1.16849899292
295.336136 1.16837310791
296.561555 1.21847295761
298.258157 1.46907711029
299.633846 1.36879014969
301.059539 1.41915178299
302.334151 1.26834082603
303.760192 1.41909694672
305.185712 1.41897702217
306.7614 1.56908988953
308.187432 1.41905498505
309.61282 1.41883206367
311.170387 1.36902499199
312.698272 1.51920795441
314.17454 1.46897506714
315.550904 1.36879706383
316.977083 1.41899299622
318.403221 1.41887378693
319.906964 1.46893191338
321.35955 1.26897597313
322.485906 1.11855483055
323.661815 1.16854691505
324.838155 1.16860508919
326.114151 1.26864409447
327.340166 1.21865010262
328.516433 1.16856098175
329.792433 1.26863694191
330.969029 1.16876602173
332.194547 1.21848392487
333.420001 1.21835398674
334.595714 1.16833901405
335.871193 1.26850605011
336.996927 1.11843514442
338.222313 1.21834611893
339.397584 1.16822385788
340.990288 1.46919107437
342.628241 1.41882801056
344.157298 1.51891684532
345.633736 1.46910190582
346.960353 1.31887888908
348.436679 1.46897578239
349.863062 1.41899704933
351.289158 1.41874313354
352.564783 1.26859998703
354.141061 1.56886100769
355.566889 1.41882205009
357.092735 1.51884484291
358.668936 1.56888079643
360.044627 1.3686580658
361.470764 1.41872119904
362.996792 1.51893496513
364.284662 1.16852712631
365.511294 1.21873998642
366.786897 1.26854395866
368.163809 1.36910510063
369.390057 1.21868109703
370.566183 1.1685769558
371.792817 1.21867704391
373.127977 1.11854481697
374.304699 1.16842699051
375.530808 1.21872210503
376.756404 1.21841812134
377.982992 1.21881198883
379.259483 1.26884484291
380.385804 1.1185939312
381.562028 1.16880106926
382.787619 1.21843910217
384.491726 1.46931505203
385.967505 1.46908807755
387.543441 1.5691010952
388.968957 1.41893696785
390.244105 1.26854586601
391.669758 1.41897392273
392.894783 1.21856689453
394.219934 1.31847405434
395.74556 1.51902198792
397.070444 1.31857085228
398.596586 1.51908993721
400.022302 1.41900801659
401.598385 1.5692179203
403.174489 1.56912088394
404.81939 1.46898889542
406.196249 1.36866211891
407.604927 1.21881985664
408.830458 1.21845912933
409.906306 1.06842803955
411.182294 1.26858401299
412.407847 1.2184779644
413.533636 1.1184258461
414.810052 1.26870203018
416.135685 1.31855916977
417.462215 1.31880998611
418.588035 1.11848807335
419.913862 1.31877017021
421.139636 1.21838092804
422.465808 1.31872105598
423.692247 1.21867084503
424.917758 1.21846795082
426.193868 1.26872801781
427.434201 1.11847090721
428.560576 1.11855006218
429.786371 1.218501091
430.962131 1.16838717461
432.08742 1.11820602417
433.262736 1.16822195053
434.488747 1.21867799759
435.861283 1.1185760498
437.037915 1.16837501526
438.213383 1.16838097572
439.288802 1.06832790375
440.464983 1.16848182678
441.690464 1.21844792366
442.816084 1.11825418472
443.991481 1.16837906837
445.266902 1.26836681366
446.611965 1.21844911575
447.787689 1.16832399368
448.862771 1.06807303429
449.988703 1.11858201027
451.164313 1.16847395897
452.289694 1.11822104454
453.465404 1.16834998131
454.640816 1.16831612587
455.866651 1.21843504906
456.992568 1.11849403381
458.118399 1.11845803261
459.243958 1.11821389198
460.419312 1.16825199127
461.545266 1.11822915077
462.720695 1.16834211349
463.846088 1.11833190918
465.284616 1.31848096848
466.652853 1.16848683357
467.752101 1.0684299469
468.92825 1.16856193542
470.053931 1.11843299866
471.23053 1.16842484474
472.406065 1.16846013069
473.53184 1.11836600304
474.657762 1.11851906776
475.783763 1.11857008934
476.909565 1.11838579178
478.085558 1.16859316826
479.26196 1.16861414909
480.488097 1.2186961174
481.614043 1.11852693558
482.690212 1.06839609146
483.98374 1.16865992546
485.160319 1.16854000092
486.286317 1.11851191521
487.41269 1.11846208572
488.538074 1.11820411682
489.713538 1.16834402084
490.889414 1.16844296455
492.115628 1.21870613098
493.292208 1.16880607605
494.517685 1.21841001511
495.693195 1.16833996773
497.094048 1.11860513687
498.221308 1.11862015724
499.347309 1.11856198311
500.622895 1.26850700378
501.84886 1.21861791611
503.147243 1.16828298569
504.273006 1.11834692955
505.348434 1.06830501556
506.474288 1.11838507652
507.700029 1.21852493286
508.875485 1.16829800606
510.05135 1.1683909893
511.276889 1.21836400032
512.452755 1.16847300529
513.629175 1.16856479645
514.754555 1.11826515198
515.930475 1.1684820652
517.055861 1.11823606491
518.281438 1.21842503548
519.458019 1.16870093346
520.584075 1.11854720116
521.975792 1.26874399185
523.152311 1.16862893105
524.328466 1.16858506203
525.404881 1.06852388382
526.580947 1.16860389709
527.810651 1.06850004196
529.038312 1.21875715256
530.214497 1.16863512993
531.290955 1.06859302521
532.367206 1.06862401962
533.443159 1.06843209267
534.51948 1.06847214699
535.645642 1.11862683296
536.872962 1.21883511543
538.099349 1.21878099442
539.225364 1.11853504181
540.472607 1.11869597435
541.649072 1.16858816147
542.825293 1.16867303848
544.001323 1.16854810715
545.278126 1.26886701584
546.404123 1.11847805977
547.631426 1.21882796288
548.807552 1.16862201691
549.983663 1.16859793663
551.175266 1.16877508163
552.351716 1.16866707802
553.527923 1.16871786118
554.653475 1.11835503578
555.930127 1.26873707771
557.156482 1.21874809265
558.478865 1.11853003502
559.782253 1.16857600212
561.00875 1.21865701675
562.184846 1.16859102249
563.360679 1.16841197014
564.48625 1.11828994751
565.661624 1.16819596291
566.837523 1.16841006279
567.963659 1.11848402023
569.089917 1.11845898628
570.215336 1.1182718277
571.340983 1.11833691597
572.516878 1.16845607758
573.692737 1.16834712029
574.868758 1.16852903366
575.944744 1.06836390495
577.170971 1.21869206429
578.763519 1.46908402443
580.089814 1.31877207756
581.515626 1.41885900497
582.841694 1.31888604164
584.317519 1.46896195412
585.943554 1.61911606789
587.318846 1.36869096756
588.694705 1.36870598793
590.246727 1.36895704269
591.724859 1.46931099892
593.101229 1.36885094643
594.728496 1.61938214302
596.154972 1.4188849926
597.631459 1.46899676323
599.05765 1.41870903969
600.433565 1.36874008179
601.733065 1.1687040329
602.909938 1.16890192032
604.286611 1.368942976
605.412476 1.11836314201
606.488584 1.0685210228
607.564571 1.06845784187
608.639994 1.06814193726
609.816677 1.1686770916
610.942741 1.11847496033
612.120022 1.16870093346
613.346041 1.21873497963
614.52221 1.16863393784
615.698855 1.16872310638
616.824384 1.11831593513
617.950945 1.11861610413
619.076973 1.11848306656
620.527796 1.11877799034
621.654815 1.11860704422
622.730709 1.06845498085
623.906556 1.16831088066
625.032068 1.11833310127
626.107922 1.06828904152
627.283575 1.16838598251
628.509904 1.21877217293
629.685802 1.16837906837
630.861759 1.16870093346
632.037919 1.16839289665
633.214132 1.16862297058
634.339657 1.11829304695
635.466246 1.11861205101
636.642482 1.16860699654
637.768176 1.11833190918
639.504834 1.51908898354
640.78049 1.26883816719
642.308757 1.5191950798
643.634487 1.31887197495
645.110604 1.46922898293
646.536302 1.41874814034
648.062231 1.51904416084
649.287252 1.21841406822
650.920906 1.41876602173
652.398838 1.46914505959
653.675271 1.26894307137
655.101072 1.41865301132
656.577936 1.46902704239
658.103987 1.51886606216
659.530259 1.41874217987
660.956128 1.41871905327
662.357847 1.21847605705
663.534438 1.16852498055
664.609857 1.06815314293
665.836597 1.2186729908
667.012971 1.1687810421
668.188519 1.16831684113
669.380199 1.16843891144
670.656551 1.26868319511
671.882446 1.21849179268
673.008145 1.11831116676
674.133912 1.11830496788
675.309505 1.16832518578
676.485402 1.16840195656
677.611221 1.11830592155
678.737325 1.11857891083
679.912925 1.16831183434
681.937825 1.56918096542
683.264055 1.31860303879
684.438857 1.16820406914
686.01597 1.56907296181
687.190834 1.16834497452
688.666796 1.46901798248
690.192736 1.51907610893
691.568276 1.36868286133
692.993866 1.41884493828
694.419714 1.4190030098
695.895791 1.46884703636
697.472233 1.56948518753
698.897412 1.41859602928
700.272912 1.36855888367
701.648263 1.368724823
702.973432 1.31860280037
704.458408 1.31887698174
705.933782 1.46858906746
707.208792 1.26833510399
708.584444 1.36850881577
710.009722 1.41858696938
711.485789 1.46890377998
713.088804 1.3689391613
714.466001 1.3686580658
716.042125 1.56877994537
717.570309 1.51896286011
719.146574 1.56897997856
720.522549 1.36870312691
721.999593 1.4690721035
723.625876 1.61899495125
725.102665 1.46897315979
726.679472 1.56916880608
727.972564 1.16858792305
729.09941 1.11842393875
730.225044 1.11830997467
731.301237 1.06857800484
732.427797 1.11854696274
733.75384 1.31872177124
734.880658 1.11863493919
735.956226 1.06823611259
737.181973 1.21843695641
738.358069 1.1684858799
739.533827 1.16840314865
740.660009 1.11847805977
741.836203 1.16856002808
743.158439 1.11832594872
744.335515 1.16848111153
745.461141 1.11837601662
747.051895 1.41883993149
748.227654 1.16833686829
749.553309 1.31858491898
751.028664 1.46863293648
752.604081 1.56877493858
754.029812 1.41869878769
755.304878 1.26834702492
756.680755 1.36893010139
758.157351 1.46898579597
759.383597 1.21857905388
760.85937 1.46893906593
762.385387 1.51895093918
763.81086 1.41867399216
764.936542 1.1181910038
766.412252 1.4687230587
767.737557 1.31861209869
768.939267 1.06840705872
770.064985 1.11836504936
771.190831 1.11846399307
772.317621 1.11868786812
773.671531 1.11861205101
774.849346 1.16870617867
776.025928 1.16885495186
777.153349 1.1186299324
778.279605 1.11855602264
779.506012 1.21871995926
780.698814 1.16871190071
781.775229 1.0684709549
783.000842 1.21830892563
784.126992 1.11856794357
785.202939 1.06830406189
786.379281 1.16869902611
788.065624 1.4690721035
789.490823 1.41861391068
790.816292 1.31853795052
792.24149 1.41857600212
793.767362 1.51907706261
795.343809 1.56915092468
796.769139 1.41868305206
798.144743 1.36870312691
799.671586 1.51885199547
800.996839 1.31861901283
802.271978 1.26847100258
803.73185 1.41877293587
805.2626 1.31846809387
806.589653 1.31861710548
807.965484 1.3685259819
809.291262 1.31851506233
811.367002 1.31897497177
812.89343 1.51908397675
814.419806 1.51925587654
815.596277 1.16859602928
816.773077 1.16880202293
817.899377 1.11856198311
819.02505 1.11829710007
820.201328 1.16841411591
821.527376 1.31867003441
822.603872 1.06844305992
823.73033 1.11853599548
824.906473 1.16849684715
826.032802 1.1185939312
827.158548 1.1183052063
828.286192 1.11836600304
829.512063 1.21846795082
832.810547 1.5694231987
833.887137 1.06848716736
835.113064 1.21848487854
836.53146 1.21890115738
837.711625 1.16895794868
838.788021 1.06861710548
839.91494 1.11862587929
841.040843 1.11842298508
842.216632 1.1684448719
843.342748 1.11839985847
844.418597 1.06842899323
845.695056 1.26871800423
846.821458 1.11866092682
847.997911 1.16865205765
849.174666 1.16865801811
850.301061 1.11859893799
