1.575474 1.31773495674
2.952656 1.36813592911
4.52775 1.56838083267
5.916165 1.36848807335
7.341201 1.41816997528
8.765359 1.4180431366
10.190295 1.41807794571
11.865706 1.66852593422
13.490933 1.61855697632
14.91623 1.41839790344
16.440663 1.51825499535
17.915502 1.46808195114
19.34061 1.41812992096
20.815598 1.46825695038
22.291012 1.46837377548
23.61591 1.31797504425
25.23266 1.51843094826
26.80726 1.56834483147
28.181942 1.36820292473
29.65665 1.46853709221
30.980996 1.31811380386
32.83012 1.61858987808
34.556563 1.71865105629
36.031529 1.46836280823
37.55695 1.51842498779
38.931814 1.36823606491
40.156533 1.21805095673
41.681829 1.51839995384
43.056689 1.36824584007
44.531995 1.46840381622
46.007157 1.46827793121
47.532209 1.51841783524
49.126447 1.4683110714
50.550859 1.41829109192
52.27559 1.71865701675
53.600227 1.31823301315
55.174819 1.56844902039
56.59936 1.41841697693
57.773665 1.1681740284
59.348683 1.5685210228
60.840929 1.46842288971
62.21562 1.3685669899
64.001895 1.56864881516
65.728412 1.7188129425
67.153485 1.41831207275
68.628785 1.46862888336
70.304566 1.66879415512
71.679407 1.36815500259
73.18553 1.41840720177
74.660462 1.46845412254
76.285534 1.61887693405
77.660111 1.3682949543
78.934736 1.26814985275
80.309243 1.36831498146
81.783817 1.46845197678
83.20858 1.41834592819
84.583119 1.36829805374
86.10786 1.51856589317
87.732648 1.61865305901
89.207731 1.46855592728
90.632331 1.41834306717
92.207073 1.56856393814
93.581758 1.36832904816
95.621091 1.81893205643
97.104891 1.36852908134
98.529918 1.41829299927
99.805353 1.26833701134
100.980135 1.1680560112
102.205068 1.21809506416
103.480599 1.26848983765
104.905725 1.41837191582
106.181151 1.26834821701
107.456126 1.26813292503
108.881133 1.4182779789
110.156271 1.2680709362
111.381116 1.21813511848
112.606368 1.21814799309
113.831288 1.21820116043
115.156337 1.31830310822
116.532404 1.36837697029
118.283712 1.46849799156
119.70832 1.41845488548
120.983237 1.26815295219
122.20837 1.21815299988
123.483603 1.26828193665
124.708779 1.21811890602
126.184551 1.2683839798
127.411875 1.21807789803
128.636898 1.21822500229
130.012403 1.36848783493
131.237403 1.21820902824
132.612678 1.36852407455
133.887874 1.2681491375
135.162817 1.2681620121
136.388146 1.21827292442
137.613159 1.21822214127
139.462778 1.51864600182
140.789805 1.31842803955
142.114946 1.31834387779
143.3906 1.26838707924
144.56568 1.16819500923
145.840667 1.26820087433
147.166211 1.31839394569
148.491549 1.3183350563
149.666489 1.16813588142
150.991968 1.31829786301
152.166912 1.1680970192
153.392238 1.21819281578
154.667392 1.26834011078
155.792201 1.11798405647
157.278512 1.2182290554
158.651129 1.2682800293
159.926504 1.26828694344
161.452341 1.51895904541
162.627791 1.16811609268
163.802793 1.16811513901
164.97768 1.16809797287
166.303373 1.31858110428
167.578372 1.26816320419
168.803926 1.21843695641
170.279316 1.46857905388
171.554484 1.26823878288
172.779334 1.21802711487
174.154911 1.36839914322
175.379831 1.21807694435
176.705499 1.31839609146
177.980603 1.26828408241
179.611973 1.46860194206
180.786965 1.16812610626
182.012322 1.21821808815
183.237371 1.21816515923
184.362514 1.1180100441
185.537794 1.16832709312
186.71268 1.16798901558
188.152309 1.2181429863
189.378746 1.21828103065
190.553774 1.168186903
191.879398 1.31846904755
193.054296 1.16802978516
194.229112 1.16797208786
195.75497 1.51870703697
197.030048 1.26823115349
