1.796329 1.41823911667
3.623385 1.81883788109
5.098433 1.46827816963
6.573241 1.46811199188
7.998371 1.41822385788
9.472718 1.4681558609
11.047844 1.56819200516
12.572742 1.51819396019
14.197412 1.61859703064
15.521862 1.31797289848
17.096526 1.56845998764
18.671411 1.5681951046
20.146052 1.46828913689
21.520909 1.36811900139
22.795958 1.26810407639
24.370428 1.56826210022
25.879975 1.41834807396
27.205179 1.31816101074
28.480154 1.26817202568
29.80516 1.31825399399
31.080379 1.26819992065
32.572857 1.268253088
33.948887 1.36823797226
35.173697 1.21811294556
36.549014 1.36839413643
37.823814 1.26812696457
39.298801 1.46834897995
40.423643 1.11789703369
41.748613 1.31832098961
43.074185 1.31825494766
44.399112 1.31833910942
45.673828 1.26806998253
47.308519 1.56862998009
48.63315 1.31825113297
50.157757 1.51854991913
51.682491 1.5184340477
53.10698 1.4183819294
54.581787 1.4684112072
55.95602 1.36816287041
57.504785 1.51851677895
58.979558 1.46840596199
60.403962 1.41833591461
61.928562 1.51845383644
63.739057 1.56852889061
65.265252 1.51857686043
66.690195 1.41833209991
68.165229 1.46828603745
69.690478 1.51836299896
71.063223 1.26827216148
72.238317 1.16811990738
73.513166 1.26815295219
74.738397 1.21818709373
76.013176 1.26809382439
77.238066 1.21818614006
78.463016 1.21827912331
79.788288 1.31821703911
81.013275 1.21828818321
82.238541 1.21814680099
83.463493 1.21823096275
84.738338 1.26815295219
85.963402 1.21804094315
87.238151 1.26805400848
88.763729 1.51857686043
89.98851 1.21805381775
91.527103 1.41843008995
92.801469 1.2681581974
94.356677 1.36855912209
96.033378 1.66879200935
97.508611 1.46848297119
98.88418 1.36850309372
100.359548 1.46861696243
101.734797 1.36840319633
103.160623 1.41872096062
104.414099 1.21839904785
105.88969 1.4686050415
107.515472 1.61907696724
108.840544 1.31830692291
110.51802 1.46843385696
111.89313 1.36839103699
113.468891 1.568764925
114.781046 1.21826481819
116.006355 1.21817016602
117.281451 1.26837086678
118.556953 1.26838302612
119.882197 1.31850004196
121.10717 1.21816515923
122.432747 1.3185069561
123.707849 1.26834177971
125.089918 1.21837210655
126.316286 1.21831417084
127.591305 1.26828598976
128.96731 1.36845397949
130.29247 1.31833696365
131.567554 1.26830101013
132.79273 1.21815180779
134.067732 1.26827788353
135.483508 1.31859612465
136.808757 1.31833195686
138.033689 1.21818614006
139.259544 1.2181520462
140.534538 1.26822090149
141.909771 1.36839604378
143.435588 1.51861405373
144.810773 1.3684220314
146.036264 1.21832084656
147.211314 1.16818499565
148.536593 1.31839489937
149.761937 1.21815705299
150.987009 1.21829009056
152.31241 1.31827902794
153.537418 1.21826004982
155.055731 1.41845393181
156.524237 1.16822814941
158.100875 1.56870698929
159.675098 1.31824588776
161.40123 1.71899795532
162.726375 1.31835699081
164.001591 1.26838612556
165.577227 1.56855106354
167.202802 1.61879014969
168.728958 1.51902103424
170.054175 1.31840705872
171.930133 1.86924505234
173.305484 1.36836695671
174.880871 1.56864595413
176.457586 1.56872200966
177.832663 1.36840510368
179.225344 1.26843595505
180.450267 1.21812200546
181.775758 1.3184158802
183.068045 1.26820707321
184.443156 1.36832809448
185.668416 1.21815013885
187.090726 1.16835713387
188.367099 1.26837515831
189.592078 1.21820902824
190.817146 1.21827101707
192.042454 1.21814513206
193.267346 1.21814012527
194.542656 1.26822710037
195.867564 1.31817793846
197.142503 1.26816487312
