1.577689 1.26781010628
3.254066 1.66869091988
4.728999 1.46817803383
6.403578 1.66844201088
7.828007 1.41814804077
9.502391 1.66827392578
11.177815 1.66851210594
12.602723 1.41815400124
14.127787 1.51832699776
15.652983 1.51814103127
17.127433 1.46827697754
18.652903 1.51849985123
19.827062 1.16795611382
21.301458 1.46824407578
22.67648 1.368019104
24.101327 1.41809201241
25.682123 1.46834802628
27.257015 1.56846380234
28.731617 1.46838998795
30.456673 1.71884703636
32.268877 1.56882309914
33.796028 1.51844000816
35.271109 1.46844387054
36.846549 1.56852793694
38.221535 1.3683359623
39.546471 1.31824088097
40.971782 1.41836500168
42.547146 1.56862211227
44.022402 1.46829509735
45.44765 1.41859221458
46.82261 1.36827993393
48.398059 1.56850099564
49.733711 1.2683391571
51.158561 1.41843605042
52.583174 1.41845917702
53.907447 1.31812310219
55.41318 1.46833992004
56.737398 1.31812000275
58.112152 1.36828303337
59.636766 1.51846313477
61.261576 1.61868286133
62.935278 1.418405056
64.411463 1.46845602989
65.936699 1.51839709282
67.461838 1.51850581169
69.037223 1.56844711304
70.462273 1.41827487946
72.037722 1.56839609146
73.356739 1.21813988686
74.581943 1.21817803383
75.806714 1.2180659771
77.132076 1.31836915016
78.45698 1.31811881065
79.63197 1.16822195053
80.807124 1.16812896729
82.032003 1.21814894676
83.306805 1.26808905602
84.632132 1.31830501556
85.906954 1.26807594299
87.132105 1.2180929184
88.457285 1.31843280792
89.732465 1.26814007759
90.957611 1.2181019783
92.332848 1.36838889122
93.856195 1.21839904785
95.031856 1.16812515259
96.15685 1.11811804771
97.632337 1.46850204468
98.857024 1.21803498268
100.032149 1.16806697845
101.45734 1.41847896576
102.682228 1.21816587448
103.807344 1.11800599098
105.082198 1.26814389229
106.307247 1.21805286407
107.682305 1.36832499504
108.957212 1.26814198494
110.132828 1.16821599007
111.407797 1.26824903488
112.782813 1.36832594872
113.991409 1.1179921627
115.316699 1.31826305389
116.491639 1.16807198524
117.767052 1.26834511757
118.941895 1.16805911064
120.267037 1.31843495369
121.391977 1.11792087555
122.567374 1.16831803322
123.95354 1.11809706688
125.130168 1.16802597046
126.505255 1.36831593513
127.730557 1.21817493439
128.905541 1.16801190376
130.030367 1.11802983284
131.305738 1.2682621479
132.430424 1.11795401573
133.796651 1.26809692383
135.022362 1.21804904938
136.197121 1.16800498962
137.472384 1.26819205284
138.697558 1.2182559967
139.972479 1.26814818382
141.19796 1.2182290554
142.373062 1.16815590858
143.547903 1.16805505753
144.773228 1.21822404861
146.04832 1.2682929039
147.273218 1.21807789803
148.498528 1.21820187569
149.773484 1.26818108559
151.098918 1.3183119297
152.273891 1.16816401482
153.582944 1.21813106537
155.26108 1.46850299835
156.437033 1.16803789139
157.611825 1.16800093651
158.886715 1.26810002327
160.2626 1.36861586571
161.587759 1.31833004951
162.81321 1.21829199791
163.938007 1.11794710159
165.212947 1.26814603806
166.338092 1.11802005768
167.56291 1.21804189682
168.838299 1.26828098297
170.113222 1.26815891266
171.237972 1.11796402931
172.413174 1.16803312302
174.691665 1.86901688576
176.116798 1.41832590103
177.24204 1.11798095703
178.516945 1.26807498932
179.892512 1.3684630394
181.117703 1.21835494041
182.292589 1.16803789139
183.519227 1.21822094917
185.025452 1.46866393089
186.36931 1.16815185547
187.595634 1.21821904182
188.820753 1.21825194359
190.115813 1.26834988594
191.441462 1.31853580475
192.816655 1.36839199066
194.092024 1.26823997498
