1.814465 1.46820092201
3.390771 1.56818318367
5.015348 1.61832022667
6.390334 1.36825108528
7.864718 1.46825695038
9.339449 1.46832585335
10.764269 1.41809391975
12.139376 1.36818790436
13.664243 1.51818490028
15.138615 1.46823501587
16.51369 1.36815690994
18.0888 1.56838917732
19.564035 1.46847081184
21.08875 1.51833415031
22.463594 1.36815810204
23.888685 1.41819190979
25.546306 1.56853699684
26.821532 1.26816892624
28.196465 1.36818814278
29.521802 1.31828594208
30.846927 1.3183889389
32.278335 1.26817297935
33.654321 1.36820912361
35.029317 1.36829805374
36.404487 1.36830687523
37.679259 1.26808810234
39.054072 1.3682308197
40.329092 1.26816105843
41.75405 1.41835403442
43.079112 1.31813597679
44.404071 1.31832480431
45.778924 1.36819291115
47.090905 1.21792793274
48.416136 1.31834292412
49.740893 1.31814885139
51.015654 1.26813602448
52.390924 1.36826491356
53.865893 1.46832799911
55.241141 1.36829781532
56.565995 1.318171978
57.890779 1.31816387177
59.266231 1.36819887161
60.591299 1.3184800148
61.916504 1.3182349205
63.503423 1.41848397255
64.829388 1.31822299957
66.154367 1.31831693649
67.529233 1.36814904213
69.328809 1.66877603531
71.053697 1.71879005432
72.628365 1.56857895851
74.103256 1.46845602989
75.527824 1.41837501526
77.05245 1.51849293709
78.527345 1.46848320961
79.901759 1.36830997467
81.326277 1.41842699051
82.951312 1.61861610413
84.375771 1.41832709312
86.250852 1.8689391613
87.675676 1.41837477684
89.301003 1.61920619011
90.77549 1.46837306023
92.200402 1.41847610474
93.815686 1.31838583946
95.091381 1.26822900772
96.416435 1.31824302673
97.691588 1.2681248188
99.066633 1.36833000183
100.392014 1.318349123
101.867235 1.46849989891
103.292409 1.41838884354
104.567839 1.26835083961
106.043093 1.46851205826
107.268488 1.21834301949
108.793926 1.51864814758
110.219103 1.41842794418
111.594687 1.36850619316
112.969753 1.36835217476
114.344751 1.36825203896
115.826219 1.41844391823
117.401415 1.5687391758
118.876059 1.46844291687
120.40079 1.51854515076
121.675083 1.26808094978
123.099829 1.41826295853
124.845401 1.4685690403
126.371768 1.51854395866
127.846916 1.46843004227
129.271956 1.41825413704
130.747487 1.468490839
132.026036 1.26808309555
133.451835 1.4184281826
135.177388 1.71887803078
136.702586 1.51838493347
138.178074 1.46848487854
139.7425 1.4684548378
141.167936 1.41841888428
142.643088 1.46841096878
143.918059 1.26816892624
145.194029 1.26827692986
146.569404 1.36840510368
148.095116 1.518638134
149.470206 1.36833906174
150.945362 1.46840405464
152.220651 1.26823306084
153.645866 1.41842293739
155.353713 1.46877098083
156.78032 1.41846489906
158.155487 1.36841106415
159.480657 1.31842112541
160.999889 1.41848301888
162.325003 1.31829190254
163.550207 1.21815085411
165.075434 1.51846814156
166.451044 1.36850905418
167.726093 1.26827812195
169.101251 1.36837601662
170.37659 1.26828217506
171.851918 1.46847391129
173.126871 1.2681748867
174.40229 1.26820898056
175.977737 1.56871390343
177.10312 1.11831402779
178.578505 1.46862816811
179.85346 1.26822113991
181.279108 1.41846895218
182.450741 1.0679461956
183.626315 1.16830015182
184.751198 1.11805891991
186.161255 1.21821403503
187.337186 1.16820693016
188.511902 1.16798019409
189.636571 1.1179330349
190.961863 1.31828999519
192.13659 1.16798996925
193.311664 1.16804504395
194.386349 1.06795310974
195.561416 1.16811704636
196.736143 1.16799712181
197.86086 1.11794710159
199.136037 1.26816296577
200.360846 1.21807789803
201.672904 1.21814584732
202.848129 1.16809916496
203.922895 1.0680000782
204.997906 1.06798291206
206.273108 1.26817083359
207.548025 1.26816487312
209.023615 1.4684779644
210.0982 1.06780791283
211.273499 1.16818499565
212.398281 1.11800003052
213.57296 1.16791892052
214.698474 1.11809897423
215.873342 1.16804385185
217.148242 1.01792788506
218.274365 1.11810898781
219.399192 1.11812496185
220.566934 1.06808280945
221.591631 1.01786088943
222.866707 1.26824092865
224.042661 1.16821885109
225.267608 1.2181801796
226.342728 1.06801080704
227.717974 1.36845302582
228.892842 1.16809296608
229.968014 1.06803488731
231.042703 1.06790804863
232.167473 1.11797499657
233.242704 1.06803107262
234.417595 1.16810107231
235.49274 1.06803297997
236.567458 1.06792593002
237.642256 1.06793284416
238.85083 1.11797904968
239.925978 1.06801319122
241.150979 1.21817803383
242.276252 1.11817288399
243.501385 1.21831011772
244.576184 1.06797003746
245.701404 1.11808896065
246.876623 1.16838788986
248.190607 1.06809616089
249.26666 1.06798887253
250.491721 1.21827697754
251.616983 1.11809587479
252.841875 1.21811008453
253.866606 1.01789498329
254.991857 1.11814713478
256.116696 1.11801600456
257.382093 1.16811084747
258.507246 1.1180138588
259.682157 1.16811203957
260.857314 1.16800808907
261.982342 1.118060112
263.107171 1.11796402931
264.23219 1.11808896065
265.307405 1.06798696518
266.4325 1.11805796623
267.557996 1.11828804016
268.632769 1.06793904305
269.807869 1.16814303398
270.883004 1.06798005104
272.158133 1.26825714111
273.333449 1.16815209389
274.408364 1.06803393364
275.56672 1.0679500103
276.591843 1.01797008514
277.716811 1.1181268692
279.032864 1.06810498238
280.159104 1.11809396744
281.233886 1.067964077
282.359083 1.11805295944
283.584273 1.21824812889
284.759252 1.16805195808
285.934554 1.16816687584
287.059414 1.11799097061
288.285023 1.21840786934
289.410042 1.1180999279
290.434875 1.01801013947
291.560655 1.11816811562
292.774769 1.1180999279
293.949708 1.16802597046
295.074611 1.11801409721
296.199826 1.11801099777
297.374694 1.16795992851
298.550147 1.16828107834
299.625133 1.06805920601
300.699949 1.06792807579
301.775942 1.06805706024
302.850786 1.06791305542
303.976072 1.11810898781
305.101092 1.11807203293
306.175888 1.06793212891
307.351323 1.16825294495
308.476261 1.11801409721
310.689793 1.61876606941
312.165653 1.46836686134
313.840799 1.66880607605
315.265586 1.41845083237
316.590842 1.31852793694
318.065627 1.46845507622
319.340125 1.26821184158
320.7651 1.41831302643
322.339987 1.56858992577
323.764839 1.41853904724
325.239996 1.46844410896
326.614662 1.36837887764
327.989438 1.36828684807
329.715023 1.71897792816
331.440152 1.71886897087
332.814791 1.36841893196
333.976033 1.06794714928
335.201447 1.21818399429
336.313844 1.06795096397
337.389246 1.06814599037
338.514222 1.11809110641
339.689243 1.16812992096
341.174976 1.26837277412
342.251267 1.06829786301
343.576643 1.31842803955
344.701734 1.11816692352
345.876992 1.16806697845
346.902018 1.01812791824
347.977249 1.06802296638
349.152188 1.16804218292
350.427673 1.26832723618
351.702948 1.26834011078
352.968867 1.16822004318
354.143988 1.1681599617
355.319051 1.16809105873
356.394448 1.06802797318
357.569545 1.16814494133
358.64434 1.0678730011
359.719755 1.06815195084
360.944897 1.21815299988
362.119868 1.16806197166
363.245236 1.11812210083
364.320172 1.06803393364
365.546107 1.21836495399
366.621148 1.06807398796
367.846354 1.21822309494
368.971664 1.11806797981
370.920679 1.61862111092
372.25136 1.06826996803
373.327815 1.06819701195
374.353061 1.01821398735
375.528584 1.16822099686
376.75398 1.21836996078
377.979262 1.2183008194
379.156454 1.16831016541
380.23136 1.06796813011
381.322081 1.06803202629
382.347134 1.01790809631
383.372122 1.01785898209
384.497278 1.11812806129
385.672604 1.16820907593
386.934817 1.16830801964
388.111091 1.16915202141
389.186017 1.06801390648
390.361445 1.16813397408
391.536577 1.16819882393
392.612384 1.06819701195
393.787446 1.16816496849
394.762325 0.967896938324
395.887666 1.11810207367
397.062728 1.16813015938
398.1381 1.06803584099
399.162859 1.01783204079
400.237856 1.0680129528
401.36321 1.11813592911
402.755845 1.16828989983
403.781913 1.01799893379
404.902447 1.01797008514
406.027462 1.1179959774
407.15294 1.11815786362
408.228086 1.06806087494
409.25314 1.01810097694
410.328417 1.06800293922
411.423535 1.06792593002
412.599013 1.16819500923
413.67397 1.06796598434
414.799008 1.11793994904
415.87391 1.06796503067
416.94929 1.06803393364
418.074365 1.11813402176
419.149731 1.06804203987
420.22497 1.06793308258
421.349913 1.11799812317
422.572525 1.11803197861
423.697885 1.11811590195
424.873016 1.16810798645
425.948406 1.06807494164
426.923196 0.967797040939
428.098245 1.16799688339
429.123464 1.01791715622
430.148395 1.0179040432
431.223234 1.06783604622
432.298542 1.06796908379
433.58072 0.96789598465
434.656897 1.06803798676
435.782005 1.11807894707
436.806885 1.01789093018
437.882674 1.06807613373
439.002658 1.01827096939
440.177817 1.16816210747
441.202835 1.01803398132
442.278152 1.06806588173
443.403069 1.11796689034
444.453271 1.01792883873
445.578371 1.11813592911
446.553233 0.967797994614
447.678356 1.11813282967
448.703537 1.0178539753
449.800951 1.06799387932
450.876352 1.06806993484
451.901317 1.01791787148
453.12658 1.21825098991
454.302096 1.16818809509
455.348387 1.01790785789
456.978967 1.46860194206
458.103981 1.11802101135
459.229465 1.11815404892
460.304459 1.06796002388
461.429972 1.11847305298
462.405143 0.967875003815
463.530517 1.118309021
464.814691 1.06816291809
465.891177 1.06815481186
466.966281 1.06804800034
468.091827 1.1181640625
469.166878 1.06794691086
470.19187 1.01798892021
471.217441 1.01803517342
472.267704 1.01811885834
473.294202 1.01809191704
475.11702 1.56889295578
476.242784 1.11820602417
477.267696 1.0178861618
478.493247 1.2181930542
479.568298 1.06792998314
480.64364 1.06805682182
481.668631 1.01794219017
482.767416 1.06801080704
483.942662 1.16817998886
485.067809 1.11807394028
486.093171 1.01794600487
487.168241 1.06806397438
488.193778 1.01819300652
489.268834 1.06801486015
490.443979 1.16811990738
491.619454 1.16815805435
493.195931 1.41835904121
494.371307 1.16806292534
495.80243 1.21828985214
496.829933 1.01791906357
497.905043 1.06804704666
498.980659 1.0681810379
500.105754 1.1180357933
501.130752 1.01791596413
502.206024 1.06790614128
503.281005 1.06791496277
504.356559 1.06815814972
505.454078 1.06794691086
506.529144 1.06801700592
507.604487 1.0679910183
508.629447 1.01792287827
509.704764 1.06800699234
511.410442 1.36853981018
512.885655 1.46875286102
514.260479 1.36841893196
515.785783 1.51853203773
517.260746 1.46857380867
518.785671 1.5185239315
520.060699 1.26826906204
521.585532 1.51841902733
523.325387 1.46856999397
524.850682 1.51856613159
526.485588 1.41844201088
528.012414 1.5185880661
529.487923 1.46849894524
530.863296 1.36839294434
532.339015 1.46848511696
533.764423 1.41830897331
535.742015 1.66882801056
536.767357 1.01799917221
537.842383 1.06795191765
538.917676 1.06797504425
539.915605 0.967868089676
541.041074 1.11810207367
542.166211 1.11806297302
543.191448 1.01787018776
544.266524 1.06798386574
545.37475 1.06788301468
546.500167 1.11807489395
547.625314 1.1179869175
548.800749 1.1681098938
549.876041 1.06816601753
550.951055 1.06793284416
552.076519 1.11806583405
553.605987 1.36865711212
554.731272 1.11815309525
555.906587 1.16815400124
557.136273 1.01799201965
558.16274 1.01802992821
559.137687 0.967880964279
560.313294 1.16816997528
561.338491 1.01807498932
562.38982 1.01795601845
563.415244 1.01801514626
564.590527 1.16815114021
565.666155 1.06811904907
566.741278 1.06799292564
567.766341 1.0179131031
568.791675 1.01792216301
570.445782 1.41851997375
571.470832 1.0179309845
572.596329 1.11808395386
573.743689 1.11821603775
574.768056 1.01785683632
575.84339 1.06794810295
576.868444 1.01787495613
577.995351 1.11822605133
579.120709 1.11815595627
580.195973 1.06808185577
581.32163 1.11813998222
582.396896 1.06808114052
583.522582 1.11813592911
584.597919 1.06809711456
585.673119 1.06805181503
587.360793 1.41872191429
589.003417 1.41881608963
590.480674 1.4686999321
591.906137 1.41845679283
593.331776 1.41838407516
594.807207 1.46843194962
596.082785 1.26833295822
597.608246 1.51846313477
599.233933 1.61863589287
600.860492 1.61896085739
602.28582 1.41827917099
603.711498 1.41845202446
605.187062 1.4683470726
606.962964 1.7689268589
608.58897 1.61871194839
609.914218 1.3182489872
611.559656 1.41862797737
612.934706 1.36856007576
614.259734 1.31851792336
615.685282 1.41847801208
617.010746 1.31868004799
618.285459 1.26825499535
619.886362 1.31856107712
621.31328 1.41867899895
622.688818 1.36847496033
624.314844 1.6189198494
625.791316 1.46877098083
627.216884 1.41851210594
628.744164 1.51880598068
630.169907 1.41860795021
631.395288 1.21834897995
632.971506 1.56883192062
634.732435 1.41881084442
636.207528 1.46835803986
637.532323 1.31826615334
638.907066 1.36827516556
639.982571 1.06798410416
641.107744 1.11801409721
642.18317 1.0679628849
643.258507 1.06812906265
644.383792 1.11807084084
645.559431 1.16819214821
646.734746 1.1680560112
647.812162 1.06824302673
648.887684 1.06818413734
650.128007 1.06810307503
651.270919 1.11815190315
652.446347 1.16818809509
654.334366 1.51937699318
655.360159 1.01797699928
656.385321 1.01793909073
657.411055 1.01825284958
658.486242 1.06802797318
659.561461 1.06797099113
660.663112 1.06811499596
661.738465 1.06812977791
662.764011 1.01803684235
663.789296 1.0180118084
664.814364 1.01788401604
665.789964 0.967961072922
666.815106 1.01792120934
668.404546 1.36855816841
669.4799 1.06810212135
671.054955 1.56854510307
672.380148 1.31840395927
673.855218 1.46850299835
675.530395 1.66864204407
676.606211 1.06805801392
678.307433 1.66879296303
679.332526 1.01791810989
681.038811 1.46857619286
682.215367 1.1682009697
683.591244 1.368475914
685.017504 1.41875004768
686.443988 1.41869497299
687.870275 1.41886711121
689.046012 1.16825795174
690.888994 1.56871008873
692.014328 1.11810398102
693.190111 1.1682498455
694.338204 1.1184129715
695.363374 1.01792502403
696.34031 0.968003988266
697.265455 0.917881965637
698.356336 1.06807398796
699.402929 1.01798796654
700.428298 1.01796221733
701.503539 1.06800198555
702.579159 1.06813097
703.704378 1.11803984642
704.853746 1.11814904213
705.929092 1.0681219101
707.456593 1.3684630394
708.432142 0.9679479599
709.557473 1.11809706688
710.73231 1.16822099686
711.92855 0.96796298027
713.005087 1.06816506386
714.080396 1.06809306145
715.155643 1.06799387932
716.181193 1.01804709435
717.256583 1.06815910339
718.282349 1.01812887192
719.358023 1.0682091713
720.334475 0.967902898788
721.359753 1.01797604561
722.385144 1.01811313629
724.192999 1.56902289391
725.618931 1.4186770916
726.744781 1.11828494072
727.719952 0.967891931534
728.745222 1.01797986031
729.820987 1.06817102432
730.846298 1.01800298691
731.872094 1.01822018623
732.948248 1.06827998161
734.073648 1.11810803413
735.049195 0.967981100082
736.124586 1.06814694405
737.099809 0.967941045761
738.175446 1.0680949688
739.350801 1.16813707352
740.87947 1.36839985847
741.954942 1.06798195839
743.131381 0.968090057373
744.109401 0.968178033829
745.084617 0.967885017395
746.110222 1.01802301407
747.135756 1.01810693741
748.111077 0.968029975891
749.086563 0.967915058136
750.161924 1.06804394722
751.187531 1.01800203323
752.112708 0.917927980423
753.288186 1.16819596291
754.363876 1.06811189651
755.489295 1.11812400818
757.601763 1.76932287216
759.277096 1.66870999336
760.752647 1.46854400635
762.177851 1.41860294342
763.5528 1.36838793755
764.977964 1.41855192184
766.403259 1.4184551239
767.878443 1.46862506866
769.353729 1.46870923042
770.628938 1.26818490028
772.054174 1.41856098175
773.379148 1.31833410263
775.122731 1.51854491234
776.599848 1.46868896484
778.075386 1.46834492683
779.501269 1.41838693619
781.148232 1.41852903366
782.27366 1.11808300018
783.298898 1.01795387268
784.324371 1.01794695854
785.499808 1.16812992096
786.575535 1.06815695763
787.801158 1.2183008194
788.776864 0.968090057373
789.802375 1.01793313026
790.82761 1.01793289185
792.153642 1.3184030056
793.228988 1.06798505783
794.293991 1.01836705208
795.369663 1.06804990768
796.445056 1.06803202629
797.723282 1.26875305176
799.457763 1.41844201088
801.033455 1.56874608994
802.40913 1.36870789528
803.784394 1.36847901344
805.59049 1.56885194778
807.018186 1.41885590553
808.444077 1.41857790947
809.870123 1.41880702972
811.346822 1.46881008148
812.822584 1.46852588654
814.249957 1.41854691505
815.575455 1.31829190254
816.950974 1.36828112602
818.415864 1.41893696785
819.842302 1.41866016388
821.468839 1.61897492409
823.105856 1.41873311996
824.281375 1.16820383072
825.256804 0.967879056931
826.432583 1.16841506958
827.408031 0.967865943909
828.433324 1.01793909073
829.408671 0.967979192734
830.3837 0.967958927155
831.409051 1.01798892021
832.43472 1.01803398132
833.460125 1.01808691025
834.435576 0.967932939529
835.672204 1.01793599129
836.69876 1.0179297924
837.824104 1.11808300018
839.281025 1.2684109211
840.45634 1.16841101646
841.731697 1.26844000816
843.006439 1.26809191704
844.283415 1.26848101616
845.658626 1.36847305298
846.983607 1.31828308105
848.2597 1.26858615875
849.534904 1.26855707169
850.910164 1.36854982376
852.085436 1.16824698448
853.310446 1.21832299232
854.58577 1.26861906052
855.96189 1.36872982979
857.136757 1.16820001602
858.261627 1.11816215515
