2.226712 1.61858010292
3.802571 1.56822991371
5.176865 1.3680369854
6.783576 1.26784586906
8.509005 1.71849489212
10.183647 1.66847109795
11.858608 1.66851902008
13.282886 1.4181740284
14.657551 1.36796522141
16.43396 1.76942586899
17.908631 1.46831583977
19.332949 1.41818499565
20.708089 1.36817407608
22.183235 1.46843194962
23.757937 1.56832098961
25.282468 1.51836800575
27.114046 1.71875
28.738818 1.61856412888
30.213648 1.46842098236
31.738289 1.51838207245
33.274346 1.31822919846
34.801997 1.51856803894
36.427318 1.61868405342
38.002988 1.56870412827
39.427933 1.4183049202
40.902948 1.46832108498
42.428582 1.51870799065
43.953724 1.51848578453
45.429219 1.46853804588
47.004372 1.56853508949
48.529555 1.51845693588
50.105002 1.56845903397
51.466664 1.26818490028
52.791692 1.31802582741
54.016417 1.2179980278
55.391646 1.36820983887
56.666377 1.26803612709
58.041279 1.3682281971
59.466474 1.4182369709
60.691215 1.21804404259
62.016369 1.3181681633
63.61562 1.31818699837
64.977255 1.31819605827
66.201944 1.21801614761
67.526838 1.31820321083
68.851928 1.31812882423
70.161411 1.26823997498
71.43653 1.26814317703
72.802724 1.26811599731
74.027821 1.21811819077
75.403133 1.36855101585
76.678352 1.26822185516
77.903029 1.21801900864
79.177826 1.268034935
80.439334 1.21792697906
81.664406 1.21798396111
83.039366 1.36825609207
84.314541 1.26815009117
85.573882 1.21820688248
86.848622 1.26805210114
88.12383 1.2682030201
89.448673 1.31810092926
90.864769 1.36843800545
92.189855 1.31820201874
93.847639 1.56857895851
95.30701 1.26821494102
96.733194 1.41839885712
97.958095 1.21813201904
99.182882 1.21805906296
100.558345 1.36840486526
101.884453 1.26820683479
103.360271 1.4685280323
104.635165 1.26810097694
105.85997 1.21805214882
107.267157 1.36835217476
108.542311 1.26834392548
109.767654 1.21826791763
111.092635 1.3182349205
112.392619 1.2680439949
113.617836 1.21813201904
115.25113 1.56856703758
116.825887 1.56854510307
118.369771 1.26815199852
119.894476 1.51853513718
121.318935 1.41828203201
122.844591 1.5184981823
124.219223 1.36836600304
125.752282 1.31830596924
127.078637 1.31841993332
128.603865 1.51850605011
130.129187 1.51843714714
131.855446 1.71903586388
133.430803 1.56860399246
134.756225 1.31841278076
136.231389 1.46844005585
137.85681 1.61867308617
139.1737 1.21814393997
140.499088 1.31827998161
141.77391 1.26805686951
142.998667 1.21800899506
144.224039 1.21820783615
145.448901 1.21804690361
146.674346 1.21831512451
147.899235 1.21811103821
149.17412 1.26811099052
150.399288 1.21810007095
151.824651 1.41858911514
153.099961 1.26817893982
154.274713 1.16801190376
155.599784 1.31813693047
157.026207 1.21815299988
158.302285 1.26822900772
159.620721 1.21803593636
160.795266 1.16804909706
162.070136 1.26806712151
163.491467 1.36855602264
164.7666 1.26816892624
165.991497 1.21806311607
167.367042 1.3683989048
168.541904 1.16805100441
169.766787 1.21801495552
170.991989 1.21809411049
172.216929 1.21802401543
173.441667 1.2179338932
174.666914 1.21810412407
175.941982 1.26821899414
177.217422 1.26830291748
178.591133 1.26839900017
179.816336 1.21808815002
181.0412 1.21803593636
182.266145 1.21813988686
183.491188 1.21795392036
184.716002 1.21801996231
185.891015 1.16791915894
187.623155 1.46848416328
188.799122 1.16798710823
190.074049 1.2680888176
191.349735 1.26815700531
192.574456 1.21797394753
193.849317 1.26804709435
195.024375 1.16797590256
196.299298 1.26811599731
197.474214 1.16786694527
