1.950551 1.36795186996
3.47716 1.51835298538
5.052424 1.5684030056
6.526796 1.46824097633
7.951929 1.41823911667
9.426359 1.46828198433
10.951592 1.51828598976
12.376045 1.41828680038
13.950667 1.56850290298
15.325316 1.3682539463
16.750559 1.41851806641
18.075028 1.31819987297
19.650269 1.56879997253
20.975125 1.31812596321
22.400562 1.41844296455
23.975917 1.56859493256
25.414297 1.31818008423
26.789713 1.36833906174
28.16506 1.36832690239
29.540439 1.36832404137
30.96561 1.41829204559
32.419981 1.26835608482
33.796207 1.36840009689
35.121433 1.31840205193
36.447064 1.31831693649
37.721932 1.2681992054
39.097312 1.36841607094
40.372267 1.26829886436
41.697206 1.31825184822
43.072603 1.36844396591
44.347499 1.26823997498
45.723984 1.31827402115
47.258921 1.46860694885
48.733948 1.46848583221
50.108392 1.36834907532
51.533042 1.41855478287
53.108473 1.56870985031
54.683312 1.56866192818
56.20796 1.51852083206
57.782589 1.56855487823
59.107397 1.31835007668
60.732382 1.61886906624
62.207002 1.46851706505
63.903822 1.5185751915
65.480299 1.56875610352
66.654975 1.16801595688
67.979932 1.31828093529
69.405342 1.41838097572
70.807257 1.26821899414
72.432036 1.6186978817
73.957009 1.5186009407
75.331624 1.3684899807
76.906405 1.56865501404
78.431314 1.51851701736
79.905968 1.46855092049
81.58075 1.66863918304
82.955224 1.36833405495
84.430318 1.46854901314
86.005115 1.56867599487
87.529912 1.51854395866
89.055454 1.51879501343
90.630315 1.56870794296
92.205188 1.56875109673
93.630225 1.41860795021
95.322162 1.31853318214
96.498066 1.16836595535
97.773281 1.26835393906
98.998714 1.21827888489
100.22403 1.21847581863
101.499446 1.26835298538
102.774532 1.26830887794
103.999604 1.21826100349
105.174901 1.16818714142
106.450005 1.26835298538
107.675384 1.21827816963
108.85043 1.16825795174
110.075453 1.21820497513
111.40147 1.31852197647
112.676754 1.26853394508
113.952044 1.26835393906
115.490325 1.41852807999
117.015155 1.5186650753
118.489846 1.46848917007
119.864782 1.36842608452
121.339552 1.4685921669
122.814155 1.4684150219
124.389454 1.56883716583
126.197709 1.61884093285
127.624445 1.41858911514
128.94974 1.31852602959
130.475267 1.51874995232
131.950894 1.46862387657
133.524644 1.51894497871
135.050404 1.51875710487
136.425585 1.36846399307
137.951004 1.5187330246
139.363874 1.26829600334
140.740012 1.36849808693
142.015293 1.26841616631
143.306295 1.26835393906
144.531348 1.21824479103
145.756746 1.21840405464
147.082252 1.31843686104
148.307623 1.21832489967
149.532649 1.21818804741
150.808057 1.26833701134
152.133312 1.31841111183
153.35869 1.21824407578
154.583831 1.21829795837
156.029765 1.2182199955
157.206079 1.16832304001
158.430976 1.21814799309
159.779746 1.21819901466
161.105045 1.3183529377
162.280252 1.16812300682
163.455155 1.16817212105
164.730578 1.26834797859
165.95568 1.21834993362
167.18078 1.21831703186
168.456235 1.26827406883
169.681344 1.21821403503
171.006505 1.31834697723
172.231905 1.21825385094
173.506977 1.26827192307
174.682447 1.16832590103
176.05762 1.36841702461
177.232602 1.16818499565
178.608115 1.36839008331
180.182862 1.36881804466
181.607494 1.41849398613
183.132378 1.51859402657
184.757313 1.6188390255
186.282369 1.51858997345
188.056599 1.51877212524
189.433041 1.36850595474
191.108854 1.6690788269
192.634467 1.5188100338
194.16024 1.51873397827
195.685597 1.51855301857
196.961032 1.2683660984
198.386422 1.41865491867
199.961819 1.56863021851
201.387328 1.41847705841
202.912704 1.51864695549
