1.798076 1.41834402084
3.274516 1.46821904182
4.748772 1.46811914444
6.173212 1.41804599762
7.598201 1.41821789742
9.02314 1.41817712784
10.447642 1.41800904274
11.922858 1.46841001511
13.597555 1.66853308678
15.122314 1.51821994781
16.746866 1.61834812164
18.171828 1.41822504997
19.496797 1.31798696518
20.770943 1.26795315742
22.246248 1.46821212769
23.670562 1.41810393333
25.028201 1.26799297333
26.453549 1.41830396652
28.028799 1.56841802597
29.303915 1.26801300049
30.659166 1.31806993484
32.19268 1.31815505028
33.518723 1.3180809021
34.793578 1.26814508438
36.118882 1.31831121445
37.443771 1.31816911697
38.668429 1.2179889679
39.993587 1.31820297241
41.342544 1.31819987297
42.618222 1.26823782921
43.893007 1.2681210041
45.167674 1.26796579361
46.70304 1.4683740139
48.177952 1.46842503548
49.802624 1.61853909492
51.327033 1.5182659626
52.70135 1.36815500259
54.07595 1.36810493469
55.851062 1.76900601387
57.225305 1.36812400818
58.650162 1.41825604439
60.124592 1.46829104424
61.548968 1.41824793816
63.125722 1.36818289757
64.651807 1.51835179329
66.377071 1.71857404709
67.902195 1.51842999458
69.37755 1.46834492683
70.98416 1.46839308739
72.658924 1.66856312752
74.284417 1.61899495125
75.609718 1.31844687462
77.234379 1.61847615242
78.759243 1.51855421066
80.184568 1.41852402687
81.509011 1.3182849884
82.943063 1.31826496124
84.468219 1.51858401299
85.792521 1.31816005707
87.367291 1.56856989861
88.72564 1.31818318367
90.20092 1.46871113777
91.526017 1.31861305237
92.850353 1.31813001633
94.493765 1.26827597618
95.769605 1.26826000214
97.245268 1.46856498718
98.620433 1.36825489998
99.895336 1.26833820343
101.270593 1.36840391159
102.445506 1.16814088821
103.620723 1.16804003716
104.895795 1.26824092865
106.270835 1.36824989319
107.646619 1.36870408058
108.871942 1.21828985214
110.146829 1.26806592941
111.422323 1.26837396622
112.74878 1.31843900681
114.057911 1.21815085411
115.286782 1.16807198524
116.461582 1.16799116135
117.686852 1.21813011169
119.012003 1.31817603111
120.1873 1.16815495491
121.412272 1.21803188324
122.537089 1.11794900894
123.712235 1.16804718971
125.15964 1.21825194359
126.286179 1.11809706688
127.567403 1.26813101768
128.842537 1.26831412315
129.967677 1.11804795265
131.543167 1.56862998009
132.818608 1.26831507683
133.986494 1.06792211533
135.412496 1.41851210594
136.78789 1.36837792397
138.063344 1.26828193665
139.138174 1.06801319122
140.363136 1.21811389923
141.487915 1.11796998978
142.813351 1.31824302673
143.938212 1.11801886559
145.113575 1.16820216179
146.338985 1.21827292442
147.413668 1.06786203384
148.589833 1.16855978966
149.864969 1.26825785637
151.04093 1.16841697693
152.266132 1.21829485893
153.524021 1.16822004318
154.749236 1.21810793877
156.216298 1.2683069706
157.392632 1.16804385185
158.567657 1.16812992096
159.692443 1.11794304848
160.867626 1.16803097725
161.9424 1.06792283058
163.017647 1.06810879707
164.193318 1.16848516464
165.318308 1.11807584763
166.443426 1.11800503731
167.56829 1.11801695824
168.743606 1.16808319092
169.918519 1.16805291176
171.093341 1.16794991493
172.322994 1.11853909492
173.498357 1.16828298569
174.623928 1.11816906929
175.798819 1.1679918766
176.97391 1.16803383827
178.098698 1.11790513992
179.524223 1.41844820976
180.598918 1.06786704063
181.723769 1.11794781685
182.948937 1.21807098389
184.073721 1.11791491508
185.198996 1.11813402176
186.593815 1.16813206673
187.669666 1.06789398193
188.844476 1.16802477837
190.019577 1.1680328846
191.288046 1.16822814941
192.613152 1.31825780869
193.837994 1.21797990799
194.963134 1.1179690361
196.18809 1.21810603142
197.31333 1.11808800697
198.438082 1.11787700653
199.563605 1.11796998978
200.738442 1.16795396805
201.963338 1.21807599068
203.288799 1.31826615334
204.413532 1.11788606644
205.588528 1.16808104515
206.813702 1.21805095673
207.838606 1.01805210114
208.963805 1.11806106567
210.270879 1.21802616119
211.296226 1.0178129673
212.370982 1.06789493561
213.696527 1.31837296486
214.971562 1.26815199852
216.246545 1.26808595657
217.536284 1.06798505783
218.712989 1.16832900047
220.038246 1.31826305389
221.313257 1.26815509796
222.388395 1.06795287132
223.713542 1.31831288338
225.039081 1.31834387779
226.364329 1.31838917732
227.589336 1.21803188324
228.914875 1.31832909584
230.280438 1.26820802689
231.555905 1.26814699173
232.881631 1.3184440136
233.906331 1.01775288582
235.031541 1.11792898178
236.056274 1.01783800125
237.281711 1.21817684174
238.406545 1.11791801453
239.531563 1.11813902855
240.70681 1.16802096367
241.981891 1.2681889534
243.307474 1.31837892532
244.382502 1.06814694405
245.557502 1.16809797287
246.98308 1.41837382317
248.503251 1.31832098961
249.776514 1.16836905479
251.051879 1.26819396019
252.026619 0.96780705452
253.1018 1.06795310974
254.176666 1.06797385216
255.201357 1.01775097847
256.226462 1.01782298088
257.551654 1.3182580471
258.676874 1.1180100441
259.951965 1.26821088791
261.02689 1.067923069
262.101664 1.06787395477
263.427598 1.31830906868
264.452366 1.01783084869
265.477508 1.01793503761
266.752832 1.26834487915
268.06117 1.21810507774
269.13638 1.06790804863
270.111095 0.967754840851
271.136278 1.01794910431
272.511521 1.36829900742
273.786636 1.26813697815
274.862467 1.0680038929
276.13778 1.26834797859
277.363319 1.21825504303
278.569482 0.967847824097
279.645653 1.06798887253
280.77064 1.11795186996
281.995848 1.21820187569
283.071297 1.06816005707
284.346413 1.26811504364
285.322092 0.968086004257
286.740981 1.31840991974
287.866386 1.11818599701
288.94155 1.0678961277
290.2668 1.31823611259
291.291931 1.01784801483
292.416895 1.11794281006
293.441644 1.01776885986
294.466961 1.01798081398
295.541746 1.06787180901
296.566498 1.01777815819
297.591791 1.01805901527
298.866972 1.26819109917
300.142531 1.26827597618
301.467892 1.31837701797
302.542822 1.06787419319
303.668144 1.11802506447
305.24836 1.46851706505
306.67311 1.4183409214
308.197958 1.51839995384
309.861948 1.41848611832
311.389854 1.51850891113
312.96549 1.56866693497
314.441209 1.46846699715
316.066947 1.61875915527
317.442523 1.36859583855
318.918466 1.46860098839
320.393825 1.46848416328
321.869462 1.46849703789
323.294721 1.41839909554
324.619812 1.31819796562
326.096123 1.46876907349
327.621678 1.51868200302
328.819834 1.06806206703
329.944855 1.11794805527
331.270394 1.31831789017
332.44554 1.16818189621
333.670876 1.21807193756
334.695741 1.0178539753
335.670832 0.967798948288
336.64617 0.96795296669
337.720925 1.06773900986
338.996311 1.26817107201
340.302648 1.06780004501
341.378597 1.06782889366
342.453407 1.0678858757
343.478489 1.01780104637
344.853764 1.36831903458
345.978771 1.11794710159
347.296208 1.21810793877
348.571504 1.26811504364
349.696738 1.11801695824
350.721646 1.01774191856
351.74672 1.01778006554
352.971702 1.21803092957
353.946404 0.967715024948
355.221881 1.26815104485
356.296641 1.06782698631
357.322322 1.01803612709
358.447258 1.11793494225
359.472054 1.01778101921
360.747798 1.26844096184
361.772896 1.01782488823
363.048363 1.26817917824
364.323501 1.26817798615
365.582289 1.16802501678
366.908476 1.31855201721
367.883228 0.967670917511
368.908906 1.01780796051
370.084004 1.16809606552
371.378468 1.06790494919
372.654964 1.26826500893
373.730063 1.06809902191
374.754862 1.01775193214
375.930191 1.16806602478
377.105383 1.16820406914
378.331625 1.21853208542
379.406631 1.06792998314
380.381316 0.967700958252
381.456444 1.0678358078
382.631641 1.16800308228
383.846659 1.1180331707
384.821717 0.967745065689
385.94679 1.11804699898
386.971707 1.01782298088
387.99716 1.01802301407
389.172366 1.16806411743
390.297992 1.11802697182
391.573322 1.26828193665
392.848577 1.26821994781
394.07409 1.21819901466
395.098878 1.0177321434
396.174206 1.06801509857
397.149105 0.967818975449
398.174034 1.01784300804
399.299433 1.11802387238
400.424483 1.11797595024
401.816583 1.06801700592
402.842821 1.01803278923
403.91814 1.06796789169
405.143466 1.21824884415
406.218673 1.06788492203
407.443984 1.21829009056
408.669091 1.2180621624
409.794565 1.11807084084
410.869437 1.06785488129
411.844045 0.967844963074
413.019095 1.16801595688
414.094061 1.06788086891
415.068818 0.967668056488
416.144293 1.06807112694
417.219395 1.06801319122
418.578978 1.26818013191
419.855114 1.26844596863
420.930782 1.06819105148
422.156379 1.21814703941
423.181354 1.01790499687
424.456621 1.26812982559
425.682164 1.2181930542
426.958066 1.26845097542
428.283714 1.31829214096
429.308947 1.01812696457
430.534134 1.21807980537
431.609393 1.06790685654
433.045587 1.21810793877
434.122077 1.06788802147
435.197087 1.06793498993
436.372881 1.16842222214
437.693639 1.218116045
438.818967 1.1179690361
439.893932 1.06785702705
441.020011 1.1182808876
442.295363 1.26824593544
443.420434 1.11796712875
444.696865 1.26863193512
445.77202 1.06806898117
446.797217 1.01797914505
447.872677 1.06793785095
449.047803 1.16804504395
450.273428 1.21818900108
451.298534 1.01793479919
452.323415 1.01781487465
453.348676 1.01789593697
454.524464 1.16832995415
456.191453 1.41890907288
457.267049 1.06814908981
458.393122 1.11833691597
459.418923 1.01827001572
460.444732 1.01811599731
461.570443 1.11823821068
462.695507 1.11796784401
463.995664 1.06806993484
465.021724 1.01786088943
466.246911 1.21810388565
467.372031 1.1180460453
468.54743 1.16800785065
469.622664 1.06816196442
470.598017 0.967902898788
471.572804 0.967707872391
473.348067 1.41836905479
474.573358 1.21821498871
475.798713 1.21796298027
476.773482 0.967638969421
477.849425 1.06814098358
479.125492 1.2685880661
480.100674 0.967828989029
481.17607 1.06809997559
482.201014 1.01774501801
483.226294 1.01792883873
484.352407 1.11824798584
485.527559 1.16805005074
486.605339 1.0683350563
487.630567 1.01802015305
488.755782 1.11803388596
489.9324 1.16843414307
491.143599 1.11831402779
492.319176 1.16804504395
493.444372 1.1179690361
494.779676 1.11810398102
495.906301 1.11811900139
497.081549 1.16807198524
498.207833 1.11821889877
499.28308 1.06797409058
500.358145 1.0679628849
501.633856 1.26823091507
502.759069 1.11803197861
503.834599 1.06806206703
504.959915 1.11816596985
506.085711 1.11826300621
507.161383 1.06811904907
508.286808 1.11825704575
510.025745 1.56876587868
511.150956 1.11803603172
512.32641 1.16818809509
513.602209 1.26829409599
514.728147 1.11830306053
515.854377 1.11839079857
516.979666 1.11806297302
518.00522 1.01807403564
519.080766 1.06804585457
520.205982 1.1179599762
521.281668 1.06816792488
522.306855 1.01794505119
523.582789 1.26842403412
524.708375 1.11812496185
526.046278 1.1182308197
527.173917 1.11812400818
528.796685 1.41869592667
530.121362 1.31818294525
531.54642 1.41847014427
532.921519 1.36834716797
534.196415 1.26826000214
535.621651 1.41860413551
536.897339 1.26857590675
538.473057 1.56888604164
539.848377 1.36859512329
541.223581 1.3682820797
542.636313 1.36827492714
544.262055 1.61892604828
545.437438 1.16826105118
547.012647 1.56874489784
548.387393 1.3682038784
549.86266 1.46849107742
551.121972 1.16810894012
552.397734 1.26829886436
553.522925 1.11796188354
554.598556 1.06808900833
555.673787 1.06801199913
556.970661 1.01792216301
558.047141 1.06801199913
559.12267 1.06832695007
560.398492 1.26829409599
561.674011 1.2682800293
562.799396 1.11815214157
563.875321 1.06798386574
565.150725 1.26818299294
566.377039 1.2184510231
567.502894 1.1182911396
568.778823 1.26847219467
570.491527 1.51860022545
571.966587 1.46848297119
573.241806 1.26840901375
574.566633 1.31826019287
576.091839 1.51861906052
577.466986 1.36836385727
579.042508 1.56860995293
580.517588 1.46842193604
581.892316 1.36818695068
583.417735 1.5186009407
584.892733 1.46841788292
586.51801 1.61872887611
588.288026 1.51885294914
589.715882 1.41848778725
591.191707 1.46868109703
592.717382 1.51859998703
593.895872 1.01811599731
595.121315 1.21816301346
596.246657 1.11801099777
597.572596 1.31840085983
598.848103 1.26823687553
599.873678 1.01797485352
600.999022 1.11806797981
602.024174 1.01787495613
603.199955 1.16823506355
604.225057 1.01784706116
605.350811 1.11810898781
606.626301 1.26827001572
608.052133 1.41849303246
609.378523 1.3183400631
610.403872 1.01809501648
611.479512 1.06808400154
612.738978 1.16806507111
613.914712 1.16811704636
614.939793 1.0178091526
616.065809 1.11822795868
617.2921 1.21871805191
618.822139 1.26847195625
619.899043 1.06797599792
620.924168 1.01788210869
622.099913 1.16807699203
623.175409 1.06794381142
624.300809 1.11814308167
625.326249 1.01779985428
626.601855 1.26829385757
627.828496 1.21867418289
628.853548 1.01781606674
629.928846 1.06801700592
631.044778 1.01791286469
632.186136 1.11810803413
633.411872 1.21841406822
634.537948 1.11829614639
635.613097 1.06788921356
636.888885 1.2682788372
637.964078 1.06795692444
638.98962 1.0179669857
640.215697 1.21843600273
641.291859 1.06820416451
642.367128 1.06797814369
643.442779 1.06810498238
644.619237 1.16849589348
645.695086 1.06825995445
646.870903 1.16826295853
648.19713 1.31863808632
650.073386 1.2683391571
651.599337 1.51863408089
653.024278 1.41836595535
654.399578 1.36840605736
655.489583 1.06796813011
656.715103 1.21821808815
657.940912 1.21821403503
659.116527 1.168186903
660.242027 1.11816215515
661.618761 1.36880493164
662.694201 1.06811904907
663.869889 1.16810107231
665.19559 1.31835699081
666.170753 0.967880010605
667.397189 1.21845793724
668.423014 1.0181248188
670.181053 1.56897711754
671.808034 1.61876893044
673.333417 1.51871681213
674.85929 1.51894712448
676.284806 1.41851806641
677.760534 1.46877193451
679.186188 1.41872191429
680.847968 1.41848802567
682.225451 1.3685901165
683.901565 1.66891694069
685.37753 1.46872806549
686.954116 1.5689330101
688.380318 1.4187002182
690.007452 1.61915397644
691.483694 1.46872496605
693.010318 1.51902794838
694.870132 1.41880702972
695.845564 0.968014955521
696.821884 0.968179941177
697.947817 1.11830997467
699.073795 1.11815595627
700.299772 1.21840882301
701.52581 1.2183701992
702.802511 1.26860499382
703.728216 0.918035984039
704.954799 1.21852588654
706.231016 1.26857805252
707.457036 1.21839213371
708.533466 1.06837797165
709.759589 1.21845793724
710.968909 0.968112945557
711.996489 1.01824188232
713.643329 1.46863698959
714.671572 1.01819705963
715.897056 1.21816515923
716.923329 1.01822209358
718.049326 1.11830091476
719.175248 1.11817097664
720.401768 1.21841597557
721.52712 1.11795210838
722.65346 1.11829304695
723.779421 1.11826515198
724.805154 1.01805496216
726.081785 1.26855611801
727.057412 0.967945098877
728.183212 1.11809706688
729.459493 1.26858019829
730.535435 1.06821584702
732.032806 1.31861114502
733.358767 1.3186750412
734.533617 1.16815710068
735.909245 1.36867403984
737.034813 1.11826515198
738.410046 1.3684668541
739.535229 1.1181538105
740.961973 1.41859507561
742.448609 1.16823601723
743.675588 1.21841096878
744.951337 1.26828813553
746.22689 1.26831507683
747.452907 1.2183380127
748.678287 1.21810913086
749.853893 1.16805791855
751.07969 1.21855711937
752.753676 1.26873898506
754.079371 1.31857800484
755.3051 1.21845293045
756.580592 1.26852488518
757.506281 0.917915821075
758.735544 1.21857905388
759.711523 0.968155145645
760.737398 1.01815199852
761.963639 1.21828103065
762.989537 1.01812410355
764.216171 1.21851420403
765.291591 1.06800079346
766.266985 0.968003034592
767.242527 0.967778921127
768.268438 1.01818799973
769.394904 1.11831402779
770.654777 1.16832304001
771.730568 1.06803393364
773.149451 1.16852402687
774.126758 0.968126058578
775.202868 1.06826305389
776.278928 1.06834483147
777.5054 1.21841692924
778.58132 1.0681989193
779.507328 0.918027877808
780.483206 0.96816277504
781.608702 1.11799812317
782.734594 1.11812782288
783.659714 0.917736053467
784.685362 1.01797294617
785.811435 1.11832499504
786.837422 1.01810121536
787.899089 0.967821121216
788.874678 0.967783927917
789.899963 1.01789402962
790.925827 1.01793813705
791.990114 1.01806712151
793.065346 1.06786108017
794.040806 0.967756032944
795.066089 1.01784801483
795.991596 0.917798995972
797.051155 1.01781702042
798.076363 1.01776909828
799.001805 0.917737007141
799.97696 0.967778921127
801.353186 1.36851215363
802.316492 0.917734146118
803.530655 1.01794910431
804.554243 0.917865991592
805.630384 1.06825995445
806.555966 0.917806863785
807.53125 0.967838048935
808.406269 0.867597103119
809.482209 1.0681810379
810.558298 1.06831502914
811.784436 1.21836996078
812.74292 0.917942047119
813.918955 1.16829013824
814.994807 1.06801509857
816.020093 1.01786112785
816.946128 0.917819976807
818.010595 1.01815891266
818.985849 0.96786403656
819.911544 0.917936086655
821.070411 1.06801986694
821.996136 0.917783021927
823.002965 0.968195915222
824.078749 1.06802010536
825.054063 0.967823028564
825.979555 0.917814970016
826.906742 0.917999982834
827.932777 1.0182030201
828.825229 0.868142127991
830.001398 1.16840291023
831.077046 1.06801605225
832.002148 0.917671918869
833.027676 1.01782202721
834.193475 0.867644071579
835.069839 0.867672920227
836.045155 0.967788934708
837.065919 0.917896986008
837.991439 0.917851924896
838.967321 0.967935085297
839.943051 0.967991113663
840.819082 0.867920160294
841.794845 0.967981100082
842.770709 0.967946052551
843.746849 0.968033075333
844.72259 0.967929124832
845.648214 0.917866945267
846.674334 1.01800704002
847.700042 1.01797699928
848.676214 0.968066215515
849.702064 1.01810097694
850.628128 0.918236017227
851.604164 0.967931032181
