1.798076 1.41834402084
6.173212 1.41804599762
10.447642 1.41800904274
19.496797 1.31798696518
20.770943 1.26795315742
38.668429 1.2179889679
102.445506 1.16814088821
103.620723 1.16804003716
116.461582 1.16799116135
122.537089 1.11794900894
133.986494 1.06792211533
147.413668 1.06786203384
207.838606 1.01805210114
211.296226 1.0178129673
233.906331 1.01775288582
252.026619 0.96780705452
270.111095 0.967754840851
353.946404 0.967715024948
367.883228 0.967670917511
415.068818 0.967668056488
476.773482 0.967638969421
703.728216 0.918035984039
757.506281 0.917915821075
783.659714 0.917736053467
802.316492 0.917734146118
808.406269 0.867597103119
