0.87594 0.567002058029
2.853521 1.9692299366
3.678572 0.817827939987
4.2028 0.517122030258
4.926882 0.717561006546
6.952948 2.01932191849
8.378426 1.41847801208
10.60484 2.21961402893
11.128783 0.517184019089
12.052578 0.917577981949
13.783589 1.66875386238
14.457925 0.667279958725
15.031468 0.56724691391
15.705981 0.667334079742
16.630035 0.917759895325
17.204037 0.567207813263
17.967929 0.567187070847
18.492114 0.517132997513
19.366579 0.867635965347
20.040977 0.667304039001
20.565315 0.517096042633
21.088972 0.517097949982
23.165395 2.06957507133
23.690447 0.517482995987
24.263887 0.567159175873
24.788089 0.517220020294
25.662551 0.867600917816
26.437262 0.767606019974
27.261708 0.817573070526
27.856904 0.517235994339
28.431706 0.56751704216
28.955171 0.517144203186
29.479531 0.517188072205
30.053757 0.567256212234
30.578077 0.517163038254
31.348018 0.517236948013
32.22355 0.867623090744
32.74734 0.51708316803
35.024296 2.26996707916
35.548488 0.5172560215
36.072537 0.517287969589
36.759643 0.567349910736
37.283307 0.517205953598
38.00707 0.717604160309
38.530441 0.517146110535
39.404384 0.867753982544
41.731135 2.3203189373
43.906995 2.1696999073
45.73248 1.81929802895
46.807432 1.06810879707
47.413697 0.567267179489
47.986993 0.567094087601
48.710959 0.717459917068
49.785712 1.0682258606
51.009952 1.21803402901
52.284545 1.26838994026
53.560088 1.26835203171
54.157768 0.517081975937
56.184507 2.01965689659
56.758517 0.567456007004
57.43287 0.667593002319
58.598278 1.11808800697
59.222322 0.617270946503
59.747308 0.51756310463
60.671763 0.91768693924
61.197427 0.517492055893
61.975554 0.517440080643
62.551079 0.567395925522
63.538813 0.867820978165
64.063272 0.517309904099
64.587189 0.51714015007
65.111542 0.517287969589
65.635571 0.517210006714
66.159525 0.517166137695
66.68435 0.517249822617
67.25857 0.56732916832
67.782958 0.517314195633
68.3305 0.517188072205
68.854412 0.517129898071
69.378816 0.517230987549
70.374022 0.817703962326
71.148793 0.767683029175
71.673517 0.517554998398
72.197515 0.517158031464
73.422856 1.21823000908
73.946335 0.517143011093
74.8236 0.868056058884
75.34777 0.517274856567
75.972482 0.617503881454
76.854138 0.717601060867
77.378805 0.517502069473
78.20363 0.817785024643
78.777813 0.567348957062
79.62613 0.817795991898
80.150559 0.517330884933
80.674723 0.517292976379
81.199312 0.517427921295
81.723446 0.517319917679
82.247964 0.517310142517
82.772041 0.517251968384
83.373967 0.517469167709
83.89837 0.517500162125
84.524252 0.567404031754
85.048351 0.51728105545
85.572894 0.517335891724
86.097717 0.517565011978
87.323594 1.21872901917
87.848124 0.517383813858
88.372491 0.517386198044
89.291809 0.817860841751
89.866939 0.567636013031
90.391158 0.517357826233
90.965777 0.567441940308
91.490074 0.517354011536
92.246573 0.517468929291
92.771913 0.517298936844
93.389424 0.517606973648
94.514899 1.11832499504
95.087629 0.517204046249
95.611689 0.517289876938
96.186154 0.56748509407
96.710738 0.517321825027
97.235366 0.517462968826
97.759937 0.5173869133
98.364777 0.51740193367
98.888934 0.517254829407
99.413992 0.517464160919
99.938177 0.517273902893
100.513687 0.517399072647
101.088368 0.567383050919
101.613267 0.517564058304
102.288236 0.667768955231
103.018903 0.567387104034
103.543307 0.517330884933
104.31816 0.767649888992
105.092879 0.7677090168
105.662698 0.517327070236
106.260946 0.51740694046
106.784914 0.517251014709
107.309275 0.517343044281
107.833891 0.517313957214
108.358218 0.517340183258
108.882416 0.517200946808
109.406596 0.517301082611
109.931386 0.517365932465
110.660188 0.567528009415
111.184834 0.517410039902
111.758505 0.567271947861
112.285384 0.517519950867
113.009952 0.717606067657
113.534618 0.517427921295
114.259351 0.717695951462
114.783577 0.517297029495
115.308769 0.517505168915
115.883125 0.567363023758
116.432911 0.51749587059
117.118236 0.517425060272
117.692736 0.567503929138
118.217157 0.517447948456
118.791786 0.567373037338
119.31608 0.517378091812
119.891009 0.567717075348
120.415393 0.517446041107
120.990092 0.567464113235
121.745555 0.56748509407
123.921718 1.91957402229
124.447228 0.517323970795
124.971643 0.517273902893
125.496053 0.517371177673
126.020561 0.5172560215
126.587762 0.517277956009
127.112292 0.517317056656
127.636841 0.517513990402
128.372606 0.56742811203
128.896883 0.517228126526
129.921945 1.01810383797
130.523317 0.517417192459
132.550117 2.01980400085
133.074738 0.517374992371
133.599132 0.517400026321
134.204646 0.517488002777
134.729298 0.517457008362
135.353847 0.617524862289
135.978714 0.617510080338
136.503062 0.517400026321
137.027695 0.517346143723
138.002873 0.968143939972
138.600331 0.517359018326
139.676421 1.06823301315
140.200987 0.517512798309
140.776128 0.567600011826
141.300531 0.517378091812
141.824882 0.517310857773
142.349757 0.517470121384
142.874196 0.517414093018
143.398984 0.517450094223
144.000095 0.51734995842
144.524835 0.517459869385
145.049616 0.51729798317
145.574911 0.517436981201
146.09961 0.517638921738
146.750978 0.567548036575
147.275298 0.517300128937
147.800032 0.517385959625
148.524705 0.717624902725
149.085566 0.517488956451
149.610715 0.517607927322
150.235472 0.617429018021
150.849756 0.51766705513
151.374182 0.517317056656
151.899277 0.517509937286
153.826218 1.91965389252
154.60952 0.517586946487
155.135154 0.517426967621
155.659936 0.517477035522
156.400774 0.567497968674
157.025567 0.617517948151
157.550276 0.51734495163
158.074673 0.517399072647
159.701164 1.61911296844
160.226243 0.517372846603
160.750943 0.517359972
161.476055 0.567381858826
162.000757 0.517412900925
162.825684 0.817692041397
163.350085 0.517315864563
164.904378 1.46905207634
165.454761 0.517548084259
165.979951 0.517541885376
166.504405 0.51732301712
167.104683 0.517409086227
167.629137 0.51739192009
168.204431 0.567634820938
168.728858 0.517359018326
169.303978 0.567723989487
169.828852 0.517541885376
170.353221 0.517333984375
172.656795 2.22010993958
173.332156 0.66769695282
175.00882 1.66924285889
175.534011 0.517614841461
176.299771 0.717696905136
176.824743 0.517539024353
177.850404 1.01815700531
178.454959 0.5173869133
179.029838 0.567498922348
179.554909 0.517627954483
180.079243 0.517247915268
180.604515 0.517596006393
181.173274 0.517305850983
