1.869424 1.41790103912
3.245637 1.36801886559
4.87009 1.61817216873
6.695448 1.81870412827
8.120437 1.41812610626
9.494643 1.36808300018
11.37135 1.86879205704
12.795708 1.41820502281
14.320257 1.51837301254
15.645727 1.31801104546
17.120816 1.46827197075
18.796355 1.66849303246
20.170647 1.36812901497
21.644993 1.46818399429
22.969262 1.31801104546
24.594135 1.61845779419
26.062826 1.368268013
27.388545 1.31813812256
28.613306 1.21793699265
29.888485 1.26813316345
31.263462 1.36815500259
32.776955 1.2681620121
34.052929 1.26805520058
35.327726 1.26815795898
36.703023 1.36829090118
38.027931 1.3181989193
39.302682 1.26805496216
40.62789 1.31825709343
41.902586 1.26801800728
43.177685 1.26813697815
44.402624 1.21823406219
45.67742 1.2680978775
47.321768 1.51849913597
48.595907 1.26803517342
50.020373 1.41829204559
51.495069 1.46828079224
53.119693 1.61854600906
54.74443 1.61858415604
56.219262 1.46830606461
57.693804 1.4684009552
59.068056 1.36815500259
60.54278 1.46831989288
62.117484 1.56854605675
63.670292 1.36825990677
65.146634 1.46843099594
66.47162 1.31827282906
67.947091 1.46846103668
69.37224 1.41845011711
70.851955 1.36825799942
72.12711 1.26817703247
73.482399 1.318349123
74.807907 1.31843805313
76.082943 1.26827907562
77.458175 1.36827588081
78.783465 1.31823515892
80.058374 1.26811790466
81.433328 1.36821198463
82.70853 1.26810193062
84.033861 1.31856203079
85.409633 1.36834812164
86.684696 1.26829004288
88.009668 1.31817603111
89.474421 1.41842794418
90.749371 1.26814484596
92.115766 1.26829600334
93.391126 1.26813197136
94.886949 1.26834201813
96.313414 1.41851902008
97.588493 1.26829600334
98.914586 1.31839895248
100.310742 1.36834001541
101.585622 1.26814413071
102.910968 1.31826210022
104.185918 1.26823306084
105.434812 1.21819806099
106.659863 1.21830201149
107.984882 1.31824398041
109.310243 1.31832003593
110.53523 1.21819400787
111.860619 1.3183259964
113.344641 1.41842079163
114.870082 1.51852488518
116.502809 1.56858301163
117.977456 1.46847581863
119.552147 1.56852197647
120.976917 1.41827702522
122.451599 1.46850991249
123.876255 1.41843700409
125.670445 1.56867289543
127.046794 1.36839795113
128.822538 1.7689640522
130.297724 1.4684009552
131.723184 1.41841697693
133.098201 1.36829400063
134.723989 1.61871886253
136.048957 1.31824207306
137.599571 1.41841888428
139.174475 1.5684800148
140.699116 1.51847314835
142.274231 1.56863999367
143.648764 1.36829090118
145.073227 1.41824889183
146.798698 1.71891689301
148.323329 1.51841187477
149.898129 1.5686109066
151.422876 1.51849317551
153.048151 1.61867189407
154.372645 1.31824994087
156.132309 1.5186882019
157.458765 1.31825017929
159.084213 1.61867880821
160.509881 1.4184949398
161.905432 1.26822805405
163.230772 1.31828308105
164.555898 1.31828188896
165.981379 1.4183549881
167.306469 1.31828784943
168.531665 1.21811008453
169.856635 1.31820988655
171.181622 1.31808996201
172.506869 1.31815814972
173.781814 1.2681479454
175.077853 1.26811408997
176.35294 1.26822400093
177.778268 1.41846489906
179.103727 1.3182721138
180.378748 1.26817893982
181.653997 1.26819610596
183.020042 1.26816606522
184.295372 1.26816987991
185.556041 1.21810007095
187.123022 1.31830596924
188.349023 1.21815395355
189.623993 1.26816010475
190.931902 1.26811289787
192.357346 1.41842389107
193.582251 1.2180981636
194.907678 1.31833410263
196.307797 1.36826491356
197.632877 1.3182990551
198.958161 1.31822681427
200.283246 1.31826806068
201.667378 1.31850385666
202.942416 1.26827502251
204.634169 1.56862092018
205.959108 1.31829404831
207.433775 1.46842694283
208.809703 1.36837792397
210.434675 1.61872792244
212.059533 1.61862397194
213.634316 1.56856203079
215.509898 1.86898803711
217.034699 1.51856207848
218.740294 1.51853895187
220.26684 1.51855492592
221.641921 1.36838102341
223.317256 1.66864705086
224.642511 1.31823706627
226.217792 1.5685608387
227.793298 1.56852293015
229.44951 1.26821899414
230.974233 1.51843905449
232.348734 1.36819601059
233.826526 1.46859312057
235.351336 1.51852893829
236.776154 1.41849803925
238.366933 1.56869506836
239.791653 1.41840100288
241.516838 1.7186961174
242.891434 1.36827993393
244.26631 1.36838817596
245.691191 1.41855788231
247.115843 1.41837906837
248.540789 1.41842699051
250.1809 1.41836500168
251.557382 1.36852908134
252.988179 1.31833410263
254.263306 1.26824092865
255.557994 1.26834511757
256.93316 1.36826205254
258.208582 1.2683069706
259.533782 1.31828403473
260.859122 1.31822800636
262.184558 1.31832504272
263.559753 1.3683450222
264.885263 1.31838798523
266.232756 1.31850600243
267.607871 1.36825180054
268.933399 1.31838297844
270.408754 1.46845293045
271.584016 1.16812396049
272.909176 1.31834077835
274.278569 1.26818203926
275.453734 1.16807603836
276.700593 1.2181289196
277.875867 1.16815114021
279.050822 1.16806316376
280.477588 1.16805696487
281.678115 1.16812801361
282.953156 1.26815509796
284.178766 1.21841001511
285.454114 1.26824998856
286.679127 1.2181520462
287.90447 1.21810698509
289.12955 1.21822214127
290.40496 1.26831102371
291.680141 1.26830601692
292.879581 1.16802382469
294.254528 1.26847600937
295.480486 1.2184510231
296.755527 1.26816916466
298.063792 1.26813292503
299.339304 1.26827812195
300.814633 1.46844887733
302.14022 1.31842279434
303.365323 1.21816897392
304.640643 1.26845216751
305.916027 1.26815891266
307.191372 1.26804685593
308.491023 1.26821303368
309.816245 1.31833386421
311.255186 1.21814894676
312.581715 1.31846094131
313.756707 1.16804885864
315.087988 1.21823000908
316.263072 1.16813611984
317.538165 1.26816797256
318.814366 1.26827597618
320.039493 1.21815490723
321.265174 1.2183599472
322.490286 1.21814799309
323.765424 1.26822781563
324.990827 1.21815705299
326.216012 1.21823596954
327.491223 1.2682659626
328.766678 1.26818084717
329.991787 1.21814799309
331.285598 1.2683031559
332.560853 1.26831483841
333.936003 1.36819696426
335.505987 1.46861696243
336.781538 1.26826882362
338.006557 1.21803712845
339.282123 1.26833486557
340.507309 1.21819400787
342.063221 1.26829195023
343.339861 1.26834893227
344.665124 1.31835603714
345.940318 1.26825690269
347.21587 1.26831102371
348.491105 1.2682800293
349.766778 1.2683429718
351.041933 1.26822686195
352.286269 1.21804285049
353.511535 1.21807789803
354.736648 1.21816706657
356.012658 1.16824698448
357.238049 1.21813488007
358.46311 1.21810698509
359.738144 1.26806998253
360.963619 1.21816706657
362.33897 1.36831212044
363.583366 1.21819400787
364.80847 1.21814084053
366.083619 1.26819705963
367.409252 1.31834602356
368.605164 1.16802000999
369.880768 1.26831007004
371.206014 1.31828117371
372.693607 1.21822714806
373.949709 1.21823096275
375.225305 1.26835298538
376.607672 1.2682659626
377.882881 1.26823401451
379.183811 1.26821994781
380.509408 1.31828904152
381.78448 1.2680580616
383.11011 1.31833100319
384.357731 1.21821188927
385.733235 1.36835002899
387.008718 1.2682390213
388.384011 1.368268013
389.659142 1.26815319061
390.88516 1.21834993362
392.110321 1.21818494797
393.436207 1.31856489182
394.661492 1.21825504303
395.986689 1.3182311058
397.357109 1.26814198494
398.632774 1.26833796501
399.826628 1.16803717613
401.102539 1.26825881004
402.427884 1.31831717491
403.895636 1.21818900108
405.144366 1.21837496758
406.419623 1.26827597618
407.744848 1.31828403473
409.021038 1.26821398735
410.2449 1.16814398766
411.470445 1.21828103065
412.795828 1.31837916374
414.021034 1.21815609932
415.246644 1.2182431221
416.521886 1.26819610596
417.862162 1.21829915047
419.137631 1.26827001572
420.429751 1.26816987991
421.655018 1.21829485893
422.880396 1.2180788517
424.155643 1.26824212074
425.365711 1.16816496849
426.64091 1.26822113991
427.916379 1.26823306084
429.241658 1.31826090813
430.547982 1.26817393303
431.773403 1.21819782257
433.048626 1.26820588112
434.594283 1.26825809479
435.820803 1.21837902069
437.146005 1.31820106506
438.677353 1.41844320297
439.952504 1.26819515228
441.228122 1.26821208
442.553496 1.31836795807
443.779037 1.21828579903
445.004295 1.2182738781
446.22938 1.21803879738
447.504995 1.26832890511
448.780189 1.26815605164
450.055308 1.26812696457
451.353177 1.26831102371
452.628303 1.26808595657
453.95394 1.3183119297
455.229255 1.26829195023
456.504402 1.26809501648
457.779977 1.26827406883
459.249741 1.36843419075
460.52536 1.26826405525
461.85047 1.31804203987
463.075987 1.21822690964
464.40114 1.31816291809
465.895277 1.268242836
467.17195 1.26842093468
468.397136 1.21812200546
469.672743 1.26828193665
470.847894 1.16811609268
472.173197 1.31828093529
473.399213 1.21827602386
474.624461 1.21817183495
475.89998 1.26823019981
477.125145 1.21814584732
478.450599 1.31818890572
479.823718 1.26815199852
481.049256 1.21825695038
482.324541 1.26819610596
483.599644 1.26809406281
484.975874 1.36840009689
486.20097 1.21808600426
487.476544 1.26824688911
488.801891 1.31831002235
490.056869 1.21809196472
491.332524 1.26828503609
492.657774 1.31821489334
493.883281 1.21819090843
495.19326 1.26831388474
496.686072 1.26824998856
497.912608 1.21829295158
499.187859 1.26824402809
500.960503 1.5688290596
502.48553 1.51860594749
504.010235 1.51838302612
505.53536 1.51845097542
507.110398 1.56859207153
508.535054 1.41828298569
509.961536 1.41855192184
511.436769 1.4688501358
513.011871 1.56871795654
514.437086 1.41850805283
515.811757 1.36828398705
517.236801 1.41865086555
518.762176 1.51861310005
520.086967 1.31836104393
521.611921 1.51854109764
522.937142 1.31849694252
524.398037 1.31841182709
525.774157 1.36850810051
527.24504 1.21846199036
528.471891 1.21835803986
529.747353 1.26822018623
531.072866 1.31844305992
532.2985 1.21824884415
533.573904 1.26830816269
534.772162 1.16823911667
536.047518 1.26824498177
537.373035 1.31837701797
538.548472 1.16806006432
539.873916 1.31838202477
541.199721 1.3183619976
542.475073 1.26828598976
543.750385 1.26819801331
545.997136 1.41852498055
547.323064 1.31846499443
548.598604 1.26835799217
549.77376 1.16806006432
551.049689 1.2684700489
552.349749 1.26823592186
553.575536 1.21830797195
554.802049 1.21875500679
556.028059 1.21850895882
557.476875 1.21822214127
558.753508 1.26837015152
560.028862 1.26824593544
561.304213 1.26819491386
562.529864 1.21819996834
563.705223 1.16818404198
564.980959 1.26834702492
567.030479 1.86928796768
568.256022 1.21832108498
569.531431 1.26826095581
570.806842 1.26829600334
572.082664 1.26827001572
573.330122 1.21827697754
574.605925 1.26831197739
575.881436 1.26834511757
577.106751 1.21816110611
578.405922 1.26837301254
579.581472 1.16821289062
580.857499 1.26854801178
582.183645 1.31866908073
583.481711 1.26835823059
584.80757 1.31843686104
586.083005 1.26832604408
587.84348 1.21829795837
589.169579 1.3183131218
590.345023 1.1682100296
591.82047 1.46845698357
593.196018 1.36826300621
594.666702 1.41842603683
596.09246 1.41850280762
597.517991 1.41845107079
598.943496 1.41845798492
600.319144 1.36835002899
601.694607 1.36834907532
603.12048 1.41861510277
604.495935 1.36842393875
606.121674 1.61871504784
607.547752 1.41871809959
608.823034 1.26828718185
610.438473 1.41848516464
611.913414 1.46846103668
613.338603 1.41839885712
614.913683 1.56860399246
616.438722 1.51853704453
618.064203 1.61870288849
619.661083 1.31839299202
621.18801 1.51865196228
622.813753 1.61872601509
624.139318 1.31845211983
625.615303 1.46864104271
626.940852 1.31847596169
628.36675 1.4184679985
629.892528 1.51868391037
631.568551 1.66885113716
633.044557 1.46860003471
634.57511 1.36855697632
635.800804 1.21823501587
637.076377 1.26828503609
638.352192 1.26831793785
639.627621 1.26824402809
640.923787 1.26835680008
642.149497 1.21821808815
643.374943 1.21824908257
644.60079 1.21831202507
645.87623 1.26828098297
647.352028 1.46851801872
648.627826 1.26828193665
649.984475 1.11811304092
651.261194 1.26834988594
652.486642 1.21818590164
653.711989 1.21817493439
655.041877 1.21844911575
656.367604 1.31832695007
657.543295 1.16815805435
658.868966 1.31835317612
660.194662 1.31844305992
661.420374 1.21822404861
662.645788 1.2181699276
663.771385 1.11810708046
664.997009 1.2184419632
666.222418 1.21817588806
667.448701 1.21831297874
668.724192 1.26831102371
669.89957 1.16818499565
671.025104 1.11803412437
672.250611 1.21825194359
673.426545 1.16842913628
674.696427 1.16806387901
675.87222 1.16830801964
677.047466 1.16803503036
678.173567 1.11816501617
679.449067 1.2682788372
680.826977 1.2183368206
682.003718 1.16816687584
683.129211 1.11834907532
684.25449 1.11804986
685.430197 1.16819596291
686.555525 1.11806607246
687.731268 1.16822600365
688.956661 1.21818399429
690.182076 1.21813392639
691.357807 1.16824412346
692.533121 1.16806602478
693.909264 1.26815414429
695.085076 1.16816091537
696.310565 1.21820402145
697.435826 1.11801791191
698.61166 1.16814804077
699.787069 1.16812896729
701.012902 1.21828103065
702.188373 1.16824603081
703.513845 1.31826877594
704.689574 1.16816496849
705.914934 1.21808505058
707.040574 1.11808800697
708.16589 1.11804986
709.39124 1.21811008453
710.617047 1.21824407578
712.018881 1.16820597649
713.30336 1.16813087463
714.478705 1.16808700562
715.676802 1.1683280468
716.902252 1.2181930542
718.077989 1.16820502281
719.253431 1.16816806793
720.428703 1.1680150032
721.604321 1.16804099083
722.729552 1.11799693108
723.905245 1.16815090179
725.130767 1.21824002266
726.306047 1.16808509827
727.551714 1.2182970047
728.727073 1.16809892654
729.852305 1.11799001694
730.978087 1.11814498901
732.241909 1.11822390556
733.468791 1.16814112663
734.644089 1.16804218292
736.019696 1.36841106415
737.295353 1.26812791824
738.496703 1.16810417175
739.672403 1.16813993454
740.89792 1.21818590164
742.311338 1.16807484627
743.512118 1.16819000244
744.587321 1.06791996956
745.713261 1.11798787117
746.838524 1.11801600456
748.013867 1.16814303398
749.139483 1.11811995506
750.214666 1.06796598434
751.541602 1.2181019783
752.717243 1.16815304756
753.892645 1.16807484627
755.068956 1.16816306114
756.194222 1.11798906326
757.36962 1.1681599617
758.645231 1.26835799217
759.871085 1.21826601028
761.09651 1.21816086769
762.272189 1.16815686226
763.397525 1.11805105209
764.572786 1.16806817055
765.648397 1.06800913811
766.773726 1.11807203293
767.999462 1.21820306778
769.124725 1.1179959774
770.395152 1.16816091537
771.570768 1.16806602478
772.986341 1.21823191643
774.062831 1.06806302071
775.288308 1.21822190285
776.413529 1.11800599098
777.739403 1.31830382347
778.864745 1.1181178093
780.040573 1.16810107231
781.215952 1.16815304756
782.391394 1.1680958271
783.567121 1.16817808151
784.742345 1.16802000999
785.867987 1.11810684204
787.143547 1.26827406883
788.268795 1.11799192429
789.54415 1.16813993454
790.719892 1.16811990738
791.945295 1.21812105179
793.121127 1.16825795174
794.346631 1.21818304062
795.622067 1.26815390587
796.747707 1.11805009842
797.923051 1.16803693771
799.098904 1.16825509071
800.324415 1.21811795235
801.449765 1.11801981926
802.575637 1.1182551384
803.936406 1.16827988625
805.213216 1.26827788353
806.389374 1.16837906837
807.515478 1.11829519272
808.846422 1.21812415123
809.9222 1.06824612617
811.047566 1.11799192429
812.223419 1.16824698448
813.298861 1.06810688972
814.424771 1.11824512482
815.55048 1.11810112
816.62582 1.06797504425
817.751183 1.11798810959
818.876865 1.11804699898
820.052275 1.16810202599
821.328576 1.26829695702
822.403908 1.06797194481
823.529392 1.11807203293
824.655085 1.11810398102
825.830483 1.16808986664
827.000541 1.06796097755
828.226315 1.21820807457
829.351667 1.11796593666
830.527483 1.16820788383
831.702835 1.16802811623
832.879352 1.16827106476
834.236223 1.16813397408
835.312688 1.06799721718
836.438225 1.11812496185
837.713974 1.26844716072
838.989821 1.26822400093
840.215271 1.21814799309
841.340992 1.11808300018
842.516406 1.16808795929
843.641699 1.11799407005
844.81744 1.16813397408
