1.733436 1.41794395447
3.209271 1.46814513206
4.38314 1.16774702072
5.858262 1.46809196472
7.433168 1.56818294525
8.75805 1.31786799431
10.232862 1.46810317039
12.008135 1.76855397224
13.332521 1.31796813011
14.856997 1.51809477806
16.331793 1.46809101105
17.907173 1.56837105751
19.381299 1.46797800064
20.95652 1.56824302673
22.281249 1.31792783737
23.806155 1.51818704605
25.379877 1.51824021339
26.703985 1.31790113449
28.278432 1.5682079792
29.753125 1.46825790405
31.227542 1.46823787689
33.060958 1.61880111694
34.587081 1.51828408241
36.06195 1.46820783615
37.587152 1.518253088
39.112153 1.5183429718
40.687169 1.56837797165
42.262427 1.56837296486
43.637162 1.36811590195
45.062291 1.41821217537
46.587267 1.51835489273
47.912046 1.31794404984
49.458054 1.41842389107
50.882591 1.41816782951
52.306905 1.41815495491
53.731539 1.41825699806
55.206141 1.46846389771
56.530387 1.3180270195
58.307275 1.76891303062
59.831841 1.51840996742
61.306337 1.46834897995
62.630855 1.31808900833
64.160939 1.31822490692
65.587158 1.41840410233
67.062134 1.46827793121
68.537112 1.46829104424
70.062499 1.51841497421
71.487389 1.41819405556
72.904232 1.31839799881
74.179099 1.26813793182
75.404031 1.21818399429
76.57935 1.16817092896
77.835949 1.21808719635
79.061149 1.21812605858
80.386437 1.31853199005
81.561261 1.16807603836
82.736385 1.16802787781
84.211536 1.4684278965
85.486429 1.2681388855
86.76172 1.26821112633
87.936494 1.16793990135
89.197837 1.21811914444
90.422608 1.21800804138
91.647502 1.21814012527
92.954471 1.21808695793
94.36125 1.1681098938
95.687328 1.31823611259
96.912107 1.21803998947
98.13683 1.21802186966
99.412004 1.2681620121
100.586908 1.16813588142
101.762106 1.16800713539
102.886804 1.11794495583
104.111781 1.21816301346
105.286793 1.16801714897
106.511769 1.21823787689
107.736871 1.21806097031
108.961814 1.21822285652
110.186677 1.21812701225
111.346092 1.06794285774
112.621359 1.26806616783
113.946421 1.31825995445
115.121416 1.16793608665
116.29615 1.16798901558
117.470825 1.16791892052
118.595839 1.11791491508
119.770665 1.16804504395
121.146195 1.36843204498
122.320923 1.16795611382
123.545869 1.21804904938
124.915072 1.16812300682
126.091337 1.16809010506
127.266257 1.16810894012
128.441167 1.16801810265
129.666381 1.21810984612
130.933339 1.16799378395
132.208556 1.26819396019
133.383418 1.16806912422
134.559231 1.16812992096
135.684087 1.11801290512
136.909474 1.21825909615
138.134353 1.21809196472
139.359179 1.21798586845
140.584189 1.21818614006
141.75948 1.1681060791
143.034409 1.26807713509
144.30985 1.26828598976
145.434545 1.11790990829
146.609401 1.16800999641
147.784545 1.16803097725
149.109668 1.31827497482
150.580565 1.368227005
152.05503 1.46823501587
153.379601 1.31804203987
154.754567 1.31803512573
156.348652 1.36834311485
157.825333 1.46861481667
159.200447 1.36831116676
160.676173 1.46855211258
162.051327 1.36827492714
163.676783 1.61864113808
165.202639 1.51867985725
166.577797 1.36839318275
167.754147 1.16817712784
169.329442 1.56853294373
170.804446 1.4683110714
172.194243 1.36814188957
173.472917 1.16810798645
174.647795 1.16801309586
175.772596 1.11797094345
176.997773 1.21803498268
178.272702 1.26808905602
179.347643 1.06782984734
180.572664 1.21820998192
181.797586 1.21808314323
183.072891 1.2682158947
184.197616 1.11789608002
185.322833 1.11806511879
186.689795 1.11794281006
187.865723 1.16802692413
189.290937 1.41835904121
190.565962 1.26815700531
191.891225 1.31818914413
