1.95233 1.5185918808
3.628912 1.66887402534
5.003304 1.36820602417
6.32789 1.31831908226
7.754209 1.41825819016
9.229511 1.46846699715
10.604757 1.36821579933
11.929192 1.31816577911
13.354495 1.41825389862
14.679696 1.3184659481
16.104256 1.41838216782
17.529116 1.418364048
18.955685 1.4186668396
20.430447 1.46849989891
21.955191 1.5185251236
23.580844 1.61862492561
25.004723 1.36848807335
26.57949 1.56854104996
28.104314 1.51857614517
29.479149 1.36828517914
30.954512 1.46874403954
32.622389 1.41895914078
34.099173 1.46848988533
35.524271 1.41843700409
36.949848 1.41852211952
38.32496 1.36848783493
39.800141 1.4685189724
41.476066 1.66878008842
43.05137 1.56859779358
44.377434 1.3187148571
46.053142 1.66905283928
47.578605 1.51875710487
49.126615 1.41877198219
50.451439 1.31858491898
51.876318 1.41858696938
53.552016 1.66923689842
54.977418 1.41869711876
56.302048 1.31851601601
57.826935 1.51870203018
59.402258 1.56888794899
61.027741 1.61886811256
62.652662 1.61875200272
64.17125 1.36858415604
65.497881 1.31862092018
66.973194 1.46855187416
68.399547 1.4189479351
69.724689 1.31843686104
71.099872 1.36843800545
72.528647 1.31850290298
73.953895 1.41841602325
75.579828 1.61887216568
76.855053 1.26833701134
78.230678 1.3685362339
79.605967 1.36854982376
80.981122 1.36841201782
82.406274 1.41843318939
83.705878 1.26854610443
85.031038 1.31844377518
86.406814 1.36851000786
87.731993 1.3184800148
89.107137 1.36838793755
90.532738 1.41853308678
91.907884 1.36842012405
93.233738 1.31840205193
94.879142 1.26845097542
96.255114 1.36842393875
97.580588 1.31841802597
98.905774 1.31834793091
100.282189 1.36853599548
101.657581 1.36858201027
102.983212 1.31854295731
104.308433 1.31844496727
105.517413 1.1682100296
106.893298 1.36854290962
108.218527 1.3183889389
109.593851 1.36840295792
110.869527 1.26850605011
112.144626 1.26827979088
113.470225 1.31843900681
114.895571 1.41858410835
116.281874 1.26834106445
117.607428 1.31849503517
118.782459 1.16825294495
120.108029 1.31848502159
121.362372 1.2183368206
122.637778 1.26858592033
123.813064 1.16813397408
125.196544 1.16831302643
126.423462 1.21854901314
127.699188 1.26863217354
128.924763 1.21854400635
130.1502 1.21823692322
131.475482 1.31844496727
132.700919 1.21836304665
133.976149 1.2684378624
135.251293 1.26834416389
136.680022 1.31859993935
137.905323 1.21842598915
139.080443 1.16826415062
140.356103 1.26836013794
141.581307 1.21838307381
142.756484 1.1681740284
144.032132 1.2684469223
145.307476 1.26845097542
146.532917 1.21829986572
147.808079 1.26834821701
149.057854 1.2182469368
150.333329 1.26834321022
151.558509 1.21830201149
152.884181 1.31850004196
154.083619 1.16822886467
155.446403 1.16822290421
156.726948 1.16813802719
158.052481 1.31842184067
159.352605 1.26829004288
160.678252 1.31851506233
161.903503 1.21833491325
163.128708 1.21835613251
164.404262 1.26836109161
165.629536 1.21838402748
166.855094 1.218334198
168.130245 1.26831293106
169.379359 1.21831583977
170.554354 1.16814804077
171.73026 1.16834616661
172.905351 1.16825294495
174.296027 1.36897492409
175.471049 1.16814899445
177.0012 1.41865205765
178.376011 1.36851716042
179.950856 1.56858682632
181.475991 1.51852917671
182.90088 1.41861009598
184.426347 1.51890492439
186.205155 1.61875605583
187.882106 1.66907191277
189.257436 1.36846399307
190.732921 1.46853399277
192.208488 1.46853613853
193.53369 1.31842422485
194.909365 1.36861610413
196.434833 1.5186958313
197.860064 1.41847205162
199.435829 1.56877994537
200.783361 1.2183110714
202.059392 1.26841402054
203.434763 1.36844396591
204.684559 1.21834182739
205.959794 1.26828598976
207.184995 1.21830415726
208.360331 1.1681728363
209.535425 1.16823005676
210.760968 1.21836280823
212.036233 1.26836204529
213.361635 1.3184928894
214.587086 1.21830487251
216.029947 1.21826696396
217.35718 1.31877708435
218.53218 1.16813111305
219.857572 1.31845188141
221.168725 1.16836094856
222.394005 1.21838116646
223.619587 1.21843409538
224.744651 1.11816906929
225.969872 1.21832299232
227.145306 1.16826891899
228.370561 1.2183611393
229.59628 1.2184920311
230.771582 1.16829705238
232.0468 1.26831507683
233.272452 1.21837902069
234.597823 1.31846690178
235.722918 1.11813998222
236.89841 1.16826677322
238.173789 1.26847195625
239.44953 1.26851606369
240.71956 1.16822504997
241.844917 1.11814713478
242.969947 1.11809396744
244.145651 1.16832518578
245.270728 1.11813783646
246.696414 1.16833090782
247.772637 1.06812500954
248.897714 1.1181139946
250.023082 1.11820101738
251.198189 1.16819596291
252.323215 1.11813807487
253.498625 1.1682009697
254.623699 1.11819696426
255.799417 1.16840720177
256.974485 1.16820502281
258.04947 1.06803107262
259.22521 1.06805086136
260.350538 1.11816883087
261.575862 1.21836900711
262.700754 1.11801195145
263.776385 1.06820893288
265.001716 1.21835184097
266.127101 1.11817312241
267.252402 1.11823797226
268.349849 1.06827688217
269.42553 1.06805896759
270.600623 1.16820979118
271.726141 1.11826682091
272.801125 1.06806182861
273.876358 1.06819200516
275.001704 1.11810708046
276.176917 1.16834807396
277.620627 1.11833810806
278.746567 1.11823296547
279.871783 1.11825489998
280.997319 1.11823511124
282.12277 1.11843681335
283.19826 1.06821012497
284.373408 1.16819214821
285.468672 1.06804680824
286.594072 1.11814284325
287.769394 1.16834998131
288.894929 1.11829519272
290.020285 1.11837410927
291.195505 1.16820693016
292.471598 1.26865696907
293.646833 1.16829299927
294.772162 1.11838507652
295.942972 1.06815600395
297.068396 1.1181871891
298.193672 1.11815690994
299.269113 1.06817913055
300.444478 1.16835999489
301.569608 1.11811494827
302.695161 1.11826610565
304.020729 1.3186070919
305.196327 1.1683049202
306.321554 1.11820197105
307.496607 1.16808700562
308.805098 1.06822705269
309.931531 1.11817502975
311.106734 1.16816496849
312.282389 1.16834115982
313.457619 1.16823720932
314.638448 1.06804609299
316.014363 1.36852312088
317.139477 1.11815309525
318.465207 1.31845593452
319.540321 1.06809902191
320.815591 1.26826906204
321.941056 1.11813092232
323.066089 1.11805510521
324.291377 1.21829819679
325.466815 1.16807293892
326.668268 1.16826820374
327.793896 1.11824297905
328.96921 1.16833686829
330.044299 1.06810903549
331.169809 1.11815309525
332.294923 1.11814308167
333.630451 1.21865916252
334.705783 1.06805515289
335.830909 1.11815810204
336.906054 1.06794786453
337.981071 1.06804299355
339.453957 1.26825690269
340.580145 1.11815214157
341.805281 1.21822214127
342.880169 1.06791591644
344.055768 1.1682639122
345.180874 1.11800694466
346.456689 1.26826500893
347.681837 1.21815180779
348.857337 1.16817307472
349.982345 1.11811900139
351.107321 1.11803913116
352.332442 1.11817884445
353.407732 1.0683619976
354.482852 1.06795310974
355.558499 1.06800699234
356.633468 1.06800103188
357.708736 1.0680038929
358.883892 1.16819810867
359.959153 1.06812119484
361.084464 1.11805820465
362.209763 1.11814808846
363.385916 1.16858506203
364.611138 1.21828985214
365.686041 1.06794905663
366.861455 1.16814208031
367.936425 1.06796693802
369.061802 1.11809396744
