1.521147 1.26791095734
3.248592 1.71878790855
4.874432 1.61869001389
6.34964 1.46865701675
7.774719 1.41852092743
9.24932 1.46833181381
10.674254 1.41856598854
12.300066 1.61861586571
13.724933 1.41846323013
15.25018 1.51856994629
16.725918 1.46871805191
18.251601 1.51868009567
19.42641 1.16812992096
20.902194 1.46869421005
22.177296 1.26841402054
23.8532 1.66886901855
25.381953 1.36875391006
26.756474 1.3683359623
28.131961 1.36850500107
29.457351 1.31855583191
30.559825 1.06814002991
32.109606 1.31859207153
33.486696 1.36866188049
34.611831 1.1181910038
36.077723 1.41856789589
37.402969 1.31838417053
38.477876 1.0679910183
39.90321 1.41842007637
41.546736 1.46901988983
42.622158 1.06835985184
43.997882 1.36872792244
44.975574 0.968209981918
46.400823 1.41849517822
47.325701 0.918120861053
48.651358 1.31860399246
49.826965 1.16860198975
51.203052 1.36871194839
52.428243 1.21832799911
53.653866 1.21855282784
54.729474 1.06824207306
56.403835 1.51923704147
57.479153 1.06827902794
58.453509 0.967931985855
59.629378 1.16840410233
60.654259 1.01801204681
61.779433 1.11818599701
63.185947 1.16834998131
64.262213 1.06816697121
65.2877 1.01843905449
66.463262 1.1684679985
67.589077 1.1183848381
68.749 1.11815881729
70.351097 1.31874799728
71.676129 1.31868290901
73.051029 1.36860704422
74.07577 1.01805019379
75.200519 1.11821699142
76.275625 1.06835603714
77.451041 1.16836714745
78.426067 0.968012094498
79.292113 0.817933082581
80.34557 0.968306064606
81.471212 1.11828184128
82.495914 1.01797485352
83.521653 1.01830387115
84.58662 1.01821804047
85.561893 0.968205928802
86.787814 1.21854710579
88.013463 1.21855807304
89.28854 1.26818990707
90.214897 0.918015003204
91.240284 1.01818490028
92.36609 1.11840796471
94.161024 1.31880116463
95.287708 1.11844301224
96.613643 1.31878495216
97.638862 1.01834106445
98.714199 1.06820487976
99.789597 1.0683259964
100.915364 1.11836099625
102.041047 1.11855006218
103.316826 1.2684481144
105.154747 1.66926884651
106.230335 1.0683400631
107.297779 1.01819705963
108.523135 1.21833491325
109.448566 0.918071985245
110.624134 1.16842603683
112.01232 1.21871805191
112.987877 0.968116044998
114.263576 1.26857995987
115.539776 1.2686650753
116.51504 0.968126058578
117.690461 1.16837596893
119.464096 1.61923408508
121.190194 1.71922206879
122.715584 1.51887607574
124.482729 1.46902990341
126.110372 1.6190829277
127.235837 1.11836504936
128.712168 1.46885108948
130.225835 1.46900010109
132.002184 1.76923584938
133.478576 1.46896314621
134.95444 1.46873903275
136.330498 1.36876893044
137.75617 1.41867494583
139.3323 1.56903600693
140.908781 1.56903100014
142.236404 1.16862416267
143.41194 1.1686000824
144.488035 1.06858301163
145.51295 1.01802587509
146.739381 1.21873497963
147.714033 0.967823028564
149.021957 1.06824803352
150.198087 1.16861987114
151.273779 1.06847310066
152.149304 0.868040084839
153.357994 1.1186671257
154.757735 1.1693379879
156.085124 1.31870985031
157.354286 1.16859793663
158.430531 1.06847786903
159.532499 1.01832294464
160.608556 1.06856417656
161.914766 1.21868491173
163.220751 1.218501091
164.428979 1.1185901165
165.654698 1.21850681305
166.831557 1.16861796379
167.907203 1.06843781471
169.109453 1.11842393875
170.211868 1.01862001419
171.387573 1.16849994659
172.563257 1.16846680641
173.638702 1.06827402115
174.964596 1.3187148571
176.040705 1.06851792336
177.248704 1.06848597527
178.350095 1.01834607124
179.452238 1.01826882362
180.577858 1.11844587326
181.920851 1.21865606308
183.328107 1.16862893105
184.504279 1.16844701767
185.780729 1.06815004349
187.198029 1.36869382858
188.374729 1.06844186783
189.678214 1.21851181984
190.905486 1.06804513931
192.158357 1.16842889786
193.461484 1.21858000755
194.637475 1.16841506958
195.66277 1.0181748867
196.91781 1.16852688789
198.071433 1.06833600998
199.247417 1.16852688789
200.659576 1.16851997375
201.911243 1.16860604286
202.986386 1.06813907623
204.416973 1.26847505569
205.672053 1.16856384277
206.797565 1.11828899384
208.265035 1.31904506683
209.770431 1.4687731266
211.246082 1.46894812584
212.520839 1.26842689514
213.846649 1.31900811195
215.39154 1.51884007454
216.948328 1.26866197586
218.425362 1.46868395805
219.901196 1.46879887581
221.377244 1.4687640667
222.752832 1.36858415604
224.12844 1.36858701706
225.404149 1.26842188835
226.879906 1.46877598763
228.301956 1.21878218651
229.505097 1.11823797226
230.580987 1.06840491295
231.872427 1.16835904121
233.148145 1.26856184006
234.524087 1.36875200272
236.005172 1.31865310669
237.130323 1.11826610565
238.59183 1.36905908585
239.900508 1.06820583344
241.206797 1.21854805946
242.662682 1.26875710487
244.321185 1.41877102852
245.602721 1.11841511726
246.978872 1.36892104149
248.641703 1.26897192001
250.102632 1.21873211861
251.306324 1.11827301979
252.827831 1.26872301102
254.271295 1.16855812073
255.476178 1.11830687523
256.877228 1.31854701042
258.102786 1.21839189529
259.178085 1.06830906868
260.152771 0.967833042145
261.278731 1.11840200424
262.9205 1.46866989136
264.696664 1.76958107948
266.272604 1.56902194023
267.698032 1.41891002655
269.173631 1.46902894974
270.749706 1.56919693947
272.32531 1.56904387474
273.900892 1.56903791428
275.376756 1.46897697449
276.752253 1.3689520359
278.228007 1.46911907196
279.849202 1.36873793602
281.376474 1.51888394356
282.802381 1.41876196861
284.178535 1.3687980175
285.504675 1.31868577003
286.911459 1.16850209236
288.1163 1.11837697029
289.442054 1.31851482391
291.413233 1.11866116524
293.107746 1.36898493767
295.179077 1.36896085739
296.915606 1.56904697418
298.355749 1.26890993118
299.76454 1.21844506264
300.990411 1.21849703789
302.166452 1.16850304604
303.291672 1.11818313599
304.960291 1.46911096573
306.335705 1.36888504028
307.611282 1.26868200302
309.036625 1.41880512238
310.747887 1.46898388863
312.02525 1.26866698265
313.351249 1.31886005402
314.627606 1.26870703697
316.053619 1.41880893707
317.429444 1.36864995956
318.705418 1.26847720146
319.981164 1.26863384247
321.406922 1.41860198975
322.782813 1.3688120842
324.208842 1.4189350605
325.492712 1.11864709854
326.858599 1.31854104996
328.114079 1.16854214668
329.390319 1.26854705811
330.647954 1.16867494583
332.053979 1.31880998611
333.179685 1.11843395233
334.672828 1.16850209236
336.324435 1.16865301132
337.550856 1.21899008751
338.908815 1.26858901978
340.26291 1.26874995232
341.997323 1.16896295547
343.442246 1.11816811562
345.058961 1.1185798645
346.60009 1.36918902397
347.876075 1.26874399185
349.41184 1.3688659668
351.1195 1.51902413368
352.495153 1.36872005463
354.020548 1.518846035
355.495954 1.46882486343
357.021844 1.51892113686
358.497286 1.46885204315
360.07297 1.56908893585
361.649169 1.56925415993
363.124521 1.46879196167
364.549882 1.4187579155
366.175828 1.61899805069
367.500953 1.31854486465
369.026431 1.51891422272
370.553568 1.51897406578
372.129322 1.56912612915
373.798882 1.41886901855
