0.8945 0.566905021667
1.41926 0.51695394516
3.194672 1.76904511452
4.519545 1.31835699081
5.043544 0.516997098923
5.633991 0.567039012909
6.15754 0.51692700386
7.432293 1.26798701286
8.306357 0.867612123489
9.530634 1.21803617477
10.555252 1.01772594452
11.079391 0.517108917236
11.653238 0.567085027695
12.927486 1.26801991463
13.501735 0.567193031311
15.678084 2.16954803467
16.388783 0.567265987396
17.913967 1.51861310005
18.487545 0.567219018936
19.061345 0.567549943924
19.635182 0.567244052887
20.15862 0.517143964767
21.132706 0.967637062073
21.65643 0.51717209816
22.17987 0.517077922821
22.753293 0.567160844803
23.276648 0.517050981522
23.950671 0.667401075363
25.125128 1.16811203957
26.049195 0.917779922485
27.975169 1.91932916641
28.499121 0.51731801033
29.167338 0.517400979996
29.741466 0.567217826843
30.265603 0.517170906067
30.991966 0.517201185226
31.517034 0.517199993134
32.141127 0.617244005203
32.665468 0.517255067825
34.691655 2.01942300797
35.215577 0.517190933228
35.739864 0.517194032669
36.263842 0.517230033875
36.7882 0.517301797867
37.616378 0.567383050919
39.692825 2.06967306137
40.217157 0.517239093781
40.95292 0.567432880402
41.527057 0.567276954651
43.553811 2.01972103119
44.078183 0.517323970795
44.604578 0.517341852188
45.179092 0.567436933517
45.703715 0.51728105545
46.528659 0.817843914032
47.052706 0.517204046249
47.677293 0.617394924164
48.201381 0.517189979553
48.72616 0.517447948456
49.696675 0.767627954483
50.370557 0.667405128479
51.294506 0.917729139328
53.220372 1.91937994957
53.944785 0.717772006989
54.653453 0.567317962646
55.227909 0.567594051361
55.802143 0.567634105682
57.727917 1.91951084137
58.404376 0.667665958405
58.928328 0.517359972
59.501983 0.567373991013
60.075586 0.567358970642
61.851951 1.76954293251
62.741044 0.667552947998
63.767064 1.01801586151
65.712843 1.66909885406
66.93807 1.21862697601
67.662418 0.717849969864
68.237805 0.567698001862
68.761929 0.51730799675
69.98756 1.21847391129
70.511677 0.517184019089
71.236148 0.717576980591
71.761078 0.517492055893
72.285893 0.517432928085
72.860791 0.56746506691
73.43564 0.56750702858
73.960403 0.517558097839
74.485586 0.517509937286
75.010343 0.517446994781
75.534804 0.517247915268
76.371588 0.667438983917
76.93721 0.517257928848
77.511589 0.567417144775
78.286471 0.76766204834
78.8608 0.567332983017
79.385426 0.517541885376
79.909972 0.517270088196
80.434771 0.517499923706
81.060231 0.617848873138
81.584389 0.51721405983
82.285125 0.517232894897
82.809738 0.517324924469
83.590325 0.517258167267
84.415665 0.817790031433
84.939735 0.517174959183
85.464126 0.517265081406
85.988205 0.517227172852
86.511985 0.517246961594
87.236309 0.717423915863
87.760716 0.517280101776
90.238399 2.4705119133
90.763097 0.517454862595
91.534738 0.517459869385
92.109538 0.567907094955
94.112794 1.76918816566
94.688788 0.567671060562
95.262873 0.567307949066
96.588089 1.31840991974
97.863492 1.26833605766
98.441127 0.567387104034
99.316111 0.867855072021
100.040434 0.717545032501
100.564636 0.517261981964
101.139045 0.567327022552
102.314155 1.16831707954
103.28912 0.967920780182
103.813304 0.51741194725
105.939948 2.11977100372
106.663374 0.517305135727
107.187758 0.517225027084
107.762007 0.567304134369
108.286112 0.517173051834
110.612925 2.3201341629
111.137603 0.517416954041
111.712166 0.567320108414
112.286313 0.567213058472
112.810548 0.51721906662
113.335313 0.517349004745
113.859491 0.517238140106
114.384043 0.517347097397
114.95828 0.56730890274
116.403647 1.26861095428
116.927827 0.517292022705
117.45183 0.517410993576
118.026659 0.56755900383
118.551066 0.517269134521
119.776278 1.21827697754
120.300637 0.517174005508
121.525769 1.21815609932
122.089111 0.517343997955
122.613319 0.517271995544
123.849943 0.667470932007
124.875183 1.01820898056
125.44952 0.567666053772
127.775956 2.32014298439
128.350157 0.567575931549
128.924626 0.567483901978
130.149353 1.2184009552
132.175091 2.01952314377
132.800514 0.61752986908
133.659343 0.818024158478
134.233193 0.567572832108
134.807222 0.567409992218
135.380814 0.567327976227
136.905945 1.5188190937
137.630124 0.717559099197
138.203684 0.567214012146
139.07836 0.617540121078
139.702092 0.617382049561
140.226853 0.517494916916
140.751513 0.517323970795
141.275966 0.517342090607
143.653974 2.37049794197
145.93169 2.27030992508
146.456516 0.517498970032
147.132101 0.66788482666
147.656374 0.517262935638
148.180998 0.517333030701
148.930284 0.567451000214
149.613366 0.517315864563
150.287795 0.667428016663
150.812065 0.517283916473
151.336617 0.517292976379
151.860861 0.517279863358
153.213532 1.1181769371
154.727376 1.26848006248
155.345919 0.567409038544
155.920078 0.567307949066
156.494276 0.567306041718
157.769794 1.26832509041
158.343898 0.56729888916
158.968541 0.617404937744
159.492561 0.517173051834
160.517476 1.01802110672
161.091966 0.567299842834
161.666082 0.567269086838
162.491136 0.81790804863
163.065268 0.567306995392
163.589271 0.517174005508
164.163688 0.567265987396
166.592168 2.21994900703
167.26713 0.667599916458
169.093406 1.8193051815
170.168925 1.06827807426
170.693508 0.517307043076
171.21777 0.517249107361
171.792488 0.567412853241
172.42296 0.567303180695
174.769004 2.12007117271
175.342614 0.567267894745
176.167598 0.81769990921
177.392784 1.21820116043
177.917374 0.517278909683
178.44195 0.517357826233
178.966639 0.517582893372
179.491229 0.517238140106
180.065646 0.567396879196
181.341617 1.26864790916
181.865991 0.517278194427
182.390217 0.517237901688
