2.393788 1.71894192696
4.270311 1.86883115768
5.945687 1.66868805885
7.52087 1.56828904152
9.145973 1.61841607094
10.570486 1.41811990738
12.095629 1.51837682724
13.419943 1.31796097755
15.045121 1.61850380898
16.620256 1.56842088699
18.295148 1.66852688789
19.97037 1.66851091385
21.796099 1.81904506683
23.47128 1.66850304604
25.04644 1.56842803955
26.77189 1.71848106384
28.352788 1.4687371254
29.92767 1.56870293617
31.702681 1.76877689362
33.482515 1.36832284927
34.958663 1.4684009552
36.751434 1.51850008965
38.527337 1.7689769268
40.252769 1.7187731266
41.779548 1.51868009567
43.30459 1.51842188835
45.029946 1.7187230587
46.655471 1.61857795715
48.080347 1.41820001602
49.706124 1.61874485016
51.13112 1.41837406158
52.706462 1.56866407394
54.116814 1.31844615936
55.493177 1.3684720993
57.068476 1.56861519814
58.443675 1.36831307411
59.768844 1.31819319725
61.293987 1.51850390434
62.619287 1.3183028698
64.348711 1.36834001541
65.774877 1.41838502884
67.250012 1.46847295761
68.72503 1.46833705902
70.150306 1.41832590103
71.598782 1.36819791794
72.974048 1.36829900742
74.349222 1.36846899986
75.924464 1.56857800484
77.712723 1.71893501282
79.287526 1.56865501404
80.711916 1.41825509071
82.186841 1.46852183342
83.661658 1.46840906143
85.186221 1.51842713356
86.660742 1.46834111214
88.185695 1.51854586601
89.860618 1.66873693466
91.635501 1.76874995232
93.110379 1.46843290329
95.224107 1.56860113144
96.900886 1.66876506805
98.576292 1.66873502731
100.051438 1.468501091
101.627002 1.56862211227
103.050792 1.31820583344
104.426313 1.36836504936
105.851532 1.41843700409
107.327506 1.46871614456
108.852764 1.51855111122
110.12759 1.26804900169
111.752932 1.61861515045
113.228484 1.46850299835
114.653609 1.41840696335
116.02905 1.36844801903
117.554161 1.51842617989
118.779095 1.21817398071
120.204604 1.41841006279
121.679678 1.46837496758
123.105136 1.41847205162
124.480243 1.36837100983
126.486893 1.26825499535
127.812617 1.31822085381
129.087807 1.26819896698
130.312731 1.21816301346
131.687661 1.36822009087
133.06289 1.36821484566
134.38776 1.31811904907
135.613233 1.21803402901
136.938378 1.31821203232
138.213576 1.26816797256
139.488643 1.26817893982
140.776927 1.21801590919
142.101806 1.3181579113
143.37697 1.26805400848
144.751899 1.36822509766
146.353469 1.46847295761
147.709991 1.26821899414
149.085657 1.36824393272
150.460706 1.36829280853
151.786066 1.31827807426
153.111 1.31821703911
154.335804 1.21805691719
155.761287 1.41845011711
158.126983 1.46865510941
159.453217 1.31828403473
160.878495 1.41845297813
162.178197 1.16805100441
163.553625 1.36835598946
165.078866 1.51849889755
166.504367 1.41841697693
168.124168 1.46842098236
169.440877 1.21817588806
170.715842 1.26814699173
172.090892 1.36828708649
173.747772 1.56880688667
175.07288 1.31827092171
176.498062 1.41843605042
177.973746 1.46851587296
179.348857 1.36827206612
180.674302 1.31833910942
182.099749 1.41856789589
183.725187 1.61866998672
185.050571 1.31831908226
186.425774 1.3684129715
188.151942 1.71905303001
189.94151 1.36838102341
