1.75441 1.46809411049
3.132129 1.36857295036
4.557525 1.41825604439
6.146616 1.56875014305
7.571173 1.41818594933
8.846233 1.26810383797
10.421892 1.56861186028
11.896782 1.46830606461
13.171873 1.26808786392
14.646428 1.46821498871
15.922011 1.26815199852
17.046503 1.1179869175
18.241136 1.16811203957
19.915761 1.6684551239
21.340872 1.41818404198
22.866172 1.51864504814
24.416154 1.31862711906
26.091522 1.6688079834
27.065729 0.967761039734
28.29115 1.21833300591
29.593323 1.26811504364
30.818132 1.21815609932
32.271281 1.26862311363
33.449706 1.16825318336
34.711203 1.21837091446
36.037413 1.31884503365
37.413205 1.36878705025
38.687946 1.26808214188
40.438138 1.56857800484
41.563377 1.11816501617
42.939393 1.36862397194
44.06371 1.1179869175
45.322688 1.16823506355
46.397949 1.06820893288
47.422457 1.01772594452
48.447391 1.01786994934
49.371215 0.91762804985
50.738867 1.318379879
52.214724 1.46879601479
53.34014 1.11834597588
54.915038 1.41871404648
55.990293 1.06818008423
57.015014 1.01787805557
58.189616 1.16807103157
59.314245 1.11827301979
60.138891 0.817648887634
61.306801 1.11826491356
62.579163 1.06827712059
63.756229 1.1685359478
64.831638 1.06816482544
65.806804 0.968085050583
67.032349 1.21818685532
68.582007 1.36847805977
70.006968 1.41850209236
71.682655 1.66890501976
73.200012 1.46867895126
74.725331 1.51882791519
76.100828 1.36847114563
77.676121 1.56878113747
79.301786 1.61911416054
80.827022 1.51866912842
81.851957 1.01807284355
83.377272 1.51879787445
84.752361 1.36863398552
86.127356 1.36844086647
87.452432 1.31856608391
88.927669 1.46866703033
90.355583 1.26859092712
91.430424 1.06810092926
92.405664 0.968068122864
93.625807 0.96825003624
94.652254 1.01814413071
96.013976 1.31844210625
97.039166 1.01806402206
98.582695 1.36867809296
99.608329 1.01820516586
100.633067 1.01794505119
101.608661 0.968091964722
102.583585 0.968199968338
103.708947 1.1182038784
104.784149 1.06804800034
105.809992 1.01812291145
107.535045 1.46895480156
108.459701 0.918098926544
109.385121 0.917886972427
110.460393 1.06811618805
111.385942 0.918045043945
112.647996 1.21834993362
113.723349 1.06821799278
115.013804 1.11847019196
116.139137 1.11818385124
117.264919 1.11837315559
118.340229 1.06824111938
119.816016 1.46866607666
120.791554 0.968034982681
121.716668 0.917968988419
122.742477 1.01826786995
124.392558 1.36852693558
125.754757 1.16849803925
127.082774 1.31877398491
128.108228 1.01824092865
129.133523 1.0181221962
130.309465 1.16841292381
131.284544 0.9679210186
132.508701 1.06841683388
133.784203 1.26838779449
135.210532 1.41883897781
136.696563 1.31886696815
137.922181 1.21835899353
139.197715 1.2683968544
140.323326 1.11814904213
141.498706 1.16820788383
142.803773 1.21851301193
143.979733 1.16834902763
145.20537 1.21846008301
146.492192 1.11859297752
147.617483 1.11819410324
148.793165 1.16829705238
149.918158 1.11800408363
151.344269 1.4187309742
152.468922 1.11782598495
153.67069 1.01827907562
155.057193 1.16839194298
156.363006 1.0683350563
157.518376 1.11812400818
158.743418 1.2181289196
160.284442 1.26892113686
161.537497 1.16851091385
162.812694 1.26824593544
164.087583 1.16869282722
165.162909 1.06813097
166.388229 1.21822285652
167.790244 1.31850886345
168.814893 1.01779794693
170.040312 1.21811699867
171.365801 1.16830396652
172.440656 1.0679500103
173.616102 1.16819691658
174.754058 1.01835203171
176.207434 1.36880612373
177.482888 1.26850605011
178.886842 1.31837296486
179.912634 1.01827311516
181.115196 1.11827707291
182.190314 1.06813001633
183.54367 1.26863598824
184.970876 1.41888999939
186.383282 1.06818389893
187.686912 1.2182290554
188.811893 1.11809015274
190.037022 1.21818614006
191.212453 1.16811108589
192.539847 1.1684448719
193.694059 1.06796002388
194.89703 1.11807703972
195.97187 1.06793093681
197.328998 1.26837491989
198.531891 1.11818504333
199.788831 1.16849017143
201.667098 1.66928315163
203.024651 1.31857895851
204.850413 1.81921482086
206.47612 1.61889314651
208.051571 1.56886982918
209.477194 1.41881108284
210.751706 1.26827001572
212.326552 1.56847786903
213.801839 1.4685819149
215.42673 1.61869311333
217.089162 1.4186630249
218.415366 1.31817388535
219.640718 1.2182290554
221.150338 1.46879482269
222.576488 1.41908597946
224.052114 1.46855783463
225.526012 1.11826300621
226.930673 1.31845211983
228.156745 1.21834993362
229.609825 1.36855196953
230.785659 1.1682600975
231.961011 1.16820812225
233.367998 1.16857600212
234.64675 1.11803603172
235.771919 1.11794996262
237.018397 1.11802005768
238.349659 1.1683909893
239.707517 1.11818003654
241.08369 1.36853194237
242.290679 1.11840391159
243.545619 1.16846990585
244.84907 1.21833896637
246.075367 1.21864891052
247.656002 1.16862988472
249.038963 1.21857213974
250.192929 1.0683028698
251.317735 1.11821007729
252.834613 1.06846308708
255.034602 1.86956906319
256.309824 1.26861405373
257.685285 1.36859893799
258.910225 1.21836805344
260.385518 1.46877598763
262.162018 1.76955103874
263.637143 1.4686999321
264.912165 1.26846599579
266.187147 1.26843118668
267.611983 1.41852807999
268.987305 1.3687081337
270.31302 1.31874990463
271.838439 1.51888895035
273.263765 1.41876387596
274.789022 1.51862287521
276.263897 1.46852684021
278.016381 1.31880497932
279.373149 1.26859498024
281.052996 1.26838493347
282.737584 1.51879906654
283.991576 1.16837406158
285.317023 1.31818985939
286.492099 1.16807389259
287.717686 1.21818614006
289.107851 1.21823191643
290.4838 1.36858701706
291.79154 1.21847701073
293.625182 1.26877999306
294.878696 1.16822004318
296.212039 1.16867303848
298.846566 1.56906700134
300.422061 1.56890177727
301.947914 1.51893305779
303.615877 1.41868591309
305.141401 1.51891517639
307.017932 1.86961889267
308.671489 1.41871595383
309.998524 1.31854605675
311.324598 1.31868720055
312.699929 1.36851000786
313.875375 1.16829490662
315.350794 1.46858692169
316.876482 1.51860809326
318.501846 1.61857008934
319.977312 1.46858406067
321.452872 1.46844696999
322.723734 1.11817002296
324.107424 1.21828603745
325.516338 1.3188021183
326.741879 1.21857309341
328.175755 1.26849007607
329.661849 1.31869482994
331.04491 1.11833286285
332.328603 1.11822605133
333.5541 1.21816682816
334.941626 1.218542099
336.347746 1.31843495369
337.782062 1.26851010323
339.287775 1.11822795868
340.864842 1.3189239502
342.197429 1.16833209991
343.603724 1.31830501556
344.67911 1.0680410862
345.841209 1.06794500351
347.361662 1.31848192215
348.618062 1.16833806038
349.893804 1.26845502853
351.360019 1.21842122078
352.717628 1.26875805855
354.314198 1.41867518425
355.738875 1.41835808754
357.014164 1.26843500137
358.489727 1.46886610985
359.864353 1.36831784248
361.039155 1.16817808151
362.363848 1.31834888458
363.932468 1.5185239315
365.457596 1.5185239315
366.882525 1.41862297058
368.257325 1.36848592758
370.028004 1.56872701645
371.456314 1.41865205765
373.082009 1.61875295639
374.608114 1.5188369751
