1.751678 1.41792798042
3.277411 1.51813077927
4.95219 1.66853117943
6.42651 1.46816277504
7.951497 1.51858401299
9.377006 1.41828584671
10.951902 1.56851887703
12.426459 1.4682238102
14.151162 1.71857905388
15.776367 1.61833810806
17.201891 1.41817784309
18.726861 1.51822185516
20.201296 1.46826481819
21.67653 1.46827912331
23.101547 1.41832685471
24.526587 1.41831803322
26.034001 1.41812396049
27.559341 1.51832985878
28.984239 1.4181470871
30.510261 1.5183839798
32.128058 1.41843509674
33.554745 1.41847515106
34.979577 1.41819906235
36.404768 1.41826701164
37.879592 1.46824479103
39.304413 1.41821408272
40.729705 1.41830301285
42.204769 1.4683098793
43.679944 1.46828389168
45.15485 1.46827602386
46.88005 1.7185959816
48.305281 1.41828393936
49.790636 1.41823506355
51.215395 1.41838407516
52.589941 1.36842703819
54.064366 1.46834397316
55.48872 1.41829490662
56.963166 1.4683380127
58.588102 1.61849880219
60.062458 1.46828222275
61.486841 1.41830301285
63.19413 1.46835303307
64.519961 1.31815600395
66.044977 1.51840400696
67.519823 1.46817803383
68.794796 1.26807904243
70.270116 1.46861815453
71.946273 1.6689221859
73.660531 1.61862587929
75.035564 1.36835098267
76.610048 1.56840014458
78.134338 1.51817584038
79.708914 1.56848597527
81.033472 1.31823897362
82.40783 1.36827993393
83.78195 1.368060112
85.285264 1.46836304665
86.709642 1.41825008392
88.28426 1.56849908829
89.558332 1.26793479919
90.83271 1.2679669857
92.35702 1.51835107803
93.944804 1.41835093498
95.421824 1.46839118004
97.190328 1.56875109673
98.71483 1.5184211731
100.139726 1.41858005524
101.665168 1.51866793633
103.289815 1.61846804619
104.714079 1.41815495491
106.439207 1.71880197525
108.013709 1.56846809387
109.237895 1.21810007095
110.712564 1.46830010414
112.236894 1.51828122139
113.561161 1.31816196442
115.036363 1.46856403351
116.711032 1.66866898537
118.485809 1.76873803139
119.96144 1.46847200394
121.634231 1.46819806099
123.159716 1.51881885529
124.90474 1.46881103516
126.331687 1.41882514954
127.706794 1.36845684052
129.18238 1.46857905388
130.707893 1.51879405975
132.133079 1.41853690147
133.559676 1.41843819618
134.885081 1.31833600998
136.275183 1.36831903458
137.800599 1.51863002777
139.226318 1.41856813431
140.751947 1.51871395111
142.07758 1.31842803955
143.602873 1.51861310005
145.009953 1.26820993423
146.184904 1.1679148674
147.459799 1.26813197136
148.634889 1.16807293892
149.909872 1.26821398735
151.53528 1.6186580658
152.710903 1.16822195053
154.186791 1.46881604195
155.713096 1.31819105148
157.039317 1.31823587418
158.264139 1.21807289124
159.63995 1.36834001541
160.86479 1.21807813644
162.189683 1.31813216209
163.464907 1.2682158947
164.689592 1.21797585487
166.464516 1.56856489182
168.039534 1.56857204437
169.864628 1.8189458847
171.339035 1.46830296516
172.763812 1.41840696335
174.188221 1.41833090782
175.612521 1.41821599007
177.237427 1.61850786209
178.812005 1.56847906113
180.236455 1.41835904121
181.76144 1.51845812798
183.285918 1.51832008362
184.86064 1.56849217415
186.971742 1.66875004768
188.417851 1.41853189468
190.093324 1.66877985001
191.413221 1.16797995567
192.788805 1.36839985847
193.963599 1.16797208786
195.48936 1.51867413521
196.764767 1.26829099655
198.090035 1.31825399399
199.365495 1.2683839798
200.590371 1.21805500984
201.965528 1.36835598946
203.240844 1.26823592186
204.515895 1.26818013191
205.741159 1.2181520462
207.066384 1.3184030056
208.391319 1.31814312935
209.617183 1.21823406219
210.842043 1.21802997589
212.731904 1.56872391701
214.156598 1.41844391823
215.58122 1.41835999489
217.514775 1.5186290741
218.991181 1.46848011017
220.516413 1.51845002174
221.841772 1.31827783585
223.317063 1.46842098236
224.592174 1.26818609238
225.967673 1.36843705177
227.29267 1.31820106506
228.818314 1.51860713959
230.243557 1.41845297813
231.768733 1.51845192909
233.194086 1.41839003563
234.619378 1.41845822334
236.181882 1.36825203896
237.757007 1.56865000725
239.281703 1.51852607727
240.806571 1.51862883568
242.08079 1.26807498932
243.4557 1.36844182014
245.030562 1.56866288185
246.755555 1.71882510185
248.372721 1.36846899986
249.749829 1.36871504784
251.175663 1.41876912117
252.801107 1.618735075
254.126406 1.31827688217
255.80183 1.66873216629
257.577865 1.76899814606
259.053812 1.46878409386
260.519624 1.3183400631
261.795213 1.26833701134
263.220532 1.41846704483
264.496028 1.26830601692
265.772002 1.26867413521
267.097468 1.31890892982
268.373396 1.2684071064
269.648696 1.2683429718
270.92374 1.26818299294
272.149172 1.21826100349
273.524392 1.36834001541
274.900019 1.36842083931
276.225558 1.31833720207
277.450621 1.2181661129
278.865123 1.16817092896
280.691201 1.41852402687
281.916504 1.21817207336
283.191599 1.26814985275
284.467463 1.26839709282
285.692442 1.21813392639
286.918251 1.21836400032
288.143211 1.21815395355
289.418217 1.26813912392
290.693626 1.26827406883
291.918561 1.21805620193
293.194041 1.26833486557
294.569177 1.36830210686
295.794224 1.21811389923
297.019604 1.21814584732
298.244695 1.21826481819
299.519775 1.26817584038
301.084483 1.31833791733
302.309012 1.21827602386
303.683995 1.36845088005
305.10879 1.41831684113
306.805481 1.5683529377
308.129828 1.31816005707
309.677606 1.31877207756
311.104446 1.41848993301
312.629927 1.51866483688
314.205732 1.5689702034
315.683658 1.46859788895
317.258984 1.56856894493
318.785018 1.51873397827
320.31056 1.51868200302
321.535564 1.21823811531
323.011254 1.46856498718
324.614827 1.31860399246
326.040304 1.41848897934
327.315984 1.26843500137
328.641879 1.31860613823
329.967414 1.31831502914
331.193026 1.21826910973
332.518613 1.31866502762
333.793768 1.2682299614
335.069426 1.26834797859
336.345269 1.26859807968
337.57082 1.21828103065
338.896048 1.31833600998
340.401783 1.26833295822
341.628133 1.21817588806
343.053563 1.41843605042
344.479529 1.41874909401
346.071515 1.31832909584
347.596206 1.51847791672
349.021287 1.41851305962
350.796418 1.7688999176
352.120909 1.31824207306
353.546414 1.41861391068
355.121289 1.56864905357
356.495859 1.36833691597
357.870705 1.36831498146
359.295636 1.41856694221
360.720201 1.41830897331
362.395712 1.66895198822
363.970853 1.56874799728
365.84634 1.86909198761
367.221289 1.36845111847
368.595971 1.36838006973
370.276995 1.41838407516
371.835304 1.31837201118
372.96158 1.11815094948
374.18668 1.21811103821
375.412252 1.21839880943
376.687648 1.26846289635
378.012867 1.31830406189
379.288343 1.26828598976
380.563581 1.26825594902
381.739068 1.16819596291
382.964161 1.21816897392
384.28924 1.31815004349
385.564871 1.26830887794
386.890406 1.31849718094
388.216233 1.31858706474
389.491478 1.26813697815
390.751187 1.16833806038
391.87673 1.11859989166
393.151991 1.26826405525
394.327402 1.16811299324
395.452551 1.11803007126
396.578277 1.1182641983
397.753299 1.16806077957
398.878166 1.11789894104
400.153664 1.26826286316
401.378831 1.21822786331
402.769161 1.21827316284
404.045879 1.26840400696
405.121161 1.06802988052
406.447551 1.31849312782
407.672903 1.2182431221
408.848057 1.16820693016
410.063764 1.11805009842
411.238786 1.16809606552
412.414323 1.16825914383
413.639448 1.21817493439
414.714343 1.06796693802
415.990339 1.26822090149
417.215758 1.21819901466
418.390795 1.16806483269
419.616377 1.21818995476
420.741315 1.11794304848
421.966931 1.21829295158
423.192146 1.21825194359
424.367243 1.16811513901
425.592726 1.21823501587
426.917873 1.31819415092
428.093492 1.16831016541
429.399891 1.21816396713
430.540902 1.1179330349
431.766503 1.21829605103
433.126936 1.16799688339
434.202845 1.06793284416
435.377684 1.16793203354
436.653117 1.268253088
437.828065 1.16801595688
438.95292 1.11794710159
440.077999 1.11792302132
441.202831 1.11792087555
442.377906 1.16796016693
443.602806 1.21801996231
445.028414 1.4184088707
446.203339 1.16805815697
447.278101 1.06785798073
448.437669 1.06789803505
449.463015 1.018034935
450.587889 1.11792802811
451.663128 1.06804418564
452.738243 1.06815004349
453.863333 1.11815595627
454.938367 1.06784296036
456.013192 1.06791090965
457.138882 1.11823415756
458.263934 1.11802387238
459.388764 1.11789488792
460.413886 1.01794099808
461.789117 1.36827111244
462.864407 1.06803584099
464.118944 1.06801390648
465.245113 1.11812806129
466.414136 1.06800413132
467.839776 1.41839790344
469.062903 1.16794586182
470.288621 1.2182559967
471.413751 1.11818599701
472.588796 1.16808581352
473.764154 1.16810417175
474.939248 1.16805100441
476.31499 1.36846899986
477.389848 1.06788396835
478.464709 1.06788086891
479.540361 1.06794095039
480.61525 1.067882061
481.890502 1.2682299614
483.11615 1.21835398674
484.241221 1.11804008484
485.398031 1.06799316406
486.523308 1.11797809601
487.648257 1.11795687675
488.87393 1.21837902069
490.149261 1.26835799217
491.224069 1.06781101227
492.350103 1.11812496185
493.525261 1.16816401482
494.877655 1.11803889275
496.003994 1.11809587479
497.129067 1.11804318428
498.153975 1.01796507835
499.229233 1.06795191765
500.404288 1.16808390617
501.479552 1.0680000782
502.654561 1.16803097725
503.941255 1.16807603836
505.166915 1.21838092804
506.241937 1.06797409058
507.518154 1.26847505569
508.643821 1.11824178696
509.868969 1.21808290482
510.99385 1.11791086197
512.169416 1.16816902161
513.244657 1.06822514534
514.420069 1.16811800003
515.495056 1.0679359436
516.67009 1.16803812981
517.845555 1.16818189621
519.020612 1.16798114777
520.196168 1.16824483871
521.321143 1.11795496941
522.429838 1.01778697968
523.555256 1.11806297302
524.880631 1.31814885139
526.402823 1.06810903549
527.5293 1.11812996864
528.704505 1.16820192337
529.829903 1.11805391312
531.155896 1.31861901283
532.180898 1.01790094376
533.356445 1.16819596291
534.531661 1.16812109947
535.556916 1.01788496971
536.581809 1.01786613464
537.745503 1.11798000336
539.021276 1.26845288277
540.046224 1.01791882515
541.509004 1.36841702461
542.684666 1.16819405556
543.809722 1.11793613434
545.185708 1.36857795715
546.311072 1.11796283722
547.436186 1.11803412437
548.812104 1.36849808693
549.887012 1.067882061
551.112254 1.21817803383
552.237686 1.11803984642
553.313242 1.06845808029
554.388518 1.06792092323
555.463618 1.06799411774
556.793934 1.06797409058
558.220863 1.41869497299
559.496529 1.26835608482
560.66686 1.06829190254
562.042324 1.36836600304
563.067802 1.01807808876
564.093119 1.01797890663
565.268263 1.1680431366
566.443677 1.16803002357
567.618825 1.16806316376
568.643636 1.0176949501
569.719449 1.06784796715
571.09481 1.36830997467
572.219814 1.1179599762
573.245086 1.01787495613
574.420218 1.16799497604
575.595702 1.16810202599
576.770774 1.16805696487
578.071201 1.16793298721
579.24662 1.16808199883
580.471718 1.21805095673
581.547579 1.06791615486
582.622521 1.06788492203
583.797599 1.16801404953
584.973026 1.1679880619
586.098092 1.11796808243
587.502783 1.16802000999
588.529129 1.01790595055
589.654156 1.11792683601
590.829201 1.16797590256
591.904466 1.06789398193
592.979392 1.06784200668
594.105011 1.11800599098
595.129889 1.01780700684
596.310365 1.06793904305
597.435595 1.1179151535
598.560641 1.11789488792
599.5855 1.01772689819
600.846883 1.21801304817
602.02195 1.16796207428
603.097372 1.06801700592
604.172326 1.06763505936
605.247261 1.06787991524
606.322704 1.0680501461
607.497871 1.16801905632
608.523048 1.01780986786
609.59796 1.06781697273
610.722948 1.11789298058
611.867189 1.1180100441
612.992149 1.11788702011
614.19974 1.11799001694
615.274851 1.06774091721
616.449923 1.16796302795
617.692915 1.01785087585
618.819277 1.11798191071
619.944374 1.11784505844
621.019587 1.06785511971
622.294888 1.2682261467
623.369808 1.06782793999
624.495215 1.11803984642
625.570133 1.06774997711
626.795689 1.21812915802
628.071775 1.2180480957
629.112884 1.01772594452
630.18813 1.06785583496
631.352055 1.06786084175
632.427134 1.06789207458
633.552471 1.11789798737
634.612699 1.01802515984
635.687586 1.06777405739
636.813001 1.11800384521
637.937883 1.11778712273
639.063626 1.11833405495
640.188547 1.11782288551
641.213293 1.01763296127
642.388794 1.16804790497
643.613948 1.2180109024
644.689545 1.06782698631
645.803881 1.06821680069
646.928901 1.1179330349
648.355708 1.1181538105
649.382523 1.01785302162
650.50762 1.11794900894
651.582954 1.06786799431
652.708062 1.11798000336
653.783134 1.06784486771
654.858571 1.06794500351
655.933562 1.06788802147
657.055317 1.06793689728
658.130379 1.06788897514
659.205476 1.06791210175
660.280852 1.06789588928
661.355844 1.06787419319
662.381177 1.01788687706
663.45621 1.06785702705
664.481186 1.01776003838
666.21223 1.56855082512
667.33734 1.11798906326
668.512773 1.16799807549
669.687897 1.16789984703
670.863242 1.16794300079
672.088337 1.21796393394
673.263377 1.16790294647
674.388829 1.11790895462
675.563984 1.16797089577
676.690677 1.11804389954
677.966164 1.26827907562
679.334251 1.11800193787
681.061628 1.71896004677
682.186822 1.11798501015
683.211858 1.01784491539
684.287103 1.06782317162
685.804903 1.31834411621
687.330683 1.51865816116
688.605461 1.26816391945
689.980782 1.36856102943
691.222076 1.2181789875
692.747141 1.51856207848
693.871689 1.11797499657
695.146705 1.2682030201
696.321386 1.16809391975
697.646035 1.31816315651
698.920973 1.26811313629
700.396081 1.46856713295
701.720799 1.31823706627
703.147276 1.41840100288
704.472187 1.31834101677
705.647266 1.16846990585
706.805161 1.06785702705
707.930696 1.1179690361
709.005854 1.06786584854
710.317397 1.06802988052
711.444237 1.11810088158
712.52008 1.06822085381
713.646606 1.11813211441
714.822425 1.16837596893
716.197944 1.36833095551
717.238707 1.01798295975
718.313959 1.06786394119
719.539266 1.21810913086
720.814627 1.26819205284
721.990072 1.16797399521
723.06522 1.06796216965
724.190788 1.11800813675
725.454554 1.16804099083
726.580637 1.11814403534
727.606097 1.01793980598
728.73232 1.11824417114
729.957547 1.21801495552
731.182927 1.21806406975
732.308591 1.11804008484
733.434086 1.11808991432
734.560307 1.11828279495
735.785679 1.21815681458
736.960879 1.16795110703
738.036238 1.06782507896
739.211494 1.16805315018
740.487454 1.26830792427
741.909673 1.1680700779
743.086094 1.16815710068
744.406943 1.21819901466
745.532006 1.11784291267
746.727589 1.16817307472
747.903058 1.16793489456
749.078323 1.1680150032
750.154252 1.06800889969
751.17931 1.01780295372
752.254484 1.06786799431
753.280015 1.0178630352
754.455286 1.16792607307
755.730617 1.26804590225
756.85611 1.11787796021
758.003752 1.11793398857
759.17941 1.1681098938
760.254496 1.06782984734
761.869163 1.26836395264
763.194144 1.31834316254
764.469134 1.26834511757
765.794363 1.31822896004
767.220056 1.41840195656
768.395831 1.16819500923
769.420934 1.01782202721
770.496065 1.06779503822
771.672019 1.16825914383
772.951717 1.06823587418
774.098367 1.11819410324
775.273687 1.16802287102
776.399204 1.11800599098
777.524789 1.11792612076
778.600074 1.06790709496
780.652073 1.66899800301
781.777386 1.11800909042
782.95299 1.1680700779
784.028006 1.06775593758
785.203853 1.16821789742
786.278981 1.06784009933
787.504263 1.21797394753
788.580943 1.067882061
789.656133 1.06787896156
790.781781 1.11800479889
791.907246 1.11808085442
792.932283 1.01775789261
794.058051 1.11804008484
795.23344 1.16805505753
796.663395 1.26830410957
797.738807 1.06795215607
798.914927 1.1682510376
800.040097 1.11785984039
801.115608 1.06794118881
802.291041 1.16808605194
803.843473 1.31838798523
805.170357 1.31837201118
806.295595 1.11795401573
807.462069 1.11853194237
808.687589 1.21819210052
809.913254 1.21828508377
811.139004 1.21818804741
812.214174 1.06791186333
813.289697 1.06795597076
814.465144 1.16814112663
816.43168 1.61858510971
817.957553 1.51877617836
819.182245 1.2180390358
820.607649 1.41832900047
822.183214 1.56866192818
823.508031 1.31822180748
824.883334 1.3684592247
826.308203 1.41829299927
827.783149 1.46831202507
829.410334 1.61892795563
831.23598 1.81906986237
832.710994 1.46836996078
834.442676 1.46848106384
835.743665 1.26827597618
836.919533 1.16838002205
838.445712 1.51872205734
840.143325 1.46905398369
841.2688 1.11801481247
842.394413 1.11800885201
843.419546 1.01789689064
844.594873 1.1680791378
845.620367 1.01788496971
846.683718 1.0176680088
847.758699 1.06771612167
848.984391 1.21814894676
850.059549 1.06785011292
851.185164 1.11803007126
852.260374 1.06791210175
853.385541 1.11784911156
854.461125 1.06799387932
855.586376 1.11793398857
