1.796549 1.46835494041
3.272852 1.46804785728
4.59722 1.31801795959
6.122124 1.51824903488
7.596905 1.46809315681
9.17174 1.56841611862
10.646602 1.4682071209
12.221782 1.56828999519
13.746762 1.51827907562
15.321958 1.56838297844
16.64688 1.31796097755
18.32195 1.66832113266
19.796605 1.46824407578
21.571414 1.76866698265
22.945716 1.36818695068
24.420616 1.46818709373
25.777155 1.26785588264
27.102201 1.31803894043
28.427027 1.31798481941
29.801897 1.36812806129
31.111299 1.26808404922
32.578039 1.26811504364
33.904128 1.31815004349
35.178792 1.26806902885
36.479141 1.26808285713
37.854008 1.36820697784
39.17872 1.31805992126
40.503684 1.31806898117
41.901482 1.36812210083
43.22643 1.31807088852
44.501156 1.26807689667
45.726833 1.21815514565
47.195459 1.31832003593
48.669726 1.46814084053
50.294293 1.61843299866
51.820967 1.51869487762
53.345474 1.51840901375
54.719778 1.36820483208
56.294891 1.56860589981
57.869629 1.56869387627
59.344063 1.46832585335
60.61845 1.26801800728
61.89262 1.26808905602
63.445569 1.36842894554
64.821788 1.3683848381
66.647327 1.81893491745
68.022205 1.36820292473
69.497537 1.46840310097
70.988355 1.41846108437
72.713532 1.71873402596
74.188095 1.46845817566
75.913003 1.71875095367
77.387433 1.46834111214
78.812155 1.41828012466
80.286691 1.46841311455
81.661111 1.3682539463
83.236105 1.56855416298
84.860695 1.618486166
86.385253 1.51839709282
87.709905 1.31817102432
89.034258 1.31823301315
90.408782 1.36837506294
92.033805 1.61864113808
93.558351 1.51844000816
95.037824 1.21823620796
96.463645 1.41833901405
97.989063 1.51870799065
99.414483 1.41841483116
100.689248 1.26809000969
102.064563 1.36832213402
103.389456 1.31820607185
104.914603 1.51846599579
106.177777 1.21805286407
107.652986 1.46850299835
109.178102 1.51845788956
110.45325 1.26801896095
111.728133 1.26811599731
113.203612 1.4684779644
114.528429 1.31813693047
115.803153 1.26803088188
117.13673 1.218075037
118.612263 1.4685189724
120.037387 1.41839003563
121.312559 1.26814603806
122.637577 1.31832289696
124.012646 1.36831092834
125.510647 1.26829886436
126.986954 1.46851611137
128.301311 1.26823687553
129.676328 1.36830687523
131.001671 1.3183631897
132.577004 1.56852793694
133.852809 1.26841497421
135.328047 1.46850705147
136.753118 1.41836500168
138.178439 1.4183280468
139.492407 1.21803402901
140.767618 1.26813602448
142.092891 1.31840515137
143.517946 1.41827297211
144.793957 1.2682659626
146.219191 1.41846108437
147.544411 1.31817412376
148.869305 1.31812596321
150.127878 1.21800804138
151.403106 1.26816701889
152.928268 1.5184109211
154.303707 1.36834001541
155.760206 1.26814198494
157.286568 1.51853513718
158.761838 1.46848511696
160.086883 1.31826090813
161.480923 1.26826691628
162.705713 1.21802592278
164.130827 1.4183409214
165.406103 1.26818609238
166.631013 1.21805787086
167.756239 1.11817193031
168.981054 1.21804094315
170.155723 1.1679019928
171.380981 1.21817398071
172.655885 1.26809096336
173.880975 1.21806406975
175.155942 1.26812291145
176.380775 1.21808004379
177.682047 1.26814699173
179.004789 1.21839189529
180.379792 1.36823010445
181.704934 1.31813502312
183.079997 1.36819815636
184.355122 1.26816296577
185.630098 1.26823806763
187.131035 1.26813197136
188.390423 1.21814107895
189.565105 1.16791796684
190.990195 1.41835784912
192.165299 1.16797685623
193.419186 1.21793007851
194.644358 1.21808600426
196.119468 1.46836996078
197.294545 1.16800189018
198.450017 1.11796307564
