1.982464 1.66848516464
3.45829 1.4682199955
5.233112 1.76857995987
6.653657 1.36808204651
8.128631 1.46810698509
9.753646 1.61835002899
11.077918 1.31787705421
12.452534 1.36793804169
13.926862 1.46820306778
15.402015 1.4681930542
16.976554 1.56839203835
18.401459 1.41816306114
19.776195 1.36837387085
21.200487 1.41812396049
22.774869 1.5682258606
24.249628 1.46829009056
25.830075 1.4684920311
27.154654 1.31810593605
29.029875 1.86897206306
30.454344 1.41826796532
32.123656 1.41852116585
33.649847 1.51843214035
35.174989 1.51850295067
36.601431 1.41844201088
38.126477 1.51839613914
39.551714 1.41827702522
40.976657 1.4182870388
42.451764 1.46833300591
43.67689 1.21817994118
45.201983 1.51842880249
46.577133 1.36825990677
47.902007 1.31817698479
49.262213 1.26835107803
50.587157 1.31821703911
51.862227 1.26835393906
53.137504 1.26819109917
54.412519 1.26819992065
55.888004 1.46851611137
57.112971 1.21828198433
58.477724 1.3182091713
59.752933 1.26825404167
61.078 1.3183350563
62.51519 1.2181930542
63.669911 1.11801290512
64.995102 1.31845092773
66.320368 1.31832194328
67.545279 1.21814799309
68.845868 1.26816987991
70.866104 1.61866402626
72.140886 1.26811981201
73.365981 1.21804594994
74.490836 1.11809110641
75.665969 1.1681060791
76.940938 1.26822495461
78.065536 1.11790895462
79.290702 1.21816086769
80.565621 1.26815199852
81.740358 1.16797709465
83.017896 1.26926207542
84.192767 1.16809010506
85.383529 1.16808390617
86.55848 1.1681728363
87.883765 1.31839585304
89.008617 1.11811494827
90.584389 1.41841602325
91.682236 1.06799721718
93.119593 1.21817803383
94.295622 1.16816210747
95.520613 1.21818804741
96.795907 1.2682800293
98.070823 1.26819491386
99.445853 1.36829090118
100.621044 1.16813397408
101.745868 1.11811208725
102.871001 1.11810708046
103.995757 1.11804008484
105.170607 1.16809201241
106.295601 1.11800980568
107.470521 1.16818189621
108.745784 1.26826906204
110.650845 1.66878604889
111.776123 1.11814284325
112.900996 1.11806702614
113.975709 1.0679359436
115.150899 1.1681189537
116.225569 1.06793785095
117.30064 1.06802392006
118.525527 1.21811914444
119.600446 1.06797003746
120.725628 1.11809706688
121.800257 1.06784415245
122.875373 1.0679872036
124.258247 1.16816115379
125.484523 1.21834301949
126.609509 1.11819005013
127.828638 1.11819195747
128.903509 1.06802010536
130.128785 1.21822214127
131.253865 1.11827492714
132.379059 1.11808013916
133.453802 1.06792497635
134.578717 1.11795091629
135.804045 1.21818900108
136.929145 1.11813092232
138.053993 1.11804389954
139.179273 1.11809110641
140.203997 1.0178771019
141.2792 1.06809592247
142.804623 1.51860809326
143.979493 1.16808199883
145.154775 1.16816806793
146.360824 1.11798191071
147.435853 1.06797194481
148.510679 1.06797909737
149.736377 1.21843600273
150.86175 1.11823296547
151.936703 1.06806397438
153.162616 1.21851205826
154.42104 1.06807899475
155.597175 1.16811609268
156.722106 1.11813998222
157.796942 1.06791806221
158.922147 1.11800503731
159.946988 1.01800608635
160.972599 1.01804208755
162.147423 1.16800785065
163.372433 1.21816706657
164.97481 1.41887283325
166.249789 1.26813912392
167.424709 1.16807699203
168.549725 1.11799812317
169.724558 1.1680328846
170.799772 1.06790590286
171.974718 1.16815400124
172.99965 1.01782393456
174.12453 1.11805891991
175.199629 1.06803798676
176.324363 1.1179318428
177.499184 1.16803312302
178.574266 1.06801199913
179.799207 1.21815896034
180.824319 1.01798605919
