1.725927 1.36785006523
3.151941 1.41817998886
4.476227 1.31800985336
6.10075 1.61828804016
7.525667 1.41820693016
9.00029 1.46824812889
10.524667 1.51816892624
12.099771 1.56839990616
13.675185 1.56847119331
15.249936 1.56836986542
16.724635 1.46832680702
18.149642 1.41827702522
19.474422 1.3180501461
20.899033 1.41819000244
22.323454 1.41823983192
23.698181 1.3680331707
25.175729 1.36815905571
26.600494 1.41820502281
28.075691 1.46821808815
29.551128 1.46833491325
31.026284 1.46823787689
32.619157 1.41836690903
33.94528 1.31825494766
35.370052 1.41810917854
36.795366 1.41832208633
38.22034 1.41824483871
39.595353 1.36827707291
41.020982 1.41833496094
42.467382 1.41827297211
43.842628 1.3683218956
45.267539 1.4182100296
46.761847 1.36827015877
48.366435 1.56873297691
49.841025 1.46846413612
51.315695 1.46842193604
52.890636 1.56873893738
54.214954 1.31814408302
55.740075 1.51855301857
57.214542 1.46830511093
58.689141 1.46848702431
60.414467 1.71888303757
62.239525 1.81892800331
63.927136 1.26821112633
65.492029 1.31832313538
66.867024 1.36833190918
68.542967 1.66887784004
69.867779 1.31813716888
71.716068 1.46854496002
73.240648 1.5184469223
74.815804 1.56868696213
76.390751 1.56877303123
77.815355 1.41833400726
79.290815 1.46841597557
80.715557 1.41854000092
82.140452 1.41836500168
83.414777 1.26819801331
84.789094 1.36818695068
86.363775 1.56854987144
87.789203 1.4183909893
89.147006 1.3182091713
90.721674 1.56853294373
92.047068 1.31831693649
93.4222 1.36835885048
95.400207 1.61878490448
96.825498 1.4182908535
98.250183 1.41840791702
99.624938 1.36830806732
101.149688 1.51859498024
102.574219 1.41832900047
104.349544 1.76890897751
105.974155 1.61844396591
107.599024 1.61873292923
109.073913 1.46844792366
110.598505 1.51844000816
112.12309 1.51846194267
113.748483 1.61862492561
115.37327 1.61863708496
117.198301 1.81885480881
118.522632 1.31814289093
120.052551 1.36834001541
121.427856 1.36823606491
122.702609 1.26801609993
124.02761 1.3182311058
125.517355 1.26827812195
126.843464 1.31830096245
128.16847 1.31820511818
129.4434 1.2681620121
130.718677 1.26826119423
132.043675 1.3182489872
133.26903 1.21820402145
134.594057 1.31818890572
135.969519 1.36833095551
137.544967 1.56873416901
138.819966 1.26819396019
140.145464 1.31841397285
141.507864 1.2683570385
142.833351 1.31833004951
144.158376 1.31828093529
145.73414 1.56865501404
147.009164 1.26828193665
148.284025 1.26807713509
149.509338 1.21811079979
150.784359 1.26819109917
152.009819 1.21838784218
153.334783 1.31819105148
154.760181 1.41845107079
156.41376 1.41857004166
157.690165 1.26820802689
158.965114 1.26808786392
160.240707 1.26842308044
161.466304 1.21825909615
163.12398 1.41847801208
164.449151 1.31831502914
165.924682 1.4686050415
167.200244 1.26838111877
168.52531 1.31827402115
169.800371 1.26825809479
171.125783 1.31831002235
172.300687 1.16805100441
173.82652 1.51860809326
175.301837 1.46853709221
176.576976 1.2682659626
177.802308 1.21821594238
179.277618 1.46852016449
180.453016 1.16806697845
181.72805 1.26818990707
183.003294 1.26838803291
