1.980313 1.36823391914
3.556546 1.56851911545
4.831551 1.26809501648
6.406177 1.56846284866
8.031449 1.61853218079
9.556896 1.51850295067
11.031965 1.46834301949
12.456827 1.41834402084
13.88207 1.41849207878
15.307467 1.41841197014
16.832193 1.51853489876
18.306836 1.46843504906
19.681635 1.36838507652
20.956668 1.26822090149
22.631638 1.66874408722
24.058053 1.41854596138
25.495857 1.31843495369
26.821422 1.3183760643
28.096516 1.2682659626
29.472015 1.36842703819
30.897479 1.41858005524
32.395717 1.3185300827
33.822387 1.41855478287
35.247594 1.41849207878
36.623114 1.36852216721
37.998243 1.36841797829
39.27325 1.26830601692
40.498539 1.21816706657
41.82391 1.31863212585
43.099249 1.26831507683
44.574485 1.46856188774
45.899528 1.31826996803
47.342566 1.31847691536
48.617908 1.26829099655
49.993204 1.36851096153
51.368311 1.36831498146
52.593745 1.21831393242
53.918862 1.31839609146
55.244293 1.31842803955
56.519402 1.26832389832
57.844486 1.31832790375
59.270035 1.41851305962
60.595067 1.3183350563
61.820303 1.21823000908
63.286785 1.21825909615
64.563155 1.26853513718
65.888276 1.31833386421
67.313571 1.41856908798
68.905471 1.51877307892
70.380646 1.46868300438
71.755317 1.368475914
73.079974 1.31841921806
74.604699 1.51855397224
76.029853 1.41871905327
77.55462 1.51862192154
79.079279 1.51851797104
80.404066 1.31831383705
81.828749 1.41850686073
83.353518 1.51859688759
84.878685 1.51862597466
86.203624 1.31871294975
87.67847 1.46865606308
89.20317 1.5185739994
90.477925 1.26826786995
92.467627 1.86935400963
94.095343 1.46871685982
95.421642 1.31848096848
97.097286 1.66885590553
98.62315 1.51880502701
99.998414 1.36845898628
101.624497 1.61900305748
103.15039 1.51888203621
104.575696 1.41854500771
106.051376 1.46860718727
107.376561 1.31837201118
108.853674 1.46880602837
110.259503 1.36862587929
111.785146 1.51882910728
113.311 1.51877903938
114.686484 1.36850905418
116.072804 1.26845598221
117.347992 1.26838088036
118.723841 1.3687479496
119.949121 1.2182970047
121.174352 1.21840405464
122.500621 1.3184800148
123.725946 1.21853303909
125.112899 1.2183971405
126.339433 1.21841406822
127.614715 1.2684700489
128.940033 1.31849503517
130.315975 1.3686478138
131.641453 1.31862711906
132.917149 1.26842498779
134.242514 1.31861305237
135.617943 1.36859512329
137.048889 1.26871013641
138.274152 1.21843004227
139.599482 1.31849193573
140.825112 1.21845412254
142.200486 1.3684990406
143.525706 1.31836605072
144.801335 1.26843285561
146.126603 1.31843805313
147.502322 1.36861205101
148.777543 1.26837205887
150.153303 1.36858391762
151.42893 1.26842594147
152.65424 1.2184150219
154.130198 1.46881890297
155.517736 1.16839504242
156.84461 1.31894183159
158.258642 1.26833891869
159.584128 1.31844305992
160.959748 1.36877918243
162.134739 1.16816496849
163.410068 1.26826000214
164.685223 1.26834487915
166.010732 1.31845498085
167.235906 1.21816301346
168.565638 1.26840996742
169.790795 1.21830415726
170.965841 1.16822099686
172.241312 1.26835393906
173.566531 1.31838512421
174.791549 1.21819996834
176.167228 1.36857581139
177.392246 1.21820116043
178.780461 1.26846694946
180.005596 1.21831083298
181.230656 1.21821784973
182.506121 1.26839709282
183.681079 1.16810798645
185.0066 1.3184030056
186.371574 1.16821885109
187.698105 1.31857514381
188.923309 1.21831512451
190.148399 1.2182199955
191.473932 1.31845211983
192.849304 1.36851596832
194.125277 1.26841402054
195.450506 1.31838798523
196.626123 1.16847300529
197.801963 1.16898608208
