2.222358 1.76888489723
3.748467 1.51848983765
5.223143 1.46851301193
6.59772 1.36819219589
8.172309 1.56840610504
9.596695 1.41822504997
11.071097 1.46825313568
12.546653 1.46847486496
14.021257 1.4684009552
15.446221 1.41848397255
16.870714 1.41833996773
18.495968 1.61853313446
20.02167 1.51861000061
21.496184 1.46834492683
22.820467 1.31811308861
24.245878 1.4183549881
25.919421 1.61849594116
27.544429 1.61883616447
28.968976 1.41832399368
30.343918 1.36848497391
32.134515 1.61874508858
33.760999 1.61873888969
35.236135 1.46846818924
36.711516 1.46847105026
38.186797 1.46856617928
39.661941 1.46846008301
41.237184 1.56838607788
42.812481 1.56866812706
44.337968 1.51855993271
45.963316 1.61870884895
47.338269 1.3683359623
48.763749 1.41850709915
50.35872 1.46856188774
51.733128 1.36829209328
53.107538 1.36831617355
54.682466 1.56856203079
56.407254 1.71868491173
57.931907 1.51855492592
59.156408 1.21809887886
60.580934 1.41840004921
62.074115 1.31836891174
63.550578 1.46857500076
65.176082 1.6187980175
66.651715 1.46859502792
68.227074 1.56864500046
69.652358 1.4185500145
71.179359 1.51863980293
72.654634 1.46857595444
74.400355 1.61894011497
75.925045 1.51854300499
77.449785 1.51855993271
78.874499 1.41854500771
80.3996 1.51867198944
81.924691 1.51895403862
83.449645 1.51875591278
85.024527 1.56862211227
86.399553 1.36848187447
87.824173 1.41846108437
89.299064 1.46867394447
90.673956 1.36841702461
92.348913 1.66882610321
94.032541 1.46856999397
95.609297 1.56879901886
97.034501 1.41849803925
98.463161 1.31850910187
99.738495 1.2683160305
101.063551 1.31838417053
102.358392 1.26848292351
103.633458 1.26832985878
104.908612 1.26827096939
106.234207 1.31858778
107.409187 1.16809511185
108.784701 1.3684489727
110.059704 1.26824402809
111.384851 1.31838607788
112.560157 1.16820311546
113.785168 1.21827602386
115.110527 1.31833815575
116.285449 1.16818499565
117.510401 1.21821689606
118.82661 1.21827697754
120.051894 1.21824193001
121.37697 1.31829309464
122.602312 1.21825504303
124.114767 1.26835799217
125.491168 1.36852097511
126.716252 1.21824598312
127.941278 1.21826386452
129.116706 1.16830897331
130.341662 1.2182071209
131.617134 1.26838088036
132.792142 1.16816592216
134.117303 1.31840896606
135.442849 1.31846094131
136.6678 1.21816802025
137.893272 1.21844482422
139.972217 1.56864404678
141.468525 1.46851611137
142.943181 1.46846199036
144.370557 1.41873407364
145.64524 1.26838803291
147.320539 1.66905999184
148.845556 1.51871299744
150.370755 1.51870083809
152.09595 1.71897101402
153.470708 1.36851596832
155.130659 1.36856603622
156.356833 1.21834206581
157.632132 1.26848506927
158.807137 1.16819190979
159.982626 1.16825199127
161.207809 1.2183971405
163.041395 1.71889901161
164.466666 1.41869091988
165.891441 1.41852593422
167.366251 1.46854090691
168.791462 1.41866517067
170.316416 1.51870512962
171.791198 1.46853804588
173.36614 1.56874012947
174.841308 1.46856713295
176.516781 1.66917109489
177.89146 1.36840391159
179.366576 1.46865606308
180.791316 1.41856408119
182.16593 1.36844706535
183.742042 1.56874012947
185.417238 1.66903305054
186.966366 1.21829605103
188.292649 1.31845784187
189.567797 1.26831889153
190.793195 1.21826791763
192.06833 1.26833081245
193.39364 1.31843090057
194.669047 1.26831507683
196.044427 1.36853599548
197.269381 1.21812295914
198.595161 1.318557024
199.87044 1.2684109211
201.095811 1.21829199791
202.421073 1.31843400002
203.749381 1.2683160305
205.024947 1.26842093468
206.350137 1.31833291054
207.668975 1.21832299232
208.844442 1.16827702522
210.219795 1.36852502823
211.54552 1.31855297089
212.871005 1.31841397285
214.096158 1.21827721596
215.4213 1.31827807426
216.696938 1.26845502853
218.105008 1.21829509735
219.38148 1.26842880249
220.806959 1.41864705086
222.082469 1.26838421822
223.257719 1.16833615303
224.382667 1.11806988716
225.658111 1.26832318306
226.983534 1.31844115257
228.360355 1.26854801178
229.535709 1.16820192337
230.811001 1.26842188835
231.986492 1.16833400726
233.26169 1.26831912994
234.586948 1.31841301918
235.81212 1.21823692322
237.037719 1.21831417084
238.413176 1.3686311245
239.638617 1.21827411652
240.863804 1.21833395958
242.189104 1.31843018532
243.414726 1.21837115288
244.639829 1.21820020676
245.966031 1.31848096848
247.191224 1.21835494041
248.669661 1.16837596893
249.795546 1.11819887161
251.020728 1.21832418442
252.246287 1.21828007698
253.473968 1.21882104874
254.800324 1.31853294373
255.975538 1.16833519936
257.301377 1.3186340332
258.476666 1.1683678627
259.701853 1.21830105782
260.977491 1.26850199699
262.202718 1.21830201149
263.427912 1.21829485893
264.653521 1.21829986572
265.828597 1.16823101044
267.104264 1.26844906807
269.430303 1.51911997795
270.705595 1.26838088036
271.931099 1.21835207939
273.356534 1.41855382919
274.582051 1.21834087372
275.857375 1.26831293106
277.132964 1.26839017868
278.458233 1.31836605072
280.036557 1.26841878891
281.212897 1.16822886467
282.43806 1.21823406219
283.763694 1.31846094131
284.988948 1.21832489967
286.164048 1.16824698448
287.390487 1.21842718124
288.565944 1.16854286194
290.260543 1.41868305206
291.68527 1.41844701767
293.060021 1.36849713326
294.637204 1.56889820099
296.162243 1.51867985725
297.637074 1.46856689453
299.212532 1.56886506081
300.637468 1.41864204407
302.162458 1.5187458992
303.687982 1.51897907257
305.112801 1.41856789589
306.587939 1.46884989738
308.113174 1.51866102219
309.58806 1.46862006187
311.170926 1.41861510277
312.898045 1.71898889542
314.968737 1.66888308525
316.194062 1.21830892563
317.369662 1.16830086708
318.544879 1.16828608513
319.720011 1.16817092896
320.895568 1.16827106476
322.120965 1.21836900711
323.396662 1.26847410202
324.571927 1.16829395294
325.847312 1.26825404167
327.072912 1.2183599472
328.248239 1.16827297211
329.52404 1.26854491234
330.749428 1.21841597557
331.974602 1.21823501587
333.301378 1.31849479675
334.957135 1.4690849781
336.182975 1.21849298477
337.358122 1.16816592216
338.583775 1.21840810776
339.759066 1.16834306717
341.102618 1.16829299927
342.429246 1.31844210625
343.704491 1.26833200455
344.87996 1.16828989983
346.155201 1.26829886436
347.480545 1.31844592094
348.70612 1.21833014488
349.93142 1.21838307381
351.156988 1.21833992004
352.432223 1.26829600334
353.707477 1.26831507683
355.809682 1.66916894913
357.28453 1.46855306625
358.709757 1.41860890388
360.184811 1.4686820507
361.70989 1.51879501343
363.184624 1.46848511696
364.559498 1.36833119392
366.23469 1.66893291473
367.659705 1.41873407364
369.386837 1.71918988228
370.761625 1.36852908134
372.44317 1.46875596046
373.820366 1.36898899078
375.245967 1.41859292984
376.971749 1.71895098686
378.648136 1.66902303696
380.398717 1.51883816719
381.574157 1.16834592819
382.849968 1.26844906807
384.025546 1.16848683357
385.301109 1.26850581169
386.627004 1.31855607033
387.852653 1.2186229229
388.97802 1.11828589439
390.2539 1.26850390434
391.429204 1.16828894615
392.555081 1.11845397949
393.830731 1.26864910126
395.056128 1.21838188171
396.231801 1.16829419136
397.457436 1.2185049057
398.633519 1.16865110397
400.674579 1.66935586929
401.799904 1.1183180809
403.34406 1.31840801239
404.520409 1.16828012466
405.695578 1.16820597649
406.920847 1.21829295158
408.19645 1.26835107803
409.471856 1.26841521263
410.69747 1.21831583977
411.872735 1.16828584671
413.047866 1.16815805435
414.373835 1.31864595413
415.699231 1.31840014458
416.974999 1.26837992668
418.300443 1.31847500801
419.62592 1.31848716736
421.257587 1.36860489845
422.682952 1.4186270237
424.158 1.46870994568
425.733014 1.56866979599
427.308508 1.56906104088
428.834112 1.51886296272
430.309069 1.46858692169
431.734003 1.41849899292
433.209224 1.46857190132
434.853038 1.46890187263
436.27994 1.41873002052
437.755569 1.4686691761
439.331734 1.56888794899
440.757324 1.41862607002
442.082682 1.31840896606
443.808942 1.71898984909
445.74209 1.51913189888
446.969031 1.21828699112
448.144358 1.16826605797
449.319595 1.16818904877
450.545345 1.21835803986
451.821006 1.26856708527
453.046785 1.21848201752
454.372835 1.31897783279
455.698332 1.31848883629
456.873951 1.16825795174
457.99932 1.1183218956
459.325198 1.31851911545
460.701007 1.36864495277
462.026558 1.31853199005
463.202289 1.16835093498
464.377643 1.16829299927
466.0551 1.31843996048
467.43127 1.36836504936
468.706854 1.26833701134
469.98222 1.26833796501
471.257955 1.26846599579
472.533284 1.26833295822
473.760155 1.21832180023
474.935487 1.16828680038
476.110898 1.16840004921
477.386397 1.2684109211
478.612209 1.21838593483
479.987757 1.368475914
481.263645 1.26853704453
482.489256 1.2185549736
483.664519 1.16823601723
484.940413 1.26846599579
487.189592 1.819231987
488.514512 1.31846809387
490.089615 1.56869888306
491.615267 1.51868700981
493.040261 1.41857290268
494.465151 1.4184679985
496.140861 1.66895794868
497.910703 1.56877994537
499.387599 1.46870398521
501.013537 1.61889314651
502.53934 1.51878595352
503.965356 1.41865110397
505.391108 1.41876792908
506.767026 1.3685760498
508.292735 1.51876688004
509.918617 1.61890101433
511.481911 1.31889200211
512.65761 1.16829991341
513.833015 1.1682870388
515.059038 1.2184650898
516.234535 1.16837191582
517.560102 1.3184659481
518.835938 1.26846408844
520.061396 1.2183110714
521.237197 1.16840600967
522.412512 1.16823005676
523.73813 1.31850099564
525.014958 1.26848387718
526.290549 1.26850914955
527.516238 1.21827816963
528.918137 1.16824889183
530.094676 1.16835379601
532.221189 1.7692399025
533.446749 1.21839284897
534.672123 1.2183110714
535.797767 1.11815094948
537.038146 1.21837306023
538.263906 1.21836686134
539.489221 1.21823883057
540.815209 1.31855583191
542.040835 1.21833992004
543.416485 1.36853289604
544.643494 1.21849107742
545.91907 1.26842808723
547.094638 1.16831207275
548.370614 1.26839590073
549.596177 1.2184150219
550.82203 1.21836495399
552.509968 1.36893510818
553.83511 1.31858992577
555.310534 1.46872997284
556.835637 1.51871013641
558.41081 1.56874418259
560.050825 1.41858696938
561.427514 1.36845207214
563.003329 1.56862998009
564.379155 1.36856484413
565.854892 1.4687359333
567.430507 1.56864404678
568.856506 1.41876602173
570.382071 1.51857280731
571.908062 1.51880788803
573.383694 1.46863889694
575.159554 1.76885700226
577.122897 1.56888198853
578.298419 1.16829681396
579.52389 1.21833992004
580.699545 1.16824197769
581.874797 1.16811704636
583.050629 1.16835689545
584.226062 1.16824603081
585.501956 1.26850605011
586.827647 1.318557024
588.103102 1.26835393906
589.278918 1.16831898689
590.681952 1.21832895279
591.958723 1.26845288277
593.084102 1.11819887161
594.260984 1.16826319695
595.436587 1.16847991943
596.838294 1.21836090088
598.014516 1.1685090065
599.189997 1.16831278801
600.515621 1.31844902039
601.841541 1.31873202324
603.1677 1.31855607033
604.443293 1.26843190193
605.769481 1.31869697571
607.095161 1.31850886345
608.370643 1.26835393906
609.546613 1.16844797134
610.822176 1.26836109161
612.048425 1.21877408028
613.324043 1.26843190193
614.599786 1.26856923103
615.875913 1.26863908768
617.945741 1.61934399605
619.421057 1.46885704994
620.896077 1.46853494644
622.650434 1.5188369751
623.978613 1.31869888306
625.404211 1.41856002808
626.829875 1.41861701012
628.456038 1.61882805824
629.881629 1.41857409477
631.507839 1.61886382103
632.933528 1.41863679886
634.309128 1.3685529232
635.985446 1.66894388199
637.461384 1.46886086464
639.23796 1.76914405823
640.863883 1.61890006065
642.357281 1.26863598824
643.532812 1.16822981834
644.708662 1.16833209991
645.934347 1.21841692924
647.109778 1.16824388504
648.385789 1.26852488518
649.561522 1.16840791702
650.837078 1.26838493347
652.113056 1.26846694946
653.47202 1.16832685471
654.648803 1.16839885712
655.774437 1.1184399128
657.050335 1.26843309402
658.325949 1.26841807365
659.501459 1.16831994057
660.677205 1.1682779789
662.607442 1.56895494461
663.93339 1.318557024
665.209501 1.26855492592
666.485208 1.26850485802
667.661194 1.16841197014
668.786723 1.11825704575
670.062334 1.26837682724
671.238285 1.16839408875
672.413945 1.16838908195
673.589435 1.16828012466
674.765561 1.16845297813
675.941128 1.16834211349
677.117197 1.16836309433
678.443034 1.31855201721
679.718707 1.26828694344
680.994759 1.26851701736
682.443044 1.16859602928
684.090807 1.41858506203
685.417547 1.31850385666
687.193751 1.76904296875
689.019919 1.81904292107
690.496121 1.46880197525
692.072128 1.56881403923
693.648516 1.568816185
695.124403 1.46871113777
696.650074 1.51857304573
698.076034 1.41860818863
699.55189 1.46871805191
700.928853 1.36867618561
702.354636 1.41860795021
703.780445 1.41872382164
705.456854 1.66898012161
707.524939 1.66914200783
708.70066 1.16837191582
709.926644 1.21843695641
711.102261 1.16842079163
712.227684 1.11822605133
713.453827 1.21856117249
714.92422 1.21839404106
716.10109 1.16837096214
717.276673 1.16833901405
718.552513 1.26858496666
719.678267 1.1182179451
720.853833 1.16831088066
722.029819 1.16847014427
723.305469 1.26840806007
724.531117 1.21838998795
725.706925 1.16825389862
727.295581 1.31879091263
728.67105 1.36857295036
729.996133 1.31851100922
731.471364 1.46860194206
732.997042 1.51872801781
734.472263 1.46857595444
735.847283 1.36842489243
737.523135 1.66896510124
738.948301 1.41856002808
740.473554 1.51864910126
741.848929 1.3684720993
743.224099 1.3685760498
744.499165 1.26849317551
746.144501 1.41863894463
747.672528 1.51879882812
749.448844 1.76913499832
751.300065 1.41903281212
752.626281 1.31857204437
753.901934 1.26837897301
755.127571 1.21827483177
756.453269 1.31846213341
757.729391 1.26844406128
759.00513 1.26845002174
760.181207 1.16843795776
761.507077 1.31852817535
762.732711 1.21825313568
763.958666 1.21839594841
765.334356 1.36842298508
766.560413 1.21841001511
767.786147 1.21838092804
769.011768 1.21834278107
770.237796 1.21838092804
771.920727 1.36853790283
773.396272 1.46862006187
774.771471 1.36857509613
776.51525 1.51879286766
778.092782 1.56893587112
779.568794 1.46878194809
781.045117 1.46876692772
782.521198 1.46886706352
784.197318 1.66892790794
785.673598 1.46878099442
787.149614 1.46880197525
788.576054 1.41888213158
789.901809 1.31847190857
791.277612 1.36861395836
792.703823 1.41870284081
794.23024 1.51912498474
796.37231 1.71932697296
797.549366 1.16827201843
798.675008 1.1182718277
799.901049 1.21845984459
801.177327 1.26855397224
802.353017 1.16838502884
803.578985 1.21836900711
804.75465 1.16837096214
805.930504 1.16827201843
807.413626 1.26852798462
808.640508 1.21843886375
809.816082 1.16826105118
811.141858 1.31838798523
812.367711 1.21832489967
813.543267 1.16831898689
814.81918 1.2683699131
816.267723 1.26833510399
817.493217 1.21818304062
818.719141 1.21826505661
819.944741 1.21816682816
821.170723 1.21840786934
822.446317 1.2682659626
823.671833 1.21823811531
824.899019 1.21828603745
826.124649 1.21830487251
827.350727 1.21842098236
828.576537 1.21834087372
829.75224 1.16831898689
830.928277 1.16830301285
832.153981 1.21836996078
833.380137 1.21840190887
834.605729 1.21826601028
836.426749 1.46860384941
837.792541 1.16837716103
839.069782 1.26859402657
840.245908 1.16854286194
841.522063 1.26849198341
842.747902 1.21851301193
843.92346 1.16817808151
845.199563 1.26839709282
846.475457 1.26848721504
847.752998 1.26855587959
849.028718 1.26840806007
850.304425 1.2683839798
851.530596 1.218542099
852.756333 1.21838378906
854.032557 1.26860618591
855.358559 1.31861782074
