2.03225 1.46805095673
3.458696 1.41821694374
4.833055 1.36809301376
6.308114 1.46832704544
7.78317 1.4681558609
9.308199 1.5183031559
10.933091 1.61845612526
12.307441 1.36816000938
13.882012 1.56838703156
15.257977 1.36831498146
16.582345 1.31811618805
17.906736 1.3181219101
19.43135 1.51839399338
20.956812 1.51832294464
22.631605 1.66861486435
24.257107 1.6184360981
25.68028 1.36829304695
27.054877 1.36833500862
28.429326 1.36820197105
29.904144 1.46827793121
31.22866 1.31824994087
32.939427 1.5185611248
34.315894 1.36853313446
35.791194 1.46850299835
37.266753 1.46852493286
38.741874 1.46841788292
40.116769 1.36821699142
41.592521 1.46843504906
42.867429 1.26824784279
44.39288 1.51849102974
45.717865 1.31827402115
47.293027 1.56849718094
48.888801 1.46859002113
50.363375 1.46844601631
51.737823 1.36833906174
53.112227 1.36826014519
54.586856 1.46849799156
55.861683 1.26836299896
57.3363 1.46848917007
58.810883 1.46843004227
60.335853 1.51853108406
61.660206 1.3182528019
63.147092 1.26821923256
64.623597 1.46861600876
66.098866 1.4685151577
67.67449 1.56866598129
69.249884 1.56862401962
70.775108 1.51849508286
72.222065 1.31839704514
73.547182 1.31834197044
74.822601 1.26836895943
76.147692 1.31835818291
77.522911 1.36835813522
78.84842 1.31845712662
80.123274 1.26811695099
81.29809 1.16806697845
82.623578 1.31834506989
83.89853 1.2681658268
85.223942 1.3184030056
86.599042 1.36835694313
87.873944 1.26819300652
89.149292 1.26825404167
90.424473 1.26842093468
91.649704 1.21816492081
93.037697 1.26823210716
94.489213 1.21822595596
95.715368 1.21825194359
97.040417 1.31829690933
98.265432 1.21817183495
99.490751 1.21821689606
100.715737 1.21825790405
101.840985 1.11813282967
103.015957 1.16813087463
104.24098 1.21827197075
105.51642 1.26826810837
106.741343 1.2181417942
107.966585 1.21816802025
109.191453 1.21809697151
110.367081 1.16808104515
111.592247 1.218105793
113.121755 1.41836309433
114.546387 1.41843104362
116.020937 1.46833205223
117.445833 1.4184319973
119.020598 1.56860399246
120.445002 1.41827487946
122.020164 1.56862187386
123.494846 1.46852207184
125.164791 1.4185218811
126.5913 1.41842699051
128.166712 1.56859302521
129.592217 1.41850709915
130.917282 1.31837201118
132.342544 1.41850399971
133.717997 1.36844396591
135.14315 1.41850018501
136.453567 1.16801404953
137.628868 1.16810297966
138.853901 1.21814608574
140.128984 1.26827692986
141.304327 1.16817903519
142.479303 1.16807293892
143.704683 1.21822500229
145.029838 1.31833314896
146.154646 1.11798095703
147.379956 1.21818494797
148.604993 1.2182199955
149.830802 1.21818208694
151.005784 1.16814208031
152.230825 1.21816205978
153.521879 1.26818490028
154.747217 1.21830511093
156.493901 1.41849803925
157.969526 1.46844792366
159.49429 1.51851892471
160.919294 1.41851305962
162.193652 1.26814293861
163.818698 1.61878800392
165.193749 1.36830997467
166.768661 1.5687110424
168.243327 1.46842312813
169.668283 1.41841316223
171.192991 1.51847290993
172.717775 1.51857089996
174.242919 1.51852607727
175.817716 1.56855893135
177.342508 1.51852703094
178.817177 1.46842718124
180.107989 1.16808104515
181.283407 1.16829204559
182.458313 1.16808915138
183.733827 1.26838088036
184.958908 1.2181801796
186.299625 1.1180100441
187.575976 1.2683069706
188.851045 1.26823496819
190.076382 1.21819400787
191.251508 1.16821789742
192.426444 1.16808605194
193.651815 1.2182059288
194.82683 1.16815710068
196.002228 1.16811704636
197.177225 1.16812705994
198.352258 1.16817307472
