2.242203 1.61823296547
3.918775 1.66846203804
5.793607 1.86873292923
7.424782 1.51834797859
9.050111 1.61845397949
10.524437 1.46819496155
12.199295 1.66848516464
13.57343 1.36803793907
14.948169 1.36804008484
16.323235 1.36814594269
17.897716 1.56831002235
19.334849 1.3180680275
20.809203 1.46821904182
22.284078 1.46818995476
23.709345 1.41832995415
25.234047 1.51848506927
26.607174 1.31814789772
28.131569 1.51820898056
29.706359 1.56857800484
31.331302 1.61853313446
33.350128 1.46831607819
34.926342 1.56849384308
36.54617 1.46814703941
38.02149 1.46837902069
39.496922 1.46850991249
41.272234 1.76869606972
42.847595 1.56846404076
44.52281 1.66858506203
45.997924 1.46821808815
47.573129 1.56858611107
48.997804 1.41808390617
50.573079 1.56833696365
52.21635 1.51842904091
53.790981 1.56851291656
55.465754 1.6686770916
56.89209 1.41837882996
58.416726 1.51852202415
60.191672 1.76872515678
61.717072 1.51872086525
63.391839 1.6686809063
65.492269 1.66871380806
67.09107 1.5183429718
68.616175 1.51843285561
70.141315 1.51850008965
71.767006 1.61859989166
73.492292 1.71863913536
75.117988 1.61870002747
76.592987 1.46836400032
78.108 1.41877698898
79.583487 1.46847200394
80.958399 1.36816906929
82.484286 1.51857805252
83.959463 1.46841406822
85.580629 1.56853604317
87.005532 1.41819906235
88.380825 1.3682179451
89.805957 1.41844987869
91.255003 1.36828589439
92.880366 1.61866307259
94.255337 1.36822295189
96.183304 1.31840801239
97.709665 1.51851201057
99.284894 1.56851792336
100.753125 1.36835312843
102.128201 1.3682949543
103.653418 1.51844191551
104.978665 1.31823801994
106.403767 1.4183318615
107.829405 1.41837382317
109.254491 1.4183549881
110.679479 1.4182779789
112.255142 1.56860208511
113.579996 1.31813883781
114.854785 1.26803994179
116.18011 1.31819415092
117.505071 1.3181219101
118.851134 1.31828093529
120.226486 1.36827993393
121.651479 1.41822481155
123.057865 1.31825089455
124.283017 1.21810293198
125.507803 1.21800899506
127.062656 1.26822781563
128.339025 1.26831102371
129.663878 1.31809806824
130.88893 1.21797800064
132.163768 1.26813983917
133.638845 1.46835899353
134.913992 1.26806783676
136.238996 1.31824493408
137.464584 1.21806287766
138.8397 1.36835503578
140.18538 1.3181579113
141.510621 1.3182349205
143.035832 1.51850390434
144.395821 1.26822400093
145.670629 1.26802301407
146.94598 1.26809191704
148.17108 1.21808600426
149.646285 1.46845793724
150.95342 1.26806688309
152.278381 1.3182079792
153.604133 1.31860995293
154.87905 1.26814007759
156.103899 1.21807098389
157.65457 1.31834602356
159.130877 1.46842479706
160.405772 1.26816892624
161.630557 1.21801805496
162.805861 1.16824102402
164.13095 1.31821298599
165.395291 1.16811203957
166.520375 1.1179599762
167.745273 1.21808195114
168.970522 1.21811103821
170.195407 1.21808576584
171.470364 1.26814699173
172.695602 1.21810221672
173.870452 1.16806912422
175.045195 1.16790294647
176.220339 1.16802501678
177.445224 1.21809792519
178.670546 1.21822690964
179.94539 1.26806020737
181.170342 1.2181019783
182.345555 1.16798520088
183.520437 1.16809797287
