1.599924 1.26784396172
3.126562 1.51827812195
4.65125 1.51820707321
6.075647 1.4181330204
7.65012 1.56821990013
8.97453 1.31800603867
10.44919 1.46814799309
11.874015 1.4183139801
13.298798 1.4179558754
14.874153 1.56832504272
16.198953 1.31801605225
17.774299 1.5683350563
19.149267 1.36816906929
20.573876 1.41811490059
21.849261 1.26829099655
23.424453 1.56840610504
24.734346 1.21806001663
25.909391 1.16797304153
27.234488 1.31811881065
28.610521 1.36859297752
29.885445 1.26801991463
31.310825 1.41827893257
32.835468 1.26816391945
34.161792 1.31836104393
35.587613 1.41872906685
37.063863 1.46872901917
38.388873 1.31829595566
39.764249 1.36849308014
41.040178 1.26846623421
42.365651 1.31836605072
43.691283 1.31823992729
44.916618 1.21828603745
46.414684 1.36883687973
48.1902 1.7690448761
49.615351 1.41862893105
51.391245 1.76905298233
52.815752 1.41829395294
54.390639 1.56851816177
55.615096 1.21798920631
56.889407 1.26812005043
58.414626 1.5187060833
59.890082 1.46869015694
61.114651 1.21814703941
62.839893 1.71885299683
64.561208 1.46871709824
66.038116 1.46872615814
67.263681 1.21850299835
68.739167 1.4685280323
70.00886 1.16798210144
71.334149 1.31826615334
72.660255 1.31898498535
73.985727 1.31833696365
75.294101 1.26845598221
76.619204 1.31820201874
77.84516 1.21850180626
79.170786 1.31850600243
80.521688 1.31850886345
81.747192 1.21827602386
82.972693 1.21836400032
84.398849 1.41872692108
85.66371 1.21813201904
86.938958 1.26822900772
88.214956 1.26853299141
89.540462 1.3184170723
90.798397 1.16822290421
92.124104 1.31840515137
93.600125 1.46889209747
95.081515 1.31836509705
96.708881 1.61884999275
98.184166 1.46846699715
99.459579 1.26830601692
100.634514 1.16811704636
101.960119 1.31845903397
103.185919 1.21835899353
104.511719 1.31857991219
105.687599 1.16819906235
106.912637 1.21813392639
108.087489 1.16805100441
109.412856 1.31831407547
111.05069 1.56865501404
112.501238 1.41856002808
114.026361 1.51877808571
115.551131 1.51854395866
116.925724 1.36832308769
118.500333 1.56834793091
119.875888 1.36857795715
121.200912 1.31848192215
122.675912 1.46848106384
124.100686 1.41824793816
125.87812 1.51851511002
127.304541 1.41843485832
128.829844 1.51851511002
130.104897 1.26822400093
131.680977 1.56853914261
133.206149 1.51837491989
134.532041 1.21828389168
135.757177 1.21818494797
136.982256 1.21824598312
138.30853 1.31858491898
139.6337 1.31829595566
141.009572 1.36859083176
142.185056 1.16820383072
143.410706 1.21840715408
144.68686 1.26852488518
146.106716 1.36856293678
147.382323 1.268460989
148.858664 1.46877193451
150.183901 1.31836509705
151.432522 1.21830296516
152.975642 1.21819400787
154.400735 1.41857719421
156.097917 1.46881008148
157.475082 1.36869597435
158.700698 1.21842598915
159.926759 1.21850395203
161.152302 1.21838092804
162.377916 1.21836781502
163.653911 1.26849603653
164.929521 1.26837491989
166.355878 1.41880607605
167.684553 1.2682390213
169.009683 1.31822800636
170.285032 1.26815509796
171.510689 1.21843004227
172.736698 1.21847200394
174.384216 1.31837105751
175.809499 1.41866993904
177.184624 1.36853194237
178.659241 1.46837806702
180.034503 1.36853885651
181.459109 1.41827297211
183.084134 1.61871814728
184.659418 1.56868195534
186.347292 1.46862816811
187.824588 1.46873807907
189.350453 1.51875209808
190.926 1.56870698929
192.601971 1.6689081192
193.977079 1.36831593513
195.302648 1.31825900078
196.577656 1.26822590828
198.206093 1.41844296455
199.481457 1.26831293106
200.756668 1.26829886436
202.132154 1.36835384369
203.357223 1.21817183495
204.783164 1.41879415512
206.108391 1.31832194328
207.483966 1.36839604378
208.759171 1.26826119423
210.034856 1.26844716072
211.26017 1.21813797951
212.535298 1.26814103127
213.760673 1.21819400787
214.98571 1.21815299988
216.312441 1.118060112
217.885508 1.46867799759
219.010642 1.11798620224
220.285754 1.26824998856
221.511227 1.21821403503
222.736234 1.21813488007
223.961147 1.21800994873
225.136428 1.16811203957
226.36143 1.21805000305
227.536687 1.16809606552
228.761853 1.2180929184
229.986887 1.21811103821
231.261971 1.26811599731
232.437344 1.16816902161
233.662335 1.21809911728
234.787643 1.11814188957
236.013135 1.21827602386
237.373342 1.2683300972
238.548609 1.16810393333
239.673551 1.11797904968
240.949599 1.26847791672
242.174754 1.21816802025
243.500623 1.31862807274
244.726314 1.21828603745
245.95145 1.21813106537
247.46424 1.31846308708
248.790842 1.31841397285
250.016557 1.21844983101
251.142488 1.11827802658
252.417673 1.26826286316
253.592755 1.16810202599
254.868714 1.26835894585
256.094481 1.21849393845
257.412022 1.21808385849
258.587382 1.16818094254
259.912452 1.31815505028
261.137875 1.21823787689
262.413088 1.26824808121
263.588173 1.16817498207
264.714797 1.11831402779
265.939907 1.21819400787
267.215241 1.26830101013
268.390711 1.16817903519
269.516157 1.11819601059
270.791748 1.26826810837
272.067571 1.2685520649
273.293124 1.21825194359
274.518603 1.21821522713
275.644163 1.11828899384
276.904268 1.16829895973
278.373093 1.21850800514
279.55011 1.16845488548
280.675286 1.1180357933
281.850407 1.16811299324
283.17656 1.31855416298
284.351529 1.16804981232
285.476861 1.1180729866
286.601842 1.11793112755
287.827107 1.21822595596
289.002346 1.16805291176
290.127419 1.11811494827
291.25284 1.1181409359
292.528795 1.26847481728
293.65417 1.11815810204
294.916984 1.16794109344
296.09293 1.16828417778
297.268234 1.16835618019
298.543742 1.26827979088
299.76914 1.21846294403
301.094617 1.31832194328
302.29241 1.16821694374
303.668003 1.36861109734
304.893544 1.21828007698
306.068677 1.16817903519
307.293876 1.21818685532
308.696907 1.21821498871
309.873192 1.16827392578
311.098314 1.21810793877
312.373611 1.26831483841
313.549061 1.16812610626
314.818985 1.16823506355
315.994466 1.16821289062
317.270162 1.26841878891
318.595884 1.31841778755
319.921526 1.3186480999
321.146744 1.2181930542
322.322256 1.16816806793
323.598126 1.2684841156
324.823351 1.21820092201
326.049001 1.21826004982
327.224742 1.16833400726
328.45082 1.21841192245
329.676063 1.21820020676
330.851074 1.16800117493
332.026897 1.16809201241
333.30237 1.2683429718
334.66248 1.26825714111
335.887864 1.21809411049
337.213206 1.3183131218
338.489343 1.26845097542
339.948666 1.26836109161
341.225365 1.26850509644
342.500788 1.26830983162
343.727253 1.21833992004
344.902909 1.16839718819
346.078095 1.16813802719
347.404331 1.31858992577
348.579883 1.16840600967
349.805612 1.21830701828
350.930662 1.11801695824
352.055758 1.11807703972
353.281297 1.21825695038
354.597199 1.21821498871
355.772654 1.16812300682
357.048014 1.26829004288
358.324331 1.26861310005
359.599952 1.26821708679
360.775117 1.16805911064
362.051324 1.268419981
363.276546 1.21815991402
364.552255 1.26836204529
365.777373 1.21810793877
367.052622 1.26817107201
368.27854 1.21830797195
369.553821 1.26822209358
371.057204 1.26836180687
372.283728 1.21819496155
373.609816 1.31870889664
375.536124 1.66877102852
376.637564 1.06794309616
377.812694 1.16810894012
379.038068 1.21806120872
380.26323 1.21815919876
381.488764 1.21824407578
382.685206 1.16807508469
383.860265 1.16804003716
385.136956 1.26825213432
386.412227 1.26820802689
387.637765 1.2181289196
388.91313 1.26827287674
390.138443 1.21823215485
391.363967 1.2181661129
392.589197 1.21818208694
393.846538 1.11802601814
395.021926 1.16811609268
396.146892 1.11793112755
397.273293 1.11819195747
398.49863 1.21826291084
399.724286 1.21824002266
400.999585 1.26825881004
402.324951 1.11805701256
403.451575 1.11833715439
404.626908 1.1682779789
405.852717 1.21838998795
407.028089 1.16804599762
408.403495 1.36834383011
409.478855 1.0680129528
410.754135 1.26824307442
411.929237 1.1679930687
413.469157 1.36830091476
414.644661 1.16809105873
415.870436 1.218282938
417.145763 1.2681210041
418.271699 1.11821007729
419.397456 1.11832904816
420.523573 1.11832094193
421.69873 1.16806006432
422.874403 1.16830682755
424.152237 1.26852297783
425.378176 1.21851992607
426.504509 1.11853313446
427.780494 1.26853203773
429.005753 1.21814584732
430.232113 1.21849894524
432.381698 1.91925311089
433.793165 1.16877102852
434.970414 1.16841101646
436.196516 1.21850800514
437.422288 1.21832799911
438.597715 1.16818714142
439.773665 1.16847586632
440.999966 1.21853590012
442.175455 1.16833901405
443.301002 1.11813807487
444.476327 1.16819477081
445.751635 1.26817703247
446.977269 1.21825504303
448.25344 1.26849412918
449.429775 1.16845989227
450.655692 1.21842503548
452.226615 1.36844491959
453.451865 1.2181930542
454.627468 1.1680791378
455.802717 1.16812992096
456.928814 1.11835598946
458.003952 1.06801080704
459.129278 1.11796593666
460.355438 1.21841406822
461.481157 1.11826491356
462.606907 1.11822295189
463.882441 1.26833105087
465.302119 1.21855902672
466.479204 1.16831207275
467.705172 1.21843504906
468.831285 1.11838197708
470.00707 1.16837501526
471.662808 1.31817889214
473.188231 1.51868891716
474.813491 1.6186580658
476.288296 1.46838092804
477.613066 1.31830906868
479.18891 1.56876206398
480.564386 1.36871004105
481.839688 1.26850509644
483.265495 1.41863203049
484.690967 1.41862416267
486.216365 1.51868104935
487.691478 1.46833586693
489.267217 1.56899905205
490.592389 1.31843709946
492.318071 1.71889591217
493.893085 1.56853294373
495.810755 1.46865010262
497.187581 1.36847400665
498.262832 1.06801509857
499.43854 1.16822695732
500.664015 1.21829414368
501.890537 1.21866703033
503.166105 1.26822900772
504.291372 1.11804580688
505.416948 1.11812090874
506.592294 1.16815400124
507.818081 1.21829915047
509.243773 1.41848015785
510.421549 1.16847515106
511.547493 1.11837291718
512.722922 1.16823101044
513.814353 1.06833219528
515.263202 1.26832580566
516.438057 1.16812610626
517.813419 1.36852192879
518.988515 1.16826701164
520.314237 1.31858897209
521.789606 1.46864008904
523.014611 1.21833992004
524.34014 1.31851100922
526.064596 1.51902198792
527.241805 1.16851592064
528.517736 1.26850700378
529.94343 1.41830396652
531.269785 1.31865692139
532.595837 1.31856012344
533.872297 1.26850199699
535.398527 1.51872491837
536.685 1.16837096214
538.010794 1.31825399399
539.187008 1.1685590744
540.413386 1.21852278709
541.588935 1.16822981834
542.714716 1.11818003654
544.090895 1.36850690842
545.517548 1.41870689392
546.642794 1.11803102493
547.819767 1.16838288307
548.995664 1.16836500168
550.171032 1.1681830883
551.346681 1.16816806793
552.522035 1.1681189537
553.698541 1.16848802567
554.874428 1.16834712029
556.972367 1.56872105598
558.349251 1.36873197556
559.624862 1.26864981651
561.100392 1.46867012978
562.276829 1.16846013069
563.402169 1.11809492111
564.528403 1.11827707291
565.804592 1.26855492592
566.980524 1.16837286949
568.307178 1.31832408905
569.532756 1.2182559967
570.725341 1.16842985153
571.900729 1.16812777519
573.076177 1.16809511185
574.251658 1.16813588142
575.427247 1.16813802719
577.130614 1.26815891266
578.405299 1.26815605164
579.73 1.31816196442
581.30549 1.56857585907
582.680405 1.36830496788
584.055241 1.36831116676
585.681397 1.61898088455
587.219467 1.3686439991
588.846713 1.6188158989
590.222827 1.3686068058
591.648846 1.41856813431
593.024302 1.36830496788
594.349789 1.31829786301
595.675545 1.31835198402
597.151238 1.46857094765
598.479371 1.31861901283
600.171436 1.46885704994
601.29687 1.11815905571
602.522928 1.21848893166
603.75029 1.21839404106
604.899868 1.1179561615
606.075742 1.16818714142
607.25129 1.16830515862
608.376686 1.11810803413
609.553087 1.16844296455
610.754714 1.16824316978
611.931199 1.16847491264
613.207316 1.26852798462
614.432763 1.21816015244
615.708701 1.2683660984
616.984748 1.26850605011
618.336406 1.16845703125
619.796909 1.26841783524
620.922052 1.1182050705
622.147283 1.2183880806
623.572777 1.41861701012
624.647957 1.06821894646
625.873478 1.21863007545
627.198614 1.31825709343
628.476189 1.26844596863
629.751213 1.26839494705
631.026641 1.26850414276
632.202325 1.16838908195
633.427547 1.21836495399
634.652374 1.21815490723
635.978393 1.31874799728
637.203671 1.21842002869
638.528788 1.3185069561
639.889423 1.26837301254
641.165876 1.26846694946
642.291985 1.11844992638
643.534002 1.21853804588
644.710091 1.16843295097
645.886297 1.16828203201
647.012032 1.11826491356
648.188544 1.16856002808
649.512801 1.11812186241
650.689162 1.16808104515
651.864542 1.16814208031
653.040301 1.16812992096
654.316021 1.26832580566
655.692249 1.36849498749
656.817894 1.11818695068
658.193592 1.36841392517
659.759901 1.36852502823
661.285128 1.51864600182
662.760209 1.46841597557
664.286042 1.51872014999
665.861442 1.56867194176
667.286313 1.41828989983
668.661584 1.36831402779
670.086528 1.41821980476
671.56165 1.46845197678
673.304664 1.51858401299
674.729586 1.4183409214
676.154493 1.41826486588
677.530235 1.36850309372
679.155397 1.61856007576
681.196739 1.66897296906
682.424108 1.21847009659
683.754086 1.16819214821
685.030435 1.26833605766
686.155804 1.11808800697
687.331824 1.16845011711
688.607316 1.26819205284
689.882274 1.26826405525
691.057946 1.16812586784
692.234115 1.16843390465
693.360121 1.11838817596
694.536557 1.16838908195
695.712459 1.16831898689
696.988327 1.26840209961
698.11434 1.11819195747
699.590313 1.46853995323
700.766167 1.16822004318
702.402079 1.26832413673
703.879266 1.468490839
705.053959 1.16809797287
706.328875 1.26827907562
707.704917 1.36835980415
709.131189 1.41864204407
710.207408 1.06830000877
711.596835 1.16870498657
712.773602 1.168186903
713.948952 1.16803598404
715.224603 1.26811885834
716.400181 1.16809415817
717.525431 1.11798286438
718.651072 1.118060112
719.826359 1.16803002357
721.61703 1.41858482361
722.842612 1.21819090843
724.068242 1.21829986572
725.244163 1.16814804077
726.420913 1.16906499863
727.597405 1.16843390465
728.672883 1.06809186935
729.798614 1.11830687523
730.923859 1.11795091629
732.099694 1.16816210747
733.275813 1.16840100288
734.402367 1.1184399128
735.578377 1.16832494736
736.803926 1.21815490723
738.08001 1.26841592789
739.461279 1.21825289726
740.887696 1.41867208481
742.35579 1.21855592728
743.582659 1.21835398674
744.70833 1.11831903458
745.884105 1.16816210747
747.06053 1.16842603683
748.236637 1.16836690903
749.413163 1.16851997375
750.588916 1.16812992096
751.764384 1.16811800003
752.940155 1.16815400124
754.065732 1.11816310883
755.242266 1.16844391823
756.468305 1.21845602989
757.693811 1.21810913086
759.913424 1.8691008091
761.289355 1.36860895157
762.714991 1.41858386993
764.190729 1.46877408028
765.616812 1.41876912117
767.142672 1.51883101463
768.467585 1.31823778152
769.92588 1.41848683357
771.251441 1.31852793694
772.829294 1.31836700439
774.156233 1.31840586662
775.632029 1.46855187416
777.008065 1.36840605736
778.384259 1.36861109734
779.659717 1.26814603806
781.085842 1.41855788231
782.571217 1.16817808151
783.996686 1.41843605042
785.521907 1.51853489876
787.047299 1.51864695549
788.522476 1.46835613251
790.048504 1.51868391037
791.373657 1.31827878952
792.848819 1.46841907501
794.324327 1.46849703789
795.79954 1.46846294403
797.17451 1.36821603775
798.800233 1.618724823
800.175219 1.36829614639
801.700315 1.51843309402
803.647051 1.46861886978
804.973879 1.3183259964
806.815696 1.51868200302
807.991462 1.16814184189
809.217908 1.21853303909
810.444389 1.21867799759
811.620728 1.1683781147
812.796761 1.16833996773
814.024887 1.21846008301
815.200613 1.16827297211
816.327026 1.1183719635
817.552622 1.21818494797
818.628397 1.06810522079
819.804232 1.16817998886
821.029987 1.2184009552
822.306573 1.26848006248
823.532846 1.21850395203
824.708295 1.1681060791
826.225542 1.26834702492
827.600988 1.36828994751
829.026716 1.41864800453
830.602089 1.56861591339
831.877348 1.26822805405
833.403237 1.51883101463
834.88099 1.26830911636
836.20805 1.31841301918
837.533975 1.3183350563
838.960029 1.41850996017
840.285441 1.31810092926
841.91155 1.61873817444
843.287386 1.36833906174
844.612926 1.31823682785
845.888722 1.26826810837
847.314646 1.41867494583
