1.333636 1.0677549839
2.271884 0.917629003525
2.995989 0.717303037643
4.822275 1.81935882568
5.446201 0.617135047913
6.670616 1.21798110008
7.945491 1.26793909073
8.519555 0.567106962204
9.042907 0.517128944397
10.317113 1.26798510551
11.891833 1.56853795052
12.465902 0.567019939423
12.989679 0.516980886459
13.563893 0.567144870758
15.239288 1.66896390915
15.813158 0.56706404686
16.409632 0.517008066177
16.98349 0.567265033722
17.601264 0.567065000534
18.17486 0.567095994949
18.698124 0.517021179199
19.221945 0.517028808594
19.74615 0.517134189606
21.872844 2.11977791786
22.397206 0.517228126526
22.972014 0.567263126373
24.497689 1.51872992516
25.022546 0.517337083817
26.082732 0.918140172958
26.657131 0.567466974258
27.231179 0.567220926285
27.805498 0.567235946655
28.379642 0.56730389595
28.953668 0.56717300415
29.528014 0.567183971405
30.702949 1.16808605194
31.434562 0.567342042923
31.959682 0.517202854156
32.533575 0.567201137543
33.107906 0.567358970642
33.669039 0.517270088196
34.19298 0.517181873322
34.840449 0.567286968231
35.414172 0.567265987396
35.93753 0.517154932022
36.510996 0.567317008972
37.034266 0.517072916031
37.608063 0.567281961441
38.131439 0.51719212532
39.395047 1.21813797951
41.170589 1.76904511452
41.844152 0.667325019836
43.469213 1.61888885498
44.063255 0.567193984985
44.987211 0.917783021927
45.56051 0.567139148712
46.985586 1.41862607002
47.55917 0.567359924316
48.987175 1.26833486557
49.51113 0.517155885696
50.085565 0.567361116409
50.65959 0.567245006561
51.233819 0.56734418869
53.310694 2.06970405579
55.036493 1.71902894974
55.560835 0.517199039459
56.084335 0.517215967178
56.608357 0.517189025879
57.132678 0.517248868942
57.656725 0.517251968384
58.638706 0.817713975906
60.013554 1.36857700348
60.589676 0.567595005035
61.163378 0.567378997803
62.64315 1.21859502792
63.218688 0.567435026169
63.792771 0.567269802094
65.36851 1.56899189949
66.14326 0.767655849457
67.568825 1.41880106926
68.844364 1.26840090752
69.51853 0.667434930801
70.092537 0.567295074463
71.368126 1.26837015152
72.235262 0.817816019058
72.809715 0.56743812561
73.58087 0.567390203476
74.154967 0.567286014557
74.729032 0.567290782928
75.303535 0.567399024963
75.97845 0.667647123337
76.553036 0.56734919548
77.42825 0.817732095718
78.002465 0.567351102829
78.576953 0.567338943481
79.351473 0.767685890198
79.926569 0.567567110062
80.650163 0.567346096039
81.224508 0.567291021347
81.798594 0.567249059677
82.32261 0.517157793045
82.84671 0.517290115356
83.370794 0.517210960388
83.895305 0.517320871353
85.921863 2.01967787743
86.496536 0.567500114441
87.073272 0.567488193512
87.64561 0.517266988754
88.4885 0.567538022995
89.013719 0.51736497879
89.587366 0.567447185516
90.16113 0.567365169525
90.835152 0.667495965958
91.408705 0.567329883575
91.932141 0.517158031464
93.116033 0.918067932129
93.691278 0.567385196686
94.41555 0.71749997139
95.640703 1.21841812134
96.215663 0.567564964294
98.542562 2.32016801834
99.117049 0.567384958267
100.993106 1.86933588982
101.567071 0.567224979401
102.361549 0.567414999008
103.286323 0.917817831039
104.561583 1.26826500893
105.136508 0.567426919937
105.710732 0.567277908325
106.285652 0.567477941513
107.410514 1.11796617508
107.984996 0.567355871201
108.559188 0.5673391819
109.133338 0.567322969437
109.708074 0.567631006241
110.427444 0.567399978638
111.001992 0.567360162735
111.526141 0.517237901688
112.10037 0.567357063293
112.675108 0.567414999008
113.199254 0.51726102829
115.176132 1.96957921982
117.302868 2.11982607841
119.329925 2.01984214783
119.854428 0.517286062241
120.42884 0.567461013794
121.04281 0.567423820496
121.616999 0.567245006561
122.416017 0.56759095192
124.043255 1.36880612373
124.819634 0.767899036407
126.495733 1.66927886009
127.019807 0.517312049866
127.594328 0.567452907562
128.168488 0.56733083725
130.044978 1.86939787865
130.619408 0.567471981049
131.894443 1.26824593544
133.169927 1.26841807365
133.693905 0.517166137695
134.268586 0.567435979843
134.992834 0.717469930649
135.566998 0.567358016968
136.141339 0.56728720665
137.022699 0.567310094833
137.596637 0.567331075668
139.221904 1.61903691292
139.796528 0.567469835281
140.370703 0.567254066467
141.044849 0.667279005051
141.621225 0.567347049713
142.145602 0.517385959625
143.221068 1.06817698479
143.795311 0.567312002182
144.319524 0.517296791077
145.495116 1.16836190224
147.220243 1.5691640377
147.821594 0.567333936691
148.396286 0.567445993423
148.92002 0.517250061035
149.444593 0.517343997955
149.969052 0.517413139343
150.49349 0.517405033112
151.018255 0.517395973206
152.742623 1.56923007965
153.533736 0.567789793015
154.459993 0.918056964874
155.034531 0.567424058914
155.611028 0.567467927933
156.435848 0.817844152451
156.960046 0.517251968384
158.986927 2.01965308189
160.963371 1.61914110184
162.689439 1.71978116035
163.263191 0.567435026169
163.837282 0.567450046539
164.511137 0.667479038239
165.035244 0.517451047897
165.559702 0.517522096634
166.133293 0.56729888916
168.159814 2.01995491982
170.586735 2.42034602165
171.261175 0.667851924896
171.784699 0.517242908478
172.308571 0.517293930054
172.882234 0.567388057709
173.656269 0.767634868622
174.18014 0.517269849777
175.449191 1.06814408302
175.97344 0.51728105545
176.548072 0.567363023758
177.072391 0.517307043076
177.647142 0.567504882812
178.171459 0.517241954803
178.74641 0.567510843277
179.270672 0.517275094986
179.844967 0.567337036133
181.821945 1.96965503693
182.396505 0.567312002182
