1.707305 1.4177980423
3.18302 1.468105793
4.657043 1.46795797348
5.931815 1.26794481277
7.35647 1.41799092293
8.731215 1.36793088913
9.955555 1.21773791313
11.479934 1.51825594902
12.738746 1.21771001816
14.063627 1.31801390648
15.538498 1.46805119514
16.963446 1.41804599762
18.408163 1.41811084747
19.782996 1.36817193031
21.308179 1.51827502251
23.019524 1.41828393936
24.244139 1.21832203865
25.768859 1.5185508728
26.993109 1.21804094315
28.518217 1.51862001419
29.661219 1.11789298058
30.88543 1.2179620266
32.279783 1.16810917854
33.655911 1.3683719635
35.084404 1.26810789108
36.40943 1.31809902191
37.784296 1.3682179451
39.309283 1.51831412315
40.676518 1.31817913055
42.101413 1.41820788383
43.410486 1.2182328701
44.735411 1.3182258606
45.910319 1.16797089577
47.235151 1.3181219101
48.559844 1.31826901436
49.634053 1.06809806824
50.958799 1.31804895401
52.233917 1.26814889908
53.608713 1.36813783646
54.733377 1.11793613434
56.008497 1.26818704605
57.133222 1.11796188354
58.208146 1.06798410416
59.282591 1.06776189804
60.518783 1.1180369854
61.793811 1.2683339119
63.195161 1.16802215576
64.220898 1.01784801483
65.295501 1.06791114807
66.420771 1.11812210083
67.696124 1.26830387115
69.071197 1.36824798584
70.29653 1.21838593483
71.421424 1.11821603775
72.396211 0.967784881592
73.420978 1.0180170536
74.952598 1.41832780838
76.177397 1.2180480957
77.452484 1.26808309555
78.577026 1.11782598495
79.535023 0.917643785477
80.559845 1.01774406433
81.733924 1.16794490814
82.958943 1.21801686287
84.033546 1.06789898872
84.890844 0.817523002625
86.06629 1.16811203957
87.09087 1.01791000366
88.238427 1.06780600548
89.463451 1.21804308891
90.986042 1.468572855
92.010414 1.01789689064
92.984948 0.967796087265
94.185851 0.967787027359
95.161645 0.96781206131
96.386475 1.21802902222
97.362112 0.967916965485
98.286648 0.917755126953
99.51139 1.21805000305
100.501593 0.967718839645
101.75887 1.11809897423
103.084112 1.31829810143
104.0089 0.917757987976
104.983572 0.967890977859
106.358916 1.36833906174
107.483748 1.11800193787
108.408179 0.917705059052
109.382824 0.967915058136
110.407685 1.01772999763
111.432199 1.01775312424
112.407078 0.967762947083
113.615344 1.11792898178
114.640512 1.01779699326
115.815336 1.16808009148
116.940568 1.11815309525
117.931792 0.917638778687
119.00673 1.06792902946
120.382058 1.36840510368
121.406869 1.01781082153
122.431512 1.01784110069
124.046845 1.5183608532
125.611122 1.31829309464
127.137634 1.51850605011
128.162166 1.01780700684
129.287087 1.1179049015
130.862256 1.56849312782
132.287292 1.41831898689
133.612354 1.31809902191
134.837341 1.21807789803
136.16261 1.31820178032
137.387232 1.21795701981
138.812186 1.41825699806
140.037327 1.21802997589
141.362199 1.31814694405
142.737476 1.36829710007
143.95453 1.11792802811
145.17699 1.16794204712
146.402074 1.21801519394
147.526678 1.11785507202
148.725884 1.1181101799
149.90061 1.16791296005
151.125593 1.21796894073
152.350335 1.21792006493
153.424695 1.06788802147
154.649589 1.21809411049
156.053695 1.06811404228
157.2794 1.21807408333
158.454214 1.1680021286
159.657923 1.11805605888
160.783053 1.11796212196
161.907864 1.11805510521
163.082823 1.16787815094
164.382608 1.21825909615
165.50734 1.11792993546
166.714784 1.1181499958
167.789474 1.06789684296
169.014819 1.21820116043
170.389796 1.36818194389
172.004155 1.41839408875
173.129099 1.11795210838
174.35385 1.21795892715
175.707747 1.26815104485
177.082692 1.36816978455
178.780854 1.51838207245
180.156121 1.36814498901
181.38093 1.21803689003
182.656089 1.26809000969
