1.870212 1.51875901222
3.2469 1.36860394478
4.77147 1.5182158947
6.295908 1.51830005646
7.921303 1.61849808693
9.546202 1.61871004105
11.271125 1.71876502037
12.746244 1.46816897392
14.22067 1.46827697754
15.995897 1.76877403259
17.471539 1.468501091
18.996513 1.51876997948
20.621762 1.61881899834
22.097637 1.46871709824
23.623845 1.5192990303
25.099946 1.46876811981
26.683244 1.46902298927
28.107712 1.4182510376
29.782843 1.66870999336
31.257674 1.46858596802
32.947571 1.46894884109
34.374561 1.41872787476
35.899789 1.51850104332
37.667135 1.51906704903
39.142911 1.46878910065
40.918475 1.76892614365
42.545812 1.3682448864
44.171265 1.61871600151
45.396507 1.21827697754
46.821605 1.41846108437
48.246679 1.41840910912
49.822344 1.56868577003
51.678622 1.46874713898
52.95442 1.26857495308
54.07982 1.11831903458
55.304897 1.21829414368
56.529895 1.21828103065
57.704685 1.1681098938
58.930016 1.21824598312
60.205031 1.26828503609
61.63115 1.41885709763
63.057928 1.21858000755
64.334733 1.26854991913
65.56044 1.21866393089
66.786233 1.21868491173
68.012356 1.21864700317
69.237905 1.21855092049
70.564066 1.31870698929
72.118155 1.36904382706
73.34366 1.21840596199
74.569167 1.21839189529
75.744895 1.16862916946
76.970887 1.21852087975
78.296795 1.3187520504
79.422317 1.11838102341
80.598217 1.16851806641
81.923821 1.31855916977
83.149357 1.21839499474
84.474564 1.31843996048
85.699609 1.21821784973
86.925138 1.21841216087
88.216565 1.26835298538
89.542687 1.31867718697
90.71841 1.1684679985
92.389691 1.46917319298
93.934898 1.31910896301
95.312507 1.36884903908
96.88894 1.56918501854
98.415439 1.51904296875
99.991667 1.56906795502
101.417615 1.41878509521
103.344743 1.91960310936
104.870922 1.51891899109
106.298613 1.41886687279
107.824347 1.51880598068
109.250303 1.41895508766
110.8261 1.56866717339
112.201522 1.36860585213
113.427589 1.21857690811
114.703423 1.26871585846
116.510429 1.36902093887
117.786292 1.26867294312
119.011991 1.2185549736
120.138031 1.11848902702
121.363824 1.21859502792
122.589436 1.2184112072
123.915068 1.31846904755
125.341732 1.21844887733
126.618995 1.26872682571
127.895163 1.26886296272
129.222132 1.26898694038
130.499456 1.26891088486
131.824918 1.31868696213
132.900286 1.06820011139
134.156831 1.21840286255
135.382795 1.21854400635
137.140616 1.47015500069
138.317744 1.16903805733
139.594181 1.26869487762
140.919862 1.31852078438
141.994874 1.0679898262
143.120022 1.11825680733
144.295373 1.16822481155
145.521227 1.21865701675
147.349117 1.82008600235
148.674483 1.31852793694
149.749671 1.06811404228
150.950736 1.16826915741
152.175906 1.21834921837
153.501408 1.31833195686
154.676502 1.16825509071
155.991697 1.06815600395
157.685133 1.51882505417
158.910126 1.21822094917
160.086958 1.1684551239
161.211925 1.11817502975
162.537076 1.3183529377
163.662368 1.11811590195
164.83762 1.16821980476
165.962578 1.11816692352
167.188525 1.21849799156
168.414023 1.21845817566
169.53999 1.1182410717
170.715161 1.16839694977
171.840556 1.11835384369
172.965845 1.11816596985
174.341298 1.36849999428
175.567491 1.21870517731
177.058448 1.31901812553
178.283913 1.21868491173
179.561293 1.26955103874
180.735639 1.16819095612
182.110381 1.3685259819
183.735989 1.6190328598
184.860453 1.11812496185
186.08584 1.21873378754
187.643692 1.3689968586
188.970282 1.31852006912
190.396703 1.4191699028
191.672668 1.26889705658
192.998257 1.31856107712
194.273937 1.26858997345
195.950999 1.66954708099
197.177826 1.21900010109
199.221502 1.6694829464
200.597014 1.36892104149
202.173114 1.56947803497
203.50037 1.31859517097
204.675749 1.16831588745
205.854451 1.16871094704
207.130844 1.26898002625
208.357599 1.21894693375
209.534797 1.16886496544
210.66043 1.11836314201
211.786667 1.11849498749
212.962954 1.16911506653
214.289104 1.31891918182
215.515333 1.21860003471
216.641791 1.11880397797
218.041071 1.16936588287
220.42098 2.02034306526
221.546632 1.11839985847
222.77297 1.21874380112
223.898525 1.11843585968
225.124052 1.21845006943
226.400254 1.26868891716
227.625521 1.21833300591
228.950757 1.31835412979
230.126322 1.16832494736
231.201277 1.06801819801
232.426943 1.21847701073
233.652281 1.21841788292
234.878111 1.21850681305
236.003561 1.11824703217
237.228921 1.21828508377
238.353838 1.11805891991
239.932788 1.41891598701
241.108555 1.16834211349
242.233671 1.11815404892
243.459201 1.21853494644
244.584849 1.11833000183
245.710156 1.11840200424
246.835662 1.11823892593
248.261283 1.41865897179
249.574307 1.11830091476
250.750877 1.16840910912
251.876177 1.11831998825
253.15178 1.2683930397
254.377217 1.21846795082
255.652599 1.26848006248
256.82817 1.16837692261
258.003393 1.16831898689
259.856963 1.56926822662
261.282248 1.41868519783
262.908391 1.61918115616
264.333812 1.41882681847
265.708562 1.36837482452
267.133802 1.41863107681
268.608722 1.46851992607
269.983573 1.36853909492
271.559074 1.5688598156
273.033922 1.46861815453
274.409312 1.36872220039
276.135795 1.71954798698
277.711689 1.56927800179
279.237071 1.51886296272
280.966758 1.46871399879
282.445083 1.46854400635
284.015099 1.3688120842
285.291917 1.26869511604
286.416792 1.11796879768
287.642266 1.21822190285
288.717273 1.06804013252
289.793318 1.06829500198
290.918493 1.11817383766
291.993411 1.06796312332
293.169007 1.16830086708
294.544567 1.36852502823
295.721372 1.16832113266
296.997022 1.26868104935
298.272872 1.26880598068
299.448597 1.16840291023
300.624287 1.16831302643
301.800467 1.16848015785
303.446938 1.36891198158
304.773315 1.31897211075
305.949265 1.16843795776
307.075167 1.11861395836
308.251285 1.16865897179
309.42732 1.16838002205
310.558229 1.11976289749
312.08456 1.16900587082
313.162286 1.0687251091
314.288078 1.11849284172
315.46405 1.16859292984
316.690539 1.21882796288
317.815755 1.11819005013
318.992169 1.16868400574
320.117412 1.11829185486
321.242797 1.1182949543
322.758933 1.3191049099
323.835315 1.06872296333
325.060581 1.21822810173
326.186023 1.11817479134
327.362581 1.16848993301
328.538207 1.16828298569
329.663724 1.11820912361
330.889561 1.21851110458
332.516546 1.61950206757
333.692762 1.16845798492
334.867938 1.16817498207
336.158385 1.26846194267
337.383731 1.21830415726
338.659023 1.26833295822
339.93558 1.26901197433
341.060887 1.11816382408
343.145359 1.61957812309
344.321312 1.16822195053
345.597134 1.2685008049
346.772289 1.16806507111
348.59899 1.81944990158
349.774512 1.16829395294
350.949887 1.16822195053
352.177433 1.21866106987
353.402893 1.21844100952
354.678476 1.26847410202
355.803962 1.11819410324
356.979436 1.16843795776
358.105004 1.11829614639
359.230478 1.11827492714
360.506161 1.2684879303
361.732001 1.2184278965
