1.840548 1.41803097725
3.316311 1.46829891205
4.84064 1.51809191704
6.414996 1.5682349205
7.990065 1.56819486618
9.664621 1.66840291023
11.139152 1.46816802025
12.564054 1.41824793816
14.138556 1.56834602356
15.663402 1.51831007004
17.188052 1.51845502853
18.712537 1.51832604408
20.236942 1.51829886436
21.562156 1.31805205345
23.087299 1.51835489273
24.562127 1.46865200996
26.031085 1.36823487282
27.356553 1.31836295128
28.931838 1.56848716736
30.407088 1.46840310097
32.027199 1.36817002296
33.653906 1.61862492561
35.028796 1.36824989319
36.404006 1.36826896667
37.85178 1.41828393936
39.276613 1.41812896729
40.601678 1.31811690331
42.076902 1.46856188774
43.702702 1.61881804466
45.077703 1.36833882332
46.452571 1.36819195747
47.927978 1.46844887733
49.363572 1.36837601662
50.888532 1.51850199699
52.212825 1.31821513176
53.737283 1.51835203171
55.16171 1.4183011055
56.636457 1.46861696243
58.011162 1.36823487282
59.335443 1.31811690331
60.709803 1.36823606491
62.2845 1.36829996109
63.610515 1.31826806068
64.935275 1.31804513931
66.460316 1.51834487915
68.13583 1.66859197617
69.460806 1.31815910339
70.835965 1.36826014519
72.511117 1.51852893829
74.035783 1.51844906807
75.36064 1.31832194328
76.835103 1.46833109856
78.359618 1.51836109161
79.834419 1.46848797798
81.158693 1.31824612617
82.733572 1.56858992577
84.108262 1.36835002899
85.532674 1.41829705238
87.157441 1.61870288849
88.632123 1.46834897995
89.956382 1.31822013855
91.380792 1.4183318615
92.950735 1.3683590889
94.477057 1.51860117912
95.995055 1.36820316315
97.420574 1.41843104362
98.795675 1.36832022667
100.170801 1.36831283569
101.652441 1.41830706596
103.077692 1.41849994659
104.40305 1.3183028698
105.778552 1.36844396591
107.253637 1.46834397316
108.628947 1.36826109886
110.003955 1.36826705933
111.32934 1.31828117371
112.747355 1.36835813522
114.072325 1.31816411018
115.447913 1.3685760498
116.772881 1.31820011139
118.211825 1.31844091415
120.087056 1.86904406548
121.361641 1.2683570385
122.836364 1.46854615211
124.682475 1.66890788078
126.058857 1.36848402023
127.534349 1.46859383583
129.059738 1.51857018471
130.585459 1.51863598824
131.910519 1.31830787659
133.336096 1.41850590706
134.611381 1.26840901375
136.086688 1.46848487854
137.513545 1.41847801208
139.139129 1.61883401871
140.464514 1.31825304031
142.122614 1.51863598824
143.347085 1.21819806099
144.921937 1.56864213943
146.49672 1.56854581833
148.045087 1.51845097542
149.620118 1.56876587868
151.044953 1.41864299774
152.469893 1.41846513748
153.944607 1.46848201752
155.489552 1.31830716133
157.016206 1.51853013039
158.541536 1.51855897903
160.117271 1.56863498688
161.64253 1.5185110569
163.117792 1.46842813492
164.643285 1.51846718788
166.040489 1.26835203171
167.665478 1.61877894402
169.240213 1.56851100922
170.815566 1.56885004044
172.340318 1.51850390434
173.764908 1.41836500168
175.340009 1.56883621216
176.765438 1.41884303093
178.240112 1.46842193604
179.814897 1.56857204437
181.289533 1.46840691566
182.864724 1.56864309311
184.389486 1.51851582527
186.042849 1.41850614548
187.469482 1.41850805283
188.844739 1.36839818954
190.466492 1.41841387749
191.891008 1.41834115982
193.315995 1.41843700409
194.79061 1.46842980385
196.415525 1.61873412132
197.739999 1.3182990551
199.21514 1.46863889694
200.639594 1.41825604439
202.014949 1.36886501312
203.33973 1.31830000877
204.764379 1.41842889786
206.289014 1.51843380928
207.685251 1.36846518517
209.109874 1.41834211349
210.63452 1.51849198341
212.159559 1.51853299141
213.618254 1.31836605072
214.843694 1.21823501587
216.180381 1.1681740284
217.457178 1.26832890511
218.804218 1.31832814217
220.179941 1.36845302582
221.405032 1.21824884415
222.630131 1.21821212769
223.805434 1.16818499565
225.130835 1.3185069561
226.456405 1.31835103035
227.781559 1.31828117371
229.056681 1.26821708679
230.281911 1.21816897392
231.507158 1.21831917763
232.782598 1.26829218864
234.154565 1.26813483238
235.330038 1.16819596291
236.855665 1.51874804497
238.031015 1.16820383072
239.556656 1.51863193512
240.781717 1.21818184853
242.00721 1.2182431221
243.38249 1.36839389801
244.507855 1.11812281609
245.732964 1.21817708015
247.184926 1.21822690964
248.411381 1.21832513809
249.88703 1.46866893768
251.16219 1.26829099655
252.437914 1.2683699131
253.863361 1.41852378845
255.242906 1.26839518547
256.418121 1.16826486588
257.593196 1.16819500923
258.718423 1.11800503731
259.993764 1.26836180687
261.119228 1.11819410324
262.394473 1.268253088
263.519428 1.11802911758
264.745019 1.21832799911
265.970223 1.21827507019
267.09535 1.11815595627
268.320914 1.21833300591
269.545996 1.21816897392
270.871787 1.31854486465
272.046878 1.16820883751
273.322162 1.26833105087
274.556307 1.11813616753
275.881812 1.31833004951
277.206955 1.3182721138
278.593 1.11806893349
280.019522 1.41846394539
281.244609 1.2181968689
282.470134 1.21835207939
283.595201 1.118090868
284.720097 1.11803007126
285.995551 1.26825904846
287.120465 1.11796998978
288.596725 1.46863913536
289.671554 1.06797099113
291.147099 1.46864891052
292.672982 1.51864004135
293.847901 1.16807079315
295.04148 1.06790494919
296.216871 1.16812705994
297.491922 1.26817584038
299.218623 1.71896195412
300.34364 1.11803507805
301.668858 1.31833815575
302.994508 1.3184659481
304.219557 1.21816110611
305.431526 1.16826200485
306.5567 1.11807012558
307.731699 1.16807699203
308.975633 1.06799983978
310.101819 1.11821293831
311.276832 1.16810202599
312.451794 1.16804099083
313.627195 1.16822814941
315.107559 1.36860489845
316.266294 1.11810302734
317.541478 1.26819682121
318.766884 1.21817803383
319.891865 1.1179690361
321.217482 1.31836390495
322.743058 1.51861691475
323.817969 1.06795620918
324.992852 1.16796803474
326.218494 1.21831297874
327.493693 1.26821494102
328.618967 1.11803603172
329.84412 1.21818399429
331.169361 1.31828713417
332.294613 1.11802911758
333.670132 1.36854910851
335.040772 1.26824998856
336.216146 1.1681330204
337.391132 1.16801118851
338.553034 1.1181678772
340.109702 1.31839299202
341.235759 1.11799788475
342.360645 1.11795401573
343.485552 1.1179869175
344.660866 1.16802096367
345.835871 1.16807413101
347.011366 1.16822814941
348.436722 1.41843008995
349.712202 1.26819896698
350.887621 1.16821098328
352.06276 1.16811394691
353.238242 1.16824102402
354.612753 1.2681350708
355.838204 1.21819591522
357.11342 1.26822686195
358.23879 1.11810302734
359.363831 1.11805200577
360.489238 1.1181268692
361.765652 1.26945495605
362.890545 1.11792111397
364.066015 1.16817188263
365.19118 1.11800503731
366.417111 1.21830487251
367.64223 1.21817398071
368.817393 1.16817712784
370.253478 1.21817111969
371.479736 1.21820998192
372.604883 1.11796188354
373.906277 1.11807394028
375.28173 1.36848521233
376.507169 1.21841001511
377.782756 1.26822900772
379.40949 1.36838197708
380.534889 1.11808395386
381.760064 1.2181828022
382.885144 1.11803913116
384.437282 1.41859412193
385.662429 1.21815991402
386.887733 1.21823906898
388.263727 1.36860585213
389.510696 1.21805906296
390.636224 1.11817193031
391.961556 1.31829690933
393.186831 1.21827602386
395.965444 1.81920695305
397.090878 1.11807084084
398.366259 1.26835989952
399.591424 1.21811795235
400.85931 1.06808590889
402.186063 1.3185198307
403.411358 1.21825098991
404.636776 1.21839809418
405.762282 1.11809492111
406.837347 1.06805491447
407.962916 1.11822986603
409.188146 1.21815800667
410.313223 1.11800694466
411.664189 1.26827287674
412.88944 1.21825098991
414.11494 1.2181801796
415.847397 1.46853089333
417.322713 1.46864914894
418.747482 1.41838717461
420.122298 1.36845207214
421.598968 1.46871185303
422.923602 1.31826901436
424.448588 1.51854205132
425.823827 1.36854815483
427.299021 1.46878218651
428.824126 1.51863098145
430.299383 1.46853899956
431.828719 1.31870603561
433.205361 1.36846399307
434.630837 1.41852784157
436.156419 1.51859879494
437.431956 1.26831293106
439.522053 1.6688041687
440.747418 1.21815705299
442.073121 1.31836009026
443.198196 1.11805081367
444.423376 1.21814680099
445.699355 1.26838898659
446.874547 1.16813993454
447.899829 1.01790595055
449.125109 1.21822810173
450.350351 1.21823406219
451.525888 1.1681830883
452.807215 1.21814608574
454.183162 1.36857008934
455.508691 1.31844806671
456.884142 1.3684091568
458.110809 1.21822810173
459.530205 1.3183350563
460.956136 1.41851782799
462.342203 1.16828799248
463.463802 1.06829690933
464.639069 1.16811704636
465.965005 1.31856203079
467.09025 1.11815094948
468.165394 1.06806612015
469.291445 1.11803102493
470.366529 1.06801915169
471.442211 1.06827402115
472.61743 1.16819810867
473.942884 1.31840205193
475.068463 1.11818385124
476.19363 1.11807703972
477.31917 1.11818504333
479.014883 1.51869416237
480.190117 1.1681189537
481.76648 1.56884384155
482.841537 1.06796383858
483.91699 1.06805896759
485.142403 1.21833300591
486.21739 1.06790089607
487.342869 1.11811590195
488.668292 1.31830096245
489.94404 1.26831197739
491.069285 1.11815690994
492.144326 1.06793308258
493.475233 1.06805896759
494.651651 1.16820693016
495.877022 1.21830797195
496.952094 1.06802201271
498.891153 1.5686647892
500.116846 1.21832108498
501.292054 1.16814613342
502.517623 1.21825098991
503.79005 1.21826100349
504.865748 1.06829810143
506.040934 1.16812896729
507.116118 1.06796908379
508.291803 1.16825199127
509.387108 1.06797504425
510.512731 1.11818599701
511.888355 1.36852192879
513.013507 1.11808991432
514.289351 1.26845288277
515.414507 1.11806702614
516.590967 1.16827487946
518.227711 1.46856999397
519.403618 1.16847014427
520.513897 1.06808304787
521.789814 1.26847910881
522.86515 1.06817102432
524.128049 1.01801681519
525.204435 1.06800889969
526.379726 1.16818904877
527.555411 1.16819691658
528.680664 1.11811995506
529.805876 1.11808395386
530.881412 1.0681219101
532.056761 1.16816616058
533.232487 1.16829800606
534.45776 1.2181930542
535.582893 1.118019104
537.561702 1.51870679855
539.136818 1.56866693497
540.461754 1.31819701195
541.93666 1.46838307381
543.361482 1.41835808754
544.786869 1.41865897179
546.211714 1.41836309433
547.586365 1.36818099022
548.913132 1.31846117973
550.288075 1.36845016479
551.713164 1.41860508919
553.25515 1.5188999176
554.857732 1.31833815575
556.284378 1.41840815544
557.75981 1.46842598915
559.235721 1.46862196922
560.841473 1.36853003502
561.966797 1.11815714836
563.192553 1.21828389168
564.568294 1.36856722832
565.74358 1.16819882393
566.91923 1.16820716858
568.094507 1.16814017296
569.319894 1.21821689606
570.445373 1.11808609962
571.607 1.11804699898
572.682492 1.06806206703
573.857673 1.16806101799
574.932871 1.0680308342
576.0584 1.11810994148
577.133675 1.06809902191
578.30947 1.16835093498
580.12583 1.46869206429
581.301402 1.16838812828
582.477271 1.16829109192
583.702843 1.21837687492
585.043965 1.06811380386
586.120422 1.06806302071
587.245658 1.11809515953
588.521103 1.26827478409
589.69677 1.16823101044
590.87208 1.16813206673
591.997756 1.11822414398
593.12297 1.11804103851
594.298278 1.16817498207
595.473877 1.16816306114
596.649233 1.16816592216
597.975176 1.31851100922
599.500607 1.31851005554
600.575827 1.06801795959
601.701403 1.11809897423
602.826588 1.11799478531
603.903683 1.0680577755
605.079149 1.16823601723
606.305105 1.21841692924
607.380338 1.06800889969
608.555723 1.16814088821
609.881637 1.31835794449
611.00679 1.11796712875
612.132605 1.11821389198
613.257847 1.11802411079
614.333122 1.06798815727
615.735095 1.16828513145
616.861546 1.11817097664
619.042905 1.71889686584
620.468197 1.41845488548
621.943153 1.46847510338
623.318114 1.36846208572
624.793486 1.46856713295
626.268488 1.46850204468
627.793569 1.51854801178
629.118422 1.31838083267
630.443729 1.31839799881
631.968867 1.51860284805
633.544003 1.56859207153
634.869241 1.31838512421
636.294187 1.41844010353
637.719367 1.41848802567
639.244732 1.51852607727
640.719854 1.46851301193
642.300191 1.3686850071
643.425494 1.11805415154
644.901256 1.46857094765
646.159504 1.06814599037
647.286152 1.11827778816
648.411583 1.11823010445
649.536829 1.11801981926
650.962904 1.41858100891
652.138253 1.1681599617
653.26396 1.11817097664
654.439356 1.16812419891
655.514997 1.06809282303
656.590377 1.06804490089
657.615599 1.01797819138
658.742478 1.11818909645
660.168412 1.41868400574
662.006196 1.4685549736
663.197539 1.11821484566
664.273021 1.06807684898
665.698719 1.41845417023
666.824363 1.11812496185
667.899503 1.06796216965
669.275087 1.36836504936
670.801347 1.51873588562
671.92663 1.11807179451
673.102491 1.16834497452
674.227867 1.11806082726
675.303022 1.06796312332
676.816746 1.16823005676
677.943068 1.118060112
679.318851 1.36849212646
680.49411 1.1680150032
682.174971 1.26843285561
683.350735 1.16816902161
684.626284 1.26832389832
685.701552 1.06796908379
686.927442 1.21837115288
688.00272 1.06800699234
689.128449 1.11818408966
690.404019 1.26838207245
691.602462 1.16818618774
692.728115 1.11812591553
693.853555 1.11819911003
694.978959 1.11808991432
696.054515 1.0680398941
697.280189 1.21839189529
698.355917 1.06814694405
699.731693 1.36852097511
701.836161 1.6689119339
703.461735 1.61869716644
704.836595 1.36827492714
706.261493 1.41836905479
707.900986 1.41866493225
709.277944 1.36861491203
710.603668 1.31850910187
712.179535 1.56868100166
713.556788 1.36853790283
715.132672 1.56875491142
716.859105 1.71898698807
718.384832 1.51858496666
720.010722 1.6188018322
721.386617 1.36841607094
722.962503 1.56874394417
724.33849 1.36851906776
726.002655 1.41894292831
727.228097 1.2181968689
728.353575 1.11803507805
729.529007 1.16820907593
730.654639 1.11813187599
731.830054 1.1681330204
733.005981 1.16832900047
734.431837 1.41860294342
735.657776 1.21832704544
736.68319 1.01810193062
738.032695 1.11813998222
739.109016 1.06796503067
740.284378 1.16815805435
741.460125 1.16815900803
742.735693 1.26834416389
743.810944 1.0679910183
745.7362 1.56891107559
746.811944 1.06815814972
747.937497 1.11828398705
749.096371 1.11815094948
750.172339 1.06834697723
751.347935 1.16829490662
752.423656 1.06806707382
753.699291 1.2683839798
754.824526 1.11794114113
755.950229 1.11812591553
757.175668 1.21816110611
758.50177 1.31849789619
759.627144 1.11806488037
760.75254 1.11803102493
761.878354 1.11822795868
762.953735 1.06808900833
764.436208 1.16813087463
765.761187 1.31838703156
767.38712 1.61897397041
768.983525 1.36845302582
770.510709 1.51870703697
771.886425 1.36852192879
773.412439 1.51870989799
774.78848 1.36854100227
776.214294 1.41860485077
777.790617 1.56879615784
779.416697 1.61872506142
780.69223 1.26832008362
782.118318 1.41859292984
783.594217 1.4686961174
785.320809 1.71904611588
786.646369 1.31836915016
788.835016 1.76883983612
789.935045 1.06803679466
791.060634 1.11820101738
792.186377 1.11814904213
793.361992 1.1682779789
794.68778 1.31847310066
795.813708 1.11819505692
796.989195 1.16817092896
798.21497 1.21819710732
799.51502 1.06793904305
800.641576 1.11813092232
801.766932 1.11803507805
802.892256 1.11805105209
804.017944 1.11811995506
805.093179 1.06798887253
806.268821 1.16814208031
807.772999 1.31836390495
808.948431 1.1680688858
810.074086 1.11807203293
811.199397 1.11802792549
812.325217 1.11803603172
813.651102 1.31859397888
814.726313 1.06790113449
815.853622 1.11816096306
816.979232 1.11827707291
818.054908 1.06804394722
819.230508 1.16827702522
820.305932 1.06796097755
821.481911 1.16833996773
822.607304 1.11806201935
823.733113 1.11814403534
824.80854 1.0681219101
826.825005 1.66885089874
827.950581 1.11824202538
829.226846 1.26841187477
830.498525 1.01799297333
831.625437 1.11834216118
832.750946 1.11812400818
833.876904 1.11821603775
835.052735 1.16831493378
836.128319 1.06815695763
837.254173 1.11820912361
838.279552 1.01799297333
839.456738 1.16827392578
840.632269 1.16821789742
841.707778 1.0681848526
842.783484 1.06806111336
843.858845 1.06801915169
