1.861369 1.51815295219
3.18694 1.3179910183
4.662138 1.46834206581
6.137483 1.46847701073
7.311999 1.16782307625
8.636297 1.31789588928
10.211423 1.56837892532
11.386057 1.16772794724
13.034225 1.46810603142
14.458346 1.41797804832
15.983405 1.51814103127
17.457997 1.46818614006
18.882978 1.41820406914
20.45823 1.56826496124
21.632789 1.1678340435
23.157832 1.51835298538
24.38052 1.16800093651
25.805157 1.41827392578
27.129498 1.31814098358
28.905217 1.76893591881
30.279768 1.36817288399
31.876426 1.3682179451
33.45272 1.5685839653
35.027703 1.56840920448
36.402703 1.36809110641
37.878106 1.46843314171
38.85246 0.967772006989
40.377562 1.5182390213
41.639208 1.21822714806
42.964278 1.31820201874
44.188784 1.21795678139
45.294174 1.01788496971
46.468283 1.16805195808
47.542828 1.06790804863
48.667949 1.1180961132
49.942831 1.26822304726
51.016895 1.06797814369
51.841347 0.817486047745
52.765685 0.917718887329
53.739846 0.967532873154
55.015096 1.26834797859
56.684605 1.51839590073
57.659076 0.968048095703
58.582996 0.917719841003
59.506766 0.917682170868
60.581774 1.06802296638
61.842793 1.06832098961
62.864243 0.917706012726
64.232803 1.31830191612
65.25754 1.01794314384
66.432435 1.16827893257
67.507094 1.06795501709
68.626847 1.01804685593
69.651344 1.01780796051
71.335573 1.51860594749
72.359552 1.01784801483
73.834232 1.46860814095
75.552466 1.66863799095
77.026918 1.4683470726
78.501371 1.46831297874
79.826114 1.31834483147
81.200578 1.36824393272
82.725833 1.51879191399
84.250734 1.51849293709
85.675064 1.41822695732
87.249623 1.56840395927
89.024774 1.76871919632
90.54925 1.51843285561
91.873534 1.31826114655
93.359525 1.26824593544
94.928251 1.3683321476
95.902163 0.967746973038
97.027021 1.11791181564
98.151805 1.11796808243
99.327061 1.1682240963
100.352046 1.018242836
101.604322 1.16815090179
102.729005 1.11792302132
103.954326 1.21826791763
105.07899 1.1179561615
106.203705 1.1179599762
107.310677 1.01800513268
108.385455 1.06805086136
109.708983 1.26830983162
110.933881 1.218105793
112.186004 1.16815495491
113.160592 0.967784166336
114.235355 1.06796097755
115.310499 1.06802916527
116.535727 1.21850085258
117.660955 1.1180999279
118.76778 1.01815891266
119.943048 1.1682369709
121.11809 1.16823792458
122.396075 1.11795902252
123.888104 1.16819691658
125.013634 1.11801719666
126.101359 0.967930078506
127.454489 1.2681491375
128.548977 1.01789689064
129.623624 1.06791210175
130.798733 1.1680419445
131.873508 1.06800985336
132.847492 0.967813968658
134.023056 1.16803407669
135.047899 1.0180311203
136.057417 0.917633056641
137.320456 1.2181789875
138.34519 1.01793909073
140.155496 1.61898112297
141.480725 1.31843304634
142.541668 1.01829600334
143.566535 1.01793313026
144.718758 1.06801891327
146.299054 1.41852712631
147.459123 1.06813716888
148.861976 1.31849503517
150.137295 1.26822304726
151.576209 1.31840181351
152.929676 1.26840496063
154.86489 1.51847410202
156.29119 1.41843104362
157.645746 1.26844596863
158.770694 1.11815690994
159.945978 1.16815686226
161.567519 1.31836509705
162.841691 1.26806092262
164.116341 1.2682800293
165.440742 1.31828093529
166.665768 1.21821188927
167.740967 1.06816697121
169.015959 1.26818394661
170.169108 1.06799697876
171.244186 1.06794500351
172.419323 1.16832399368
173.527223 1.01793503761
174.602133 1.06804609299
175.877507 1.26820993423
177.078143 1.11810302734
178.737621 1.26849985123
180.283353 1.36843204498
181.657904 1.36841607094
183.132626 1.46855711937
184.557719 1.4185230732
186.18502 1.41855192184
187.311331 1.11838817596
188.83677 1.51858615875
190.462389 1.61861205101
191.737513 1.26838994026
193.263002 1.51873087883
194.287937 1.01793599129
195.713169 1.41843914986
197.138672 1.41847896576
198.514013 1.36863899231
199.839115 1.31817889214
201.114384 1.26822400093
