1.960576 1.66901612282
3.33722 1.36862587929
4.863148 1.5186290741
6.639207 1.76909804344
8.113768 1.46822404861
9.489181 1.36840605736
10.714666 1.21819400787
12.289704 1.56862998009
13.914693 1.61858105659
15.289962 1.36848497391
16.665416 1.36843895912
18.091258 1.41853904724
19.751996 1.56870102882
21.127162 1.36822605133
22.351446 1.21813702583
23.876713 1.51854515076
25.29996 1.36816716194
26.724659 1.41843795776
27.898726 1.16789889336
29.073223 1.16809678078
30.630295 1.5187048912
32.426104 1.56859779358
33.852318 1.41842198372
34.976889 1.1179690361
36.490336 1.46860313416
37.915845 1.41860389709
39.441548 1.51876401901
41.117719 1.66892695427
42.543293 1.41871905327
43.918436 1.36829686165
45.343526 1.41852998734
46.719103 1.36864495277
48.139254 1.31830692291
49.413484 1.26817703247
50.488012 1.06809091568
51.713807 1.21844983101
53.138805 1.41838097572
54.464034 1.31827688217
55.638122 1.16805791855
56.912892 1.26816105843
58.138013 1.21825790405
59.763229 1.61856412888
60.887598 1.11797595024
62.363691 1.1181139946
63.739363 1.36830186844
65.092013 1.31839299202
66.066712 0.9678170681
67.342009 1.26830601692
68.516708 1.1680688858
69.441159 0.917773962021
70.566315 1.11818599701
71.790786 1.21834206581
73.065074 1.26818394661
74.590966 1.51874017715
75.95232 1.31823587418
77.359005 1.31852698326
78.483587 1.11819291115
79.507524 1.01784586906
80.482337 0.968008041382
81.306854 0.817765951157
82.331899 1.01818108559
83.50717 1.16828393936
84.581858 1.06800508499
85.957251 1.36871194839
87.032867 1.06815600395
88.157809 1.11824297905
89.132414 0.967920064926
90.157556 1.01801395416
91.40987 1.16823196411
92.791115 1.01797008514
93.817119 1.01811099052
94.791913 0.968059062958
95.717298 0.917807102203
96.692135 0.968132972717
97.867397 1.16826796532
99.031264 1.06816792488
100.005484 0.967958927155
101.130203 1.11798191071
102.509908 1.26845002174
103.784739 1.26839113235
104.959362 1.16845703125
106.434267 1.46865105629
107.758795 1.31838107109
109.323959 1.51868081093
110.548345 1.21818089485
111.873154 1.31862688065
113.398257 1.5185739994
114.722676 1.31832408905
116.247503 1.51870512962
117.62285 1.36858320236
118.947864 1.31859707832
120.620211 1.46912693977
121.59425 0.967864990234
122.519167 0.917808055878
123.823349 1.01789903641
124.749312 0.918091058731
125.774049 1.01795983315
126.949493 1.16842198372
128.024865 1.06830406189
129.48629 1.06801700592
130.611156 1.11812400818
131.586294 0.968043088913
132.711492 1.11842894554
133.986614 1.26831912994
135.390672 1.31842899323
136.415146 1.01800107956
137.389294 0.967909097672
138.464279 1.06819295883
139.589446 1.11808919907
140.864516 1.2682659626
142.039447 1.16817688942
143.215761 1.16893100739
144.557509 1.16859793663
146.135825 1.41906785965
147.787036 1.46895003319
149.1623 1.36876893044
150.78759 1.61891484261
152.262216 1.46843099594
153.587129 1.31848216057
155.341282 1.46897697449
156.717952 1.36878204346
158.293374 1.56870293617
159.718717 1.41859388351
161.144462 1.41863703728
162.619926 1.46873188019
163.947754 1.31865406036
165.373196 1.41869807243
166.648677 1.26849412918
167.789659 1.11813807487
169.165523 1.36868810654
170.812647 1.41865801811
171.919624 1.06857800484
173.145372 1.21855115891
174.220928 1.06842899323
175.296715 1.06831598282
176.349239 0.96798992157
177.424789 1.06869792938
178.600063 1.16841387749
180.321911 1.56883096695
181.39719 1.06833100319
182.453672 1.01808691025
184.025813 1.2688100338
185.856951 1.4190428257
187.083464 1.21867108345
188.309304 1.21875596046
189.387692 1.06847190857
190.513325 1.11848092079
191.783454 1.16861200333
192.888692 1.01839280128
194.169195 1.16868805885
195.44503 1.26862692833
196.620914 1.16859388351
197.774316 1.06850099564
198.900261 1.11857199669
200.054151 1.06822299957
201.229297 1.16829800606
202.481905 1.16851496696
203.636341 1.06859993935
204.844869 1.11856985092
205.920363 1.06836700439
207.12428 1.11852693558
208.534301 1.16882395744
209.739353 1.11849212646
211.144242 1.31883788109
212.269993 1.11851811409
213.62482 1.26893591881
214.850131 1.21846795082
216.339965 1.11854791641
217.677647 1.21865391731
218.953971 1.26880311966
220.207798 1.1687169075
221.460894 1.16865301132
222.66574 1.1685488224
224.07104 1.31901311874
225.478172 1.31926012039
226.831457 1.16866111755
228.35191 1.16856503487
229.813006 1.26882410049
231.389067 1.56920218468
232.664412 1.26878595352
233.844325 1.1685090065
235.169741 1.31894111633
236.745522 1.5690009594
238.070341 1.31854200363
239.495205 1.41869187355
241.070584 1.56885099411
242.34588 1.26877689362
243.520908 1.16853880882
244.896558 1.36886882782
246.221478 1.31858897209
247.698777 1.21849393845
249.12622 1.41901612282
250.354125 1.21839499474
251.631374 1.11837911606
252.984408 1.26849317551
254.109942 1.11839103699
255.193335 0.968067169189
256.368511 1.1682600975
257.86705 1.3189868927
259.3081 1.26894283295
260.951426 1.46900296211
262.286051 1.2189719677
263.490874 1.11837887764
264.717047 1.21888184547
266.201797 1.36873412132
267.377585 1.16858911514
268.583487 1.11832594872
269.839832 1.16857886314
271.226884 1.06835198402
272.453347 1.21877908707
273.6794 1.21877813339
274.905596 1.21860098839
276.191264 1.168446064
277.517186 1.31873679161
279.040902 1.16848993301
280.367736 1.31874203682
281.542866 1.1682100296
282.668957 1.11844110489
284.025976 1.26871609688
285.25218 1.21846985817
286.610361 1.26856184006
287.78627 1.16840720177
289.056723 1.1685218811
290.282383 1.2184150219
291.435989 1.06844711304
292.661207 1.21832799911
293.811902 1.06826901436
294.936986 1.11816596985
296.112036 1.16813397408
297.388308 1.26869606972
298.514405 1.11860895157
299.691181 1.16853094101
300.966983 1.26857304573
302.378777 1.31866502762
303.453896 1.06822395325
304.775193 1.21846389771
305.901021 1.11827206612
307.205976 1.21825909615
308.381114 1.16819691658
309.949096 1.26828384399
311.176159 1.11857914925
312.351918 1.16840696335
313.562157 1.1183719635
314.787381 1.21828508377
316.171839 1.21856403351
317.297553 1.11847496033
318.373212 1.06836485863
319.579679 1.11819005013
320.883717 1.21844911575
322.109111 1.21844792366
323.334737 1.21855282784
324.545001 1.11859822273
325.821045 1.26876497269
327.146469 1.31848502159
328.62676 1.26863002777
330.102586 1.46888279915
331.678173 1.56898403168
333.104138 1.41887307167
334.783118 1.46886014938
336.358956 1.5688431263
337.834631 1.46903300285
339.310018 1.46875905991
340.973838 1.41909098625
342.351152 1.36890411377
343.877425 1.51904702187
345.253329 1.36865997314
346.32945 1.06854891777
347.505075 1.16841101646
348.732564 1.2186858654
350.258779 1.51903510094
351.479754 1.06855607033
352.605537 1.11839008331
353.73173 1.11848282814
354.85752 1.1184399128
356.077884 1.11854100227
357.278315 1.16839599609
358.354233 1.06836795807
359.630144 1.26855397224
360.756231 1.11847996712
