1.830018 1.36788988113
3.205605 1.36801290512
4.780121 1.56829786301
6.404566 1.61834621429
8.029682 1.61823487282
9.90454 1.86875009537
11.379663 1.46816802025
12.754389 1.36802816391
14.17922 1.41810679436
15.654532 1.46811389923
16.978891 1.31822395325
18.404774 1.41817498207
19.96202 1.51837491989
21.787506 1.81874704361
23.412369 1.61843800545
24.937577 1.51838517189
26.720876 1.66878080368
28.445827 1.71872496605
29.870383 1.41829013824
31.395159 1.51854300499
32.860529 1.26828098297
34.23656 1.3682949543
35.761649 1.51846885681
37.287034 1.51844406128
38.912203 1.61857795715
40.437268 1.51840686798
42.012703 1.56850385666
43.487641 1.46833300591
44.963281 1.46868109703
46.438283 1.46835803986
48.06367 1.61858916283
49.689192 1.6186208725
51.159823 1.36846518517
52.434768 1.26825499535
53.759778 1.31826210022
55.035056 1.26823711395
56.259888 1.21813297272
57.634943 1.36835503578
58.91025 1.2683069706
60.23517 1.31826591492
61.560461 1.31831097603
62.985721 1.41855287552
64.45177 1.26833295822
65.727969 1.26825094223
66.952916 1.21817183495
68.228153 1.26826310158
69.50314 1.26819014549
70.878171 1.36835694313
72.204007 1.21813702583
73.529245 1.31827282906
74.754234 1.21823406219
75.929359 1.16808891296
77.154301 1.21817493439
78.429211 1.26822519302
79.754589 1.31829500198
80.92932 1.16801404953
82.104465 1.16814303398
83.22932 1.11797714233
84.504262 1.26821708679
85.729362 1.21810293198
87.004521 1.26832604408
88.180335 1.16844701767
89.405235 1.21819901466
90.630341 1.2183508873
91.896264 1.16800522804
93.071369 1.16809201241
94.145966 1.06780195236
95.560683 1.21828389168
96.787038 1.21817016602
97.961967 1.16814208031
99.186993 1.21829891205
100.412142 1.21809697151
101.687092 1.26822710037
102.912367 1.21822500229
104.137309 1.21817183495
105.312356 1.16828107834
106.537584 1.21816802025
107.71241 1.16807389259
108.837526 1.11805796623
110.012683 1.16836500168
111.284459 1.16824197769
112.409291 1.11802601814
113.58409 1.16805791855
114.809441 1.21820783615
115.984295 1.1680829525
117.059362 1.06799483299
118.18419 1.11803197861
119.358963 1.16801404953
120.684512 1.31831598282
121.859388 1.16801786423
123.084716 1.21820020676
124.109619 1.01809811592
125.234454 1.11805009842
126.701527 1.16809201241
127.727377 1.0179901123
128.95225 1.21811890602
130.129725 1.06811881065
131.354683 1.21814990044
132.479469 1.11803603172
133.454387 0.967808961868
134.629285 1.16810512543
135.65446 1.0180721283
136.829319 1.16809010506
137.854071 1.01798009872
138.979642 1.11819505692
140.104413 1.11795496941
141.429607 1.31819915771
142.504849 1.06803488731
143.579588 1.067964077
144.70488 1.11808300018
145.829683 1.11801695824
146.854367 1.01785683632
148.020911 1.06799697876
149.096333 1.06792807579
150.22113 1.11796092987
151.296369 1.06813812256
152.271057 0.96786403656
153.345726 1.06784486771
154.421007 1.06805300713
155.445805 1.01790094376
156.570689 1.11800599098
157.885548 1.11812996864
158.961894 1.06816196442
160.03678 1.06800103188
161.161766 1.11816096306
162.201686 1.01795101166
163.226563 1.01786518097
164.251341 1.01798295975
165.427903 1.06786489487
166.578444 1.11807394028
167.653268 1.06800818443
168.778028 1.11795687675
169.853086 1.06792283058
170.977958 1.11802983284
172.052731 1.06795597076
173.17793 1.11798191071
174.252683 1.06794309616
175.327723 1.06796097755
176.552719 1.21818184853
177.627467 1.06792998314
178.702507 1.06790804863
179.777193 1.06785607338
180.852441 1.06803107262
181.82699 0.967746973038
182.94562 1.01787114143
184.020607 1.06788992882
185.095325 1.0678999424
186.120363 1.01790785789
187.245157 1.11800193787
188.48543 0.967794895172
189.561322 1.06785702705
190.736122 1.16802310944
191.711108 0.967867136002
192.785907 1.06801104546
193.860577 1.06783604622
194.935581 1.06792211533
196.010276 1.06787800789
197.235721 1.2181930542
198.360543 1.11797690392
199.385196 1.01781415939
200.922492 1.46841883659
202.397673 1.46859192848
203.92246 1.51853513718
205.497231 1.56842398643
207.072063 1.56859898567
208.496938 1.41833901405
210.021662 1.51849389076
211.596465 1.56852078438
213.121726 1.51869392395
214.646502 1.51845002174
216.070952 1.41820192337
217.545861 1.46836495399
219.159803 1.41836810112
220.686251 1.51848387718
222.111705 1.41864705086
223.486898 1.36835193634
224.941663 1.31832695007
226.366269 1.41833305359
228.041621 1.66881799698
229.616316 1.56846499443
231.090951 1.46836686134
232.716092 1.61858987808
234.240838 1.51846814156
235.765634 1.51853299141
237.392404 1.61871480942
238.816981 1.41832900047
240.24158 1.41832208633
241.56626 1.3183529377
243.041433 1.46862387657
244.566253 1.51847791672
246.184351 1.56873297691
247.759323 1.56840801239
249.063048 1.01793813705
250.038721 0.967970848083
251.113432 1.06785202026
252.138415 1.01781797409
253.213256 1.06795191765
254.288405 1.06796693802
255.263129 0.96782708168
256.338087 1.06800699234
257.363176 1.01790094376
258.438288 1.0681681633
259.413456 0.96799993515
260.488388 1.06798911095
261.413115 0.917731046677
262.538396 1.11801695824
263.513126 0.967862844467
264.487737 0.967711925507
265.504321 0.917718887329
266.57949 1.06795287132
267.604344 1.01784205437
268.779652 1.16809916496
269.754378 0.967821836472
270.82919 1.06797003746
271.854303 1.01791286469
272.929149 1.06798195839
274.004326 1.0679769516
274.978956 0.967740058899
276.003676 1.01779198647
277.178705 1.16809010506
278.203829 1.01787185669
279.542601 1.16805291176
280.568586 1.01791810989
281.593388 1.01792883873
282.622482 0.917766809464
283.597288 0.967879772186
284.522288 0.917762994766
285.49707 0.967896938324
286.572024 1.06803894043
287.547483 0.96800994873
288.522198 0.967833995819
289.54733 1.01788306236
290.522084 0.967868089676
291.496812 0.967813014984
292.571666 1.06792378426
293.697168 1.11813306808
294.671854 0.967738866806
295.59676 0.91764998436
296.571434 0.967767953873
297.49615 0.917782068253
298.56314 0.967752933502
299.688405 1.118019104
300.763171 1.06781792641
301.838424 1.06802487373
302.9637 1.11833691597
304.138668 1.16801786423
305.113768 0.967845916748
306.13857 1.01785302162
307.163239 1.01776599884
308.188501 1.01793193817
309.313498 1.11800312996
310.559583 1.01794695854
311.535901 0.967743873596
312.560822 1.01801800728
313.550333 0.967899799347
314.575158 1.01788401604
315.701595 1.01792907715
316.726601 1.01801300049
317.701935 0.967752933502
318.826843 1.11798095703
319.802021 0.967867136002
320.826883 1.01790595055
321.80172 0.967947006226
322.776782 0.967815160751
323.901536 1.11787390709
324.876735 0.967838048935
325.901557 1.01782512665
326.926302 1.01782989502
328.051554 1.11805701256
329.176467 1.11794304848
330.20174 1.01805210114
331.176402 0.967721939087
332.296025 1.01799607277
333.471244 1.1679918766
334.546115 1.0679268837
335.571507 1.01812505722
336.596597 1.01808309555
337.621402 1.017827034
338.646263 1.01780796051
339.671341 1.01780319214
341.000809 1.06799721718
341.976751 0.967808008194
343.051658 1.06791400909
344.026297 0.967729091644
345.051395 1.01795315742
346.076118 1.01779198647
347.251438 1.1681098938
348.376316 1.11793899536
349.450924 0.967904090881
350.476138 1.01795196533
351.450834 0.967751979828
352.526123 1.06804203987
353.450853 0.917763233185
354.425692 0.967862129211
355.450494 1.01784491539
356.425656 0.967845916748
357.600804 1.16819596291
358.726381 1.11805605888
359.651174 0.917783975601
360.676187 1.0178539753
361.651326 0.967786073685
362.676191 1.01786589622
363.701439 1.01794791222
364.726288 1.01781916618
365.844227 1.01798200607
366.869409 1.01788592339
367.944338 1.06794810295
369.119338 1.167979002
370.144563 1.01784110069
371.542168 1.16811108589
372.468153 0.917810916901
373.492902 1.01776599884
374.517707 1.01779794693
375.592918 1.06796503067
376.56767 0.967769861221
377.542755 0.967833042145
378.517599 0.967782020569
379.492465 0.967809200287
380.568142 1.06795597076
381.643213 1.0679910183
383.289562 1.51862311363
384.614236 1.31817603111
386.28937 1.66870284081
387.814322 1.5184738636
389.289603 1.46848702431
390.914711 1.61870503426
392.189326 1.26815390587
393.76455 1.56852197647
395.089228 1.31822109222
396.564075 1.46840190887
398.13933 1.56847691536
399.564206 1.4184319973
401.039121 1.46849393845
402.773306 1.51840281487
404.250034 1.46853303909
405.725393 1.46837186813
407.31741 1.46852183342
408.692484 1.36827802658
410.36756 1.66869592667
411.792261 1.4182870388
413.367547 1.56854701042
414.74228 1.36830306053
416.217073 1.46837687492
417.893658 1.6687579155
419.468743 1.56860804558
420.993702 1.51851797104
422.368277 1.36820006371
423.843563 1.46850395203
425.568787 1.71883916855
427.193768 1.61858105659
428.619014 1.41847991943
430.244086 1.61871695518
431.476908 1.11807012558
432.663762 0.967881917953
433.690036 1.01809096336
434.815094 1.1180460453
435.790114 0.967978954315
436.865406 1.06796097755
437.890464 1.01795816422
438.865715 0.967903137207
439.840589 0.967828035355
440.865452 1.01779603958
441.94083 1.06801819801
442.915719 0.967788934708
443.891002 0.967923164368
444.81577 0.917698144913
445.790644 0.967741012573
446.866094 1.06809306145
447.904209 0.917850017548
448.979447 1.06789803505
449.954291 0.967769861221
450.929406 0.967849969864
452.00457 1.06802010536
453.080096 1.06811690331
454.155135 1.06799983978
455.18004 1.01786994934
456.255592 1.06801605225
457.330603 1.06800079346
458.305833 0.967849969864
459.380834 1.06794404984
460.406111 1.01793885231
461.431245 1.01782393456
462.456061 1.01778697968
463.741588 1.01783895493
465.022237 1.16801714897
465.997491 0.967880010605
467.072392 1.06788420677
468.197855 1.11807584763
469.272876 1.06799197197
470.247815 0.967875003815
471.222956 0.967798948288
472.19782 0.967753887177
473.323724 1.11812210083
474.348699 1.01788282394
475.323541 0.967771053314
476.448589 1.11800408363
477.423924 0.967891931534
478.449126 1.01786208153
479.524781 1.06812310219
480.499729 0.967888116837
481.666627 1.06802797318
482.741941 1.06792092323
483.91813 1.16806197166
484.99405 1.06799697876
485.969012 0.967842102051
487.094615 1.11814403534
488.169655 1.06796193123
489.244757 1.06801009178
490.22005 0.967835187912
491.195026 0.967855930328
492.16985 0.967736005783
493.395648 1.21830797195
494.700558 1.06805205345
495.676827 0.967943906784
496.752015 1.06809401512
497.826903 1.06783604622
499.871956 1.56856298447
501.496997 1.61857199669
503.372316 1.86892414093
504.797514 1.4185500145
506.272303 1.46836996078
507.847789 1.56878113747
509.573021 1.71876096725
511.097931 1.51851296425
512.673285 1.56864190102
514.098106 1.41836285591
515.572823 1.4682700634
517.098074 1.51853585243
518.622954 1.51844406128
520.097894 1.46851491928
521.422909 1.31827902794
522.947937 1.51859211922
525.631343 1.61886000633
526.759419 1.11812591553
527.73447 0.967869997025
528.810181 1.06820201874
529.93543 1.11809587479
530.960557 1.01799988747
532.03598 1.06799197197
533.061096 1.01785612106
534.036875 0.968310832977
535.112095 1.06803011894
536.036986 0.917772054672
537.112526 1.0680809021
538.187688 1.06804919243
539.313223 1.11812281609
540.388548 1.06809401512
541.513784 1.11804890633
543.156121 1.46859908104
544.231319 1.06798791885
545.306822 1.06808495522
546.381984 1.06798815727
547.457115 1.0679359436
548.43231 0.967759132385
549.607636 1.16810297966
550.68314 1.06803917885
551.808452 1.11807703972
552.933749 1.11810588837
554.060509 1.11817479134
555.320983 1.01788806915
556.397442 1.06808805466
557.372604 0.967950820923
558.297533 0.917680978775
559.273236 0.968038082123
561.088688 1.41848087311
562.264337 1.16817593575
563.239255 0.967750072479
564.26457 1.01792597771
565.4899 1.21819996834
566.515374 1.01798200607
567.49033 0.967813968658
568.465369 0.967819929123
569.441872 0.967927932739
570.667388 1.21828198433
571.692627 1.01798701286
572.818316 1.11812496185
573.793475 0.96791601181
574.869157 1.06817507744
575.894449 1.0180208683
576.919496 1.01790118217
578.647421 1.46862602234
580.022721 1.36846590042
581.597962 1.56864714622
583.17339 1.56878089905
584.798998 1.61873698235
586.416908 1.41849708557
587.89395 1.46870708466
589.519881 1.61885094643
591.045524 1.51850605011
592.521455 1.46854114532
593.946954 1.41836881638
595.422885 1.46852111816
597.148894 1.71890091896
598.774716 1.61867499352
600.350744 1.56865596771
601.776389 1.41858005524
603.612353 1.46861791611
604.987317 1.36840891838
606.262184 1.26835489273
607.587365 1.31838107109
608.812872 1.21852397919
609.98793 1.16831707954
611.312868 1.31837391853
612.637769 1.31835103035
613.962988 1.31862688065
615.338489 1.36845993996
616.874607 1.31832313538
618.101194 1.21825289726
619.476622 1.368309021
620.701779 1.21804714203
622.077342 1.36824202538
623.502889 1.41839885712
624.732748 1.11812710762
625.808036 1.06811189651
626.833503 1.01798200607
627.908721 1.06803703308
628.933723 1.01775097847
630.059483 1.11808204651
631.084408 1.01776313782
632.109472 1.01787090302
633.134905 1.01790714264
634.310319 1.16810798645
635.285843 0.967965126038
636.310969 1.01791906357
637.386095 1.06794381142
638.461522 1.06794285774
639.486605 1.01787185669
640.612199 1.11809396744
641.729814 1.01795506477
642.755218 1.0178771019
643.830595 1.06805109978
644.806098 0.967983007431
645.981487 1.16812610626
647.221971 1.06812286377
648.348501 1.11811089516
649.423941 1.0680770874
650.399337 0.967876911163
651.37448 0.96794295311
652.399774 1.01809191704
653.425214 1.01792907715
654.400276 0.967839956284
655.376012 0.967823028564
656.401206 1.01785612106
657.376347 0.967906951904
658.824076 1.31835889816
660.198905 1.36832094193
661.423727 1.21826386452
662.598734 1.16809797287
663.623283 1.01801204681
664.848043 1.21818089485
666.223185 1.36829304695
667.548234 1.31850099564
668.722956 1.16813898087
670.098248 1.36838698387
671.623275 1.51848292351
672.898043 1.26825499535
674.273438 1.36849713326
675.598359 1.31833195686
676.973179 1.36828899384
678.424228 1.26832294464
680.101036 1.46852087975
681.778139 1.66899085045
683.303299 1.51855993271
684.728327 1.41844916344
686.403736 1.66873693466
688.129643 1.71890687943
689.604824 1.46857190132
691.180001 1.56855916977
692.755479 1.5685968399
694.080433 1.31832313538
695.805802 1.71878409386
697.331219 1.51851511002
698.706366 1.36849498749
700.081379 1.3683860302
701.556982 1.46863985062
702.881944 1.31833219528
704.215881 1.16813492775
705.591078 1.36831092834
706.965994 1.36832308769
708.391047 1.41848182678
709.980091 1.3184158802
711.508901 1.51864600182
712.684549 1.16845393181
714.06053 1.36859989166
715.45133 1.36850690842
716.676897 1.21822500229
718.052497 1.36840391159
719.377922 1.31824278831
720.453346 1.06798005104
721.828958 1.36841392517
723.204937 1.36856508255
724.380383 1.16812801361
725.4073 0.917940855026
726.432636 1.01791501045
727.658291 1.21827912331
728.633474 0.96791601181
729.759332 1.11824011803
730.734512 0.967902898788
731.76024 1.01815700531
732.835641 1.06804919243
733.860888 1.01797914505
734.936433 1.06792616844
736.061929 1.11818289757
737.037496 0.967954874039
738.11293 1.06804704666
739.238309 1.11798405647
740.541292 1.11803603172
741.617709 1.06808400154
743.293929 1.46880984306
744.769109 1.4685459137
746.394818 1.61868596077
747.819944 1.41849088669
749.245053 1.41849994659
750.77008 1.51839804649
752.295674 1.51855993271
753.921128 1.61882019043
755.396293 1.46847820282
756.972168 1.56890511513
758.597501 1.61868906021
760.172855 1.56868600845
761.74866 1.56872296333
763.223904 1.46854496002
764.698885 1.46835803986
766.174505 1.46869015694
768.163585 1.51871490479
769.688909 1.51866197586
771.004027 1.06839179993
772.03045 1.01800298691
773.105753 1.06804013252
774.181444 1.06805896759
775.306896 1.11812114716
776.332254 1.0179541111
777.407863 1.06807303429
778.43325 1.01800608635
779.508839 1.06799483299
780.534096 1.0179040432
781.559793 1.01803612709
782.635096 1.06803703308
783.710419 1.0680000782
784.685905 0.967885017395
787.087004 1.46847391129
788.564065 1.468542099
790.089345 1.51853585243
791.664926 1.56891584396
793.290824 1.61887311935
794.866251 1.56869006157
796.591796 1.71886706352
798.117175 1.51868414879
799.442702 1.31839895248
801.118252 1.66883015633
802.783279 1.41850113869
804.110484 1.31854701042
805.486225 1.36848711967
806.962044 1.4686088562
808.488267 1.51859903336
809.914059 1.41858696938
811.538017 1.36857318878
812.813777 1.26831316948
813.839266 1.01797699928
814.864505 1.01789593697
815.890196 1.01801109314
817.065679 1.16811084747
818.141389 1.06806612015
819.166746 1.01800203323
820.24252 1.06811499596
821.267687 1.01780986786
822.293105 1.01784300804
823.268577 0.967841148376
824.293912 1.01795101166
825.519816 1.21825695038
826.495067 0.967862129211
827.520342 1.01785087585
829.428132 1.46858596802
830.903839 1.46855807304
832.579576 1.66900992393
834.195598 1.41860294342
835.622772 1.4184949398
837.148704 1.51858592033
838.72497 1.56865692139
840.100853 1.36855792999
841.526708 1.41853880882
843.054035 1.51862120628
844.780335 1.71892309189
846.206435 1.41849017143
847.632278 1.41852283478
849.258202 1.61864209175
850.734365 1.46857786179
852.210406 1.46868896484
