2.624251 2.2695980072
3.900033 1.26804304123
4.57432 0.667296886444
6.249275 1.66872000694
8.07497 1.81891512871
8.69895 0.617281198502
10.073315 1.36812806129
10.596579 0.517035007477
12.272315 1.6687040329
13.447229 1.16792702675
14.021427 0.567177057266
15.296648 1.26845812798
16.671274 1.3683950901
17.345504 0.667423963547
17.954382 0.567206144333
18.678471 0.717298030853
20.088103 1.26828503609
20.661745 0.567174911499
21.235464 0.567306995392
22.46017 1.21808791161
23.32252 0.817664146423
23.896304 0.567272186279
24.470156 0.567213058472
25.043621 0.567198038101
25.76784 0.717612981796
26.441474 0.667325973511
26.965279 0.51717710495
28.239824 1.26824903488
29.364209 1.11806511879
31.491073 2.11995792389
32.228646 0.517606019974
33.304607 1.06811499596
34.785111 1.26837515831
35.30917 0.517236948013
36.884888 1.56893515587
37.408813 0.517127990723
37.933335 0.51732301712
38.457275 0.517159938812
40.027014 1.51890492439
40.75231 0.717815160751
42.327329 1.56879401207
43.001963 0.667452096939
44.928286 1.9194290638
45.652488 0.717436075211
46.176765 0.517201185226
46.701324 0.517436027527
47.716884 0.867981910706
48.291247 0.567586183548
48.814955 0.517189025879
49.338986 0.517196178436
49.86332 0.517257928848
50.58718 0.717646121979
51.111137 0.517178058624
52.085654 0.967906951904
53.060411 0.967885971069
53.584882 0.517398118973
54.108951 0.5172290802
56.26212 1.96952295303
57.53664 1.26812005043
58.211001 0.667653083801
58.934818 0.717503786087
59.458265 0.517238140106
60.683134 1.21836805344
61.356743 0.667330026627
61.952932 0.567216873169
62.850351 0.667500972748
63.42559 0.567440032959
64.049724 0.617337942123
65.975893 1.91931390762
66.500143 0.517230987549
67.925724 1.41884183884
68.801372 0.867864131927
69.325273 0.517221927643
70.730678 1.21832609177
71.254616 0.517072200775
71.778975 0.517237901688
72.353348 0.517174959183
73.678892 1.31840801239
74.353111 0.667340040207
74.87803 0.517428159714
75.401549 0.517261981964
75.925699 0.517118930817
76.449983 0.517189979553
77.875423 1.41856217384
80.304231 2.27002501488
80.828437 0.5172560215
81.403007 0.567422151566
81.927148 0.517244100571
82.501752 0.56742477417
83.026075 0.517454862595
83.550223 0.51722407341
84.825796 1.26833701134
85.400045 0.567308187485
86.915502 1.26831698418
87.439125 0.517235040665
88.012557 0.567264795303
89.237214 1.21828103065
90.061397 0.817775964737
90.634933 0.567373037338
91.209066 0.567649841309
91.782597 0.567359209061
92.305948 0.517211914062
93.366027 0.817641973495
93.891208 0.517277002335
94.465176 0.567210912704
95.342716 0.817791938782
95.916735 0.567305088043
96.490767 0.567326068878
97.065044 0.567313194275
97.938742 0.567458868027
98.512281 0.567273855209
99.136175 0.617353916168
99.860821 0.717688083649
101.436475 1.51893591881
102.762443 1.31872701645
104.338198 1.56891012192
104.862682 0.517265081406
106.426585 1.51884794235
106.950864 0.517334938049
107.62585 0.667773008347
108.400344 0.76762008667
109.529892 0.967946052551
110.0539 0.517129898071
110.720895 0.517322063446
111.295063 0.567264080048
111.821099 0.517400026321
112.695838 0.867836952209
113.270549 0.567492961884
113.794758 0.517314910889
114.669403 0.867717981339
115.193981 0.51731300354
115.71756 0.517246961594
116.49244 0.767693996429
117.017801 0.518331050873
117.541974 0.51726603508
118.401469 0.617517948151
119.676218 1.26842594147
120.19979 0.517212152481
120.978869 0.717628955841
121.552519 0.567337989807
122.126139 0.567384958267
123.000561 0.867814064026
123.806721 0.567254066467
124.331957 0.517279863358
124.90601 0.567266941071
126.281444 1.36855387688
127.556865 1.26835083961
128.08086 0.517173051834
129.406582 1.31861591339
130.73178 1.31840991974
131.306057 0.567323923111
132.182988 0.567400932312
134.258894 2.06966519356
134.882979 0.617441892624
135.407189 0.517168045044
136.783053 1.36863207817
138.129907 1.31874418259
139.655658 1.51880121231
140.180845 0.517587900162
141.656498 1.46868419647
143.084065 1.41887903214
143.608426 0.517338037491
145.24063 1.26841783524
145.765231 0.517320871353
146.289524 0.517291069031
146.814176 0.517337083817
147.338394 0.517188072205
147.912651 0.567271947861
148.947114 0.867807865143
149.490348 0.517342805862
150.215155 0.717599868774
150.739319 0.51721405983
151.814613 1.06807613373
152.339036 0.517496109009
153.215502 0.867809057236
155.492459 2.26993489265
156.431667 0.717613935471
157.658345 1.21846008301
158.541651 0.617570877075
160.767939 2.22001314163
161.341692 0.567348957062
162.216203 0.867902994156
162.940124 0.717592954636
163.513918 0.567530155182
164.037855 0.517351150513
164.561396 0.517247915268
165.485452 0.917751073837
166.15953 0.667515039444
166.733216 0.567326068878
167.7575 1.01799798012
168.331483 0.567389011383
170.457649 2.11985993385
171.282096 0.817963123322
171.856147 0.567393064499
174.098152 2.01979398727
174.622987 0.517449855804
175.648281 1.01799201965
176.172588 0.517338037491
176.697319 0.517439842224
177.621767 0.867900133133
178.146263 0.517393112183
178.971108 0.567327976227
179.595015 0.617406845093
180.469103 0.86775302887
181.095631 0.617672920227
182.170812 1.06811499596
183.546426 1.36857795715
184.071332 0.517414093018
184.595705 0.517339944839
185.120409 0.51744389534
185.6449 0.517427921295
187.971966 2.31995201111
