1.662531 1.31791400909
3.389405 1.71859097481
4.713634 1.31801199913
6.037895 1.31812095642
7.512807 1.46807813644
8.987741 1.46819782257
10.511972 1.51809191704
12.186827 1.66844201088
13.610992 1.41805791855
15.035248 1.41814517975
16.459799 1.418156147
17.984653 1.51809501648
19.709515 1.7185151577
21.334039 1.61841893196
22.85842 1.51822185516
24.232747 1.3681371212
26.062843 1.71881389618
27.587734 1.51845312119
29.162479 1.56840395927
30.5369 1.36821293831
32.210463 1.46840286255
33.836915 1.61873817444
35.311855 1.46827912331
36.937295 1.61854791641
38.412241 1.46826601028
39.687279 1.26811814308
41.16222 1.46824288368
42.737426 1.56852602959
44.263805 1.51848983765
45.63865 1.36815881729
47.414498 1.76890707016
49.03962 1.6184258461
50.500171 1.36832284927
51.87522 1.3683450222
53.250119 1.36818504333
54.675503 1.41842293739
56.050508 1.36828684807
57.476556 1.41846013069
58.901694 1.41845989227
60.527094 1.61870598793
61.957515 1.41835999489
63.73599 1.36826705933
65.011958 1.26814413071
66.336783 1.31814098358
67.798101 1.1679649353
69.123137 1.31808805466
70.548131 1.41832900047
71.923392 1.36831188202
73.38835 1.36840820312
74.613163 1.21812701225
75.938068 1.31819796562
77.213187 1.26812410355
78.616627 1.31818985939
79.891955 1.26827692986
81.116634 1.21801495552
82.441444 1.31814479828
83.6665 1.21804594994
84.941292 1.26810884476
86.366695 1.41842508316
87.69159 1.31822991371
88.966624 1.26810789108
90.291889 1.31822896004
91.566728 1.26812410355
92.892018 1.31832003593
94.984206 1.61886382103
96.259937 1.26821112633
97.835251 1.56852698326
99.110568 1.26824307442
100.335438 1.21812105179
101.660512 1.31828308105
102.835626 1.16807603836
104.110607 1.26820588112
105.335874 1.21817088127
106.660869 1.31821298599
108.336369 1.66872906685
109.561573 1.21820902824
110.956261 1.16791701317
112.231608 1.26833605766
113.556631 1.31825709343
114.931725 1.36832594872
116.239023 1.21823716164
117.714602 1.46850204468
118.989708 1.26826691628
120.214598 1.21810412407
121.389943 1.16809892654
122.564776 1.16803979874
123.690123 1.11823296547
125.053417 1.11808300018
126.279617 1.21831798553
127.404487 1.11803913116
128.829874 1.41852807999
130.155652 1.31831383705
131.380522 1.21805906296
132.570707 1.1681740284
133.845837 1.26822209358
134.97072 1.11797809601
136.233888 1.16808390617
137.458709 1.21807193756
138.634223 1.16794300079
139.858974 1.21799492836
141.033664 1.16796517372
142.158859 1.11803603172
143.333786 1.16816306114
144.508887 1.16802620888
145.683704 1.16809606552
146.808396 1.11789321899
148.133657 1.31818079948
149.258297 1.11791992188
150.533631 1.268242836
151.658361 1.11798906326
152.78306 1.11788892746
154.208639 1.41855597496
155.715347 1.218075037
156.940894 1.21798205376
158.115989 1.16799283028
159.240686 1.11785006523
160.416087 1.16823101044
161.641 1.21809887886
162.815857 1.1680290699
163.890772 1.06784200668
165.215814 1.31825304031
166.340885 1.1180369854
167.515612 1.16796207428
168.640513 1.11806988716
169.865196 1.2179210186
170.990319 1.11796689034
172.165087 1.16799092293
173.390289 1.21816587448
174.596022 1.11795902252
175.771008 1.16798186302
176.945851 1.16801691055
178.221207 1.26826405525
179.39589 1.1678879261
180.470397 1.06774306297
181.645458 1.16795492172
182.770181 1.11793279648
183.895241 1.11794304848
185.120164 1.2180519104
186.417902 1.06814479828
187.493676 1.0678191185
188.668568 1.16803693771
189.893809 1.21802711487
190.968573 1.06790804863
192.143296 1.16792106628
193.361525 1.11787509918
194.586377 1.21805214882
195.711399 1.11786079407
196.886283 1.16801095009
198.161335 1.26797699928
199.236287 1.06785917282
200.361064 1.11796498299
201.585883 1.21797299385
202.978832 1.36830091476
204.053434 1.06779003143
205.228579 1.16802501678
206.353235 1.11785316467
207.477925 1.11787009239
208.65137 1.11810708046
209.726042 1.06781601906
210.801008 1.06789207458
212.592635 1.46844506264
213.717715 1.11800289154
214.842429 1.11787605286
216.017279 1.16793990135
217.387249 1.11805009842
218.614701 1.21815991402
219.789671 1.16806101799
221.014594 1.21808505058
222.189818 1.16800999641
223.36475 1.1679918766
224.540072 1.16809487343
225.632083 1.06793904305
226.7068 1.067882061
227.781926 1.06793808937
229.006956 1.21812605858
230.182396 1.16819095612
231.962903 1.51844406128
233.037643 1.06787490845
234.262498 1.21801900864
235.387639 1.11781597137
236.538733 1.11787199974
237.663664 1.11782598495
238.838573 1.16798901558
239.963588 1.11786198616
241.088415 1.11789798737
242.213138 1.11789488792
243.48843 1.26811695099
244.61315 1.11785101891
245.739334 1.11807584763
247.214791 1.46853518486
248.485537 1.01787996292
249.661753 1.16795611382
251.116764 1.26836705208
252.290889 1.16798210144
253.515537 1.21815800667
254.789847 1.26813387871
256.514814 1.71874308586
257.889696 1.36838102341
259.364853 1.46869206429
260.839394 1.46833109856
262.113863 1.26826500893
263.538932 1.41840195656
264.813336 1.26818585396
266.137842 1.31830811501
267.312478 1.16816186905
268.887323 1.56857013702
270.51209 1.61845898628
271.736707 1.21815395355
272.843409 1.01793909073
273.868517 1.01787495613
274.994505 1.11817407608
276.119791 1.11807799339
277.244736 1.11802101135
278.319499 1.06783604622
279.670146 1.06804299355
280.796538 1.11808300018
281.821272 1.01783299446
282.996497 1.16799616814
284.071217 1.06785392761
285.096002 1.01776814461
286.121661 1.01797699928
287.237332 1.06784892082
288.362523 1.11803102493
289.43745 1.06798386574
290.599721 1.06793189049
291.875149 1.26819109917
293.20091 1.3184659481
294.225486 1.01768612862
295.301491 1.0680270195
296.32623 1.01786804199
297.502095 1.16857290268
298.531814 1.01784110069
299.656689 1.1179459095
300.731928 1.06797504425
301.756649 1.01781582832
302.932159 1.1682369709
303.980899 1.01780295372
305.055746 1.06792211533
306.130874 1.06787991524
307.20574 1.06790685654
308.41291 1.11794877052
309.59355 1.11794805527
311.178188 1.11791300774
312.304452 1.11804485321
313.529596 1.21820807457
314.712356 1.01779103279
315.937604 1.21801686287
316.962282 1.01770591736
317.98744 1.01791191101
319.012241 1.01772689819
320.28681 1.21817779541
321.36198 1.06790089607
322.436844 1.06791496277
323.662319 1.21821713448
324.837246 1.16800093651
326.212614 1.36838698387
327.323746 1.01787185669
328.39928 1.0680270195
329.574195 1.16795396805
330.649392 1.06792902946
331.67412 1.01773405075
332.748919 1.067745924
333.774082 1.01787519455
334.848963 1.06784200668
335.92437 1.06801795959
337.047344 1.06781983376
338.22233 1.16794514656
339.247618 1.01795601845
340.372671 1.11781287193
341.969254 1.11807489395
343.045575 1.06802797318
344.120518 1.06788611412
345.190483 0.967823982239
346.265366 1.06784105301
347.641129 1.36846208572
348.825969 1.11800503731
350.151522 1.31834602356
351.226737 1.06790518761
352.301612 1.0678498745
353.37688 1.06799817085
354.491695 1.06792283058
355.567583 1.06775999069
356.592375 1.0177359581
357.717787 1.11802506447
358.842715 1.11797094345
359.968471 1.11807203293
361.093493 1.11800694466
362.265247 1.06792998314
363.29008 1.01783394814
364.36533 1.06790399551
365.314651 0.917664051056
366.339745 1.01783299446
367.314406 0.967712879181
368.339834 1.01782488823
369.565323 1.21848392487
370.590177 1.01787090302
371.765481 1.16828894615
373.001803 1.01787590981
374.077822 1.06796097755
375.152612 1.06777000427
376.224531 1.01782798767
377.299839 1.06806516647
378.375253 1.06811499596
379.593197 1.11812901497
380.718175 1.1179599762
381.693527 0.967903137207
382.968713 1.26821398735
383.94346 0.967719078064
385.018863 1.06807398796
385.993572 0.967678070068
387.171518 0.967713117599
388.246793 1.06790089607
389.421838 1.16802716255
390.597392 1.16818618774
391.67229 1.06790018082
392.646991 0.967708110809
393.722263 1.06790399551
394.797241 1.06793308258
395.82245 1.01789808273
397.205605 1.31830000877
398.790475 1.51858210564
400.215272 1.41829395294
401.790295 1.56852388382
403.365309 1.56851291656
405.219164 1.41848301888
406.495659 1.2683839798
407.921037 1.4183549881
409.4471 1.51872515678
410.822871 1.36832809448
412.498545 1.66863799095
414.124888 1.61872982979
415.500281 1.36832213402
416.875933 1.36829304695
418.201483 1.31826901436
419.72702 1.51849985123
420.992959 1.16820979118
422.11598 0.917722225189
423.291151 1.16808700562
424.566897 1.26831388474
425.742092 1.16815710068
426.76699 1.01785802841
427.792208 1.01782011986
428.867237 1.06798386574
430.04278 1.16813015938
431.318028 1.26813483238
432.342826 1.01771497726
433.526661 0.967688083649
434.601569 1.06784391403
436.085863 1.06815981865
437.162106 1.06795883179
438.186997 1.0177989006
439.457559 1.16812896729
440.732763 1.26816296577
441.807599 1.06778311729
442.933177 1.1181871891
444.058196 1.11792182922
445.133671 1.06808900833
446.208615 1.06774997711
447.33365 1.11795592308
448.409588 1.06802392006
449.534615 1.11797809601
450.509349 0.967649936676
451.48461 0.967826128006
452.509505 1.01782608032
453.584847 1.06799697876
454.609721 1.01783704758
455.606893 0.967668056488
456.71396 1.01777601242
457.7396 1.01789617538
458.964858 1.21815109253
460.040245 1.06799006462
461.295098 1.06791996956
462.320154 1.01789808273
463.34534 1.01777005196
464.370267 1.01780819893
465.695639 1.31821918488
466.899997 0.967798948288
468.026241 1.11808085442
469.301479 1.26814293861
470.326371 1.01780700684
471.451836 1.11807084084
472.616279 0.967915058136
473.834822 1.1179869175
474.859997 1.01777005196
476.035165 1.16798686981
477.110628 1.06804990768
478.386063 1.26829385757
479.511084 1.11788201332
480.536653 1.01812505722
481.661811 1.11801290512
482.687157 1.01787090302
483.812818 1.11819505692
484.987991 1.16804909706
486.013836 1.01798605919
487.03873 1.01781511307
488.114172 1.0679910183
489.338712 1.06784391403
490.513952 1.16810107231
492.291243 1.41860890388
493.766298 1.46858310699
495.59186 1.81907606125
496.866846 1.26829814911
498.09958 1.01800298691
499.275885 1.1680932045
500.4071 1.01790189743
501.432899 1.01797986031
502.558245 1.11817407608
503.583103 1.01772499084
504.658517 1.06799483299
505.633358 0.967733860016
506.758716 1.1180229187
507.833853 1.067953825
508.959372 1.11805915833
509.984356 1.01786208153
512.004475 1.66881608963
513.180099 1.16816115379
514.355968 1.16839599609
515.380853 1.01772999763
516.494613 1.06797099113
517.52027 1.01805400848
518.545572 1.01794695854
519.520885 0.967789888382
520.545882 1.01783299446
521.731058 0.968106985092
522.80646 1.06795501709
523.882183 1.06821298599
524.959086 1.067923069
526.184593 1.21827793121
528.048643 1.46855306625
529.880964 1.56858205795
531.457794 1.56860589981
532.983384 1.51842713356
534.509137 1.51861000061
535.935156 1.41862607002
537.460697 1.51845693588
538.836519 1.36854791641
540.161844 1.31829094887
541.887603 1.71874284744
543.213192 1.31831598282
544.588484 1.36823606491
546.164235 1.56848192215
547.589615 1.41837692261
549.015059 1.41838884354
550.290478 1.26807284355
551.878484 1.31820297241
552.903858 1.01790213585
554.028957 1.11794400215
555.308495 1.0679268837
556.333775 1.01782608032
557.508881 1.16791200638
558.684005 1.16798400879
559.939084 1.01789307594
560.965345 1.01798415184
562.19085 1.21827793121
563.215881 1.01789307594
564.241529 1.01808691025
565.316642 1.06790208817
566.560543 1.0180311203
567.63576 1.06805586815
569.175734 1.36843204498
570.301301 1.11803793907
571.426656 1.11815690994
572.452668 1.01823210716
573.67803 1.21818399429
574.903397 1.21808791161
575.9789 1.06795978546
577.054086 1.0680129528
578.179795 1.11823511124
579.204863 1.01787805557
580.430279 1.21823406219
581.506144 1.06805610657
582.682136 1.16843414307
583.807873 1.11805391312
584.883668 1.06831097603
586.008936 1.11801505089
587.249761 1.06831812859
588.674688 1.41838002205
589.999495 1.31831002235
591.492691 1.26821208
592.719865 1.21853303909
593.946194 1.21849989891
595.171505 1.2181198597
596.447222 1.26835107803
597.622957 1.16829395294
598.748525 1.11808490753
599.924381 1.16840600967
601.099881 1.16821599007
602.426452 1.31875085831
603.75236 1.31848812103
604.927918 1.16815209389
606.203405 1.26834797859
607.233657 0.917904138565
608.409572 1.16835212708
609.534824 1.11800289154
610.560194 1.01783490181
611.535199 0.967788934708
612.760801 1.21814084053
613.936592 1.16826105118
614.962219 1.01811695099
616.188557 1.21842813492
617.283813 1.06782412529
618.359344 1.06806015968
619.384408 1.01786589622
620.559541 1.16798210144
621.966986 0.967919111252
623.736442 1.56868505478
625.161277 1.41831612587
626.886611 1.7187769413
628.46209 1.56869101524
629.937504 1.46852302551
631.262155 1.31816506386
632.636988 1.36825203896
633.912102 1.26826000214
635.286942 1.36829090118
637.012064 1.71859192848
638.837898 1.81903791428
640.162652 1.31817388535
641.787768 1.61853504181
643.11297 1.31830906868
644.638818 1.51874613762
646.163801 1.51845383644
647.264143 0.967695951462
648.389975 1.11806297302
649.414971 1.01774692535
650.390432 0.967867136002
651.46571 1.06801009178
652.777978 1.01787805557
653.904954 1.11801600456
654.92999 1.01785612106
655.905578 0.968040943146
656.93082 1.01802706718
658.163003 1.01811790466
659.289094 1.11824607849
660.364313 1.06795716286
661.539952 1.16811299324
662.715338 1.1682100296
663.881016 1.06783509254
665.007024 1.11817502975
666.132318 1.1180229187
667.158043 1.01811599731
668.484344 1.3184530735
669.534687 1.01792597771
670.560172 1.01793003082
671.68541 1.11791181564
672.76067 1.06796216965
673.937027 1.16833806038
674.975791 0.968056201935
676.101983 1.11825084686
677.076918 0.96772480011
678.202502 1.11812400818
679.228149 1.01803183556
680.343242 1.06801795959
681.653582 1.21824002266
682.678953 1.01781702042
684.028262 1.11815595627
685.104728 1.06801390648
686.179935 1.06793403625
687.255076 1.06791496277
688.38087 1.11822509766
689.456084 1.06796622276
690.631859 1.16821408272
691.65698 1.01788711548
692.68206 1.01782393456
693.707531 1.01791000366
694.732928 1.01779103279
695.908701 1.16816401482
697.037303 0.967952013016
698.213011 1.16834402084
700.282484 1.66889691353
701.657328 1.36823391914
703.032515 1.36834311485
704.357301 1.31817317009
705.384748 1.01797103882
706.410037 1.01789999008
707.885295 1.46853995323
709.511245 1.61887001991
710.587135 1.06817603111
712.06233 1.46851801872
713.137937 1.06794190407
714.919316 1.3685669899
715.995951 1.06810498238
716.971649 0.968019962311
718.19718 1.21824002266
719.765701 1.51858592033
721.645866 1.41853499413
722.922509 1.26836585999
724.247454 1.31821703911
725.722574 1.46846699715
727.09775 1.36852121353
728.623451 1.51859593391
730.098652 1.46851015091
731.47373 1.36840105057
732.798979 1.31829309464
734.074109 1.26848888397
735.449195 1.36839699745
737.024993 1.56875801086
738.900888 1.86921095848
740.476305 1.56863880157
741.934944 1.41862297058
743.259994 1.31837201118
744.951781 1.46857190132
746.175968 1.01795601845
747.253396 1.06837010384
748.378872 1.11811494827
749.504681 1.11806702614
750.53 1.01783013344
751.755623 1.21824002266
752.781359 1.01793003082
753.907322 1.11832094193
754.983571 1.06827092171
756.109083 1.11806797981
757.184307 1.06789493561
758.278867 1.06785988808
759.354506 1.06806397438
760.654767 1.11795687675
761.881809 1.21840214729
763.056632 1.16814494133
764.181291 1.11798405647
765.456155 1.26820707321
766.681234 1.21815800667
767.956171 1.26826810837
769.431419 1.46861696243
770.656603 1.21821403503
771.931456 1.26821112633
773.106231 1.16808891296
774.381525 1.26826691628
775.657082 1.26859593391
777.177402 1.26848912239
778.605262 1.4187939167
779.880714 1.26826906204
781.695828 1.36848902702
783.071367 1.36856603622
784.496574 1.41843485832
785.971858 1.4686319828
787.44752 1.46862387657
788.776534 1.31838703156
790.101563 1.31836390495
791.727972 1.61902809143
793.253265 1.5186150074
794.628827 1.36864709854
796.154325 1.51854896545
797.429281 1.26827692986
798.854463 1.41851806641
800.730498 1.86895298958
802.30592 1.56874895096
803.831374 1.51865315437
805.612304 1.3684117794
806.738169 1.11813592911
807.927405 0.967937231064
809.054153 1.11818885803
810.029595 0.967993021011
811.155261 1.11808300018
812.281767 1.11842989922
813.407337 1.11815190315
814.533214 1.11816096306
815.558614 1.01786112785
816.535669 0.967976093292
817.711426 1.16817212105
818.736726 1.01789593697
819.812507 1.06798195839
821.391325 1.31841111183
822.866548 1.46839404106
824.293832 1.41847395897
825.969498 1.66886115074
827.294997 1.31852293015
828.620765 1.31841897964
830.046123 1.41859507561
831.421255 1.36836504936
832.796793 1.36847305298
834.322178 1.51864695549
835.797501 1.46858096123
837.122836 1.31824302673
838.770092 1.3184709549
840.197938 1.41879200935
841.673561 1.46834206581
843.09955 1.41876006126
