2.22418 1.3682820797
3.550236 1.31786894798
4.924989 1.36787509918
6.299161 1.36803793907
7.623126 1.31783699989
8.847184 1.21775698662
10.171165 1.31788611412
11.595317 1.41801309586
13.069817 1.46813297272
14.49449 1.41791987419
16.119521 1.61833310127
17.795057 1.66857099533
19.269746 1.46799898148
20.79489 1.51816797256
22.069668 1.26801204681
23.443772 1.36795806885
24.884027 1.2680079937
26.15911 1.2679400444
27.133022 0.967660188675
28.507429 1.3681781292
30.026498 1.41817307472
31.301344 1.26800203323
33.125097 1.36827206612
34.551307 1.41826295853
36.026391 1.46840596199
37.451936 1.41855788231
38.62658 1.16793704033
39.901296 1.26798796654
41.456457 1.46828007698
42.95644 1.31822299957
43.980323 1.0177230835
45.155387 1.16800403595
46.380173 1.21804594994
47.454999 1.06781005859
48.479606 1.01784014702
49.704263 1.21791195869
51.029405 1.31814002991
52.332573 1.11793208122
53.357385 1.0178000927
54.181632 0.817528009415
55.586055 1.31813001633
56.710712 1.1179151535
57.748163 0.967837095261
58.772712 1.01779603958
59.697039 0.917591094971
60.671494 0.967741012573
61.796433 1.11781287193
63.557324 1.16804623604
64.783305 1.2180788517
66.058356 1.26828694344
67.333666 1.26822400093
68.608725 1.26829695702
69.683508 1.06804490089
70.658281 0.967735052109
71.972552 1.16795897484
73.597523 1.61844491959
75.072113 1.46838784218
76.196242 1.11791706085
77.721338 1.51856708527
78.945559 1.21803998947
80.570221 1.61847400665
81.918205 1.26812911034
83.443096 1.51866912842
84.967726 1.51841592789
86.492686 1.51845598221
88.017233 1.51834797859
89.391612 1.36818909645
90.866513 1.46839022636
92.341283 1.46854805946
93.915847 1.56841301918
96.220177 1.31845903397
97.295335 1.06787014008
98.219112 0.917598009109
99.343629 1.11778903008
100.518722 1.16808509827
101.883789 1.21820306778
103.108708 1.21808004379
104.132757 1.01774096489
105.157453 1.01765584946
106.282165 1.11796712875
107.657625 1.3684129715
108.581979 0.917586088181
109.60679 1.01779699326
111.279252 1.46864700317
112.203786 0.917713880539
113.178579 0.967733860016
114.15308 0.967736005783
115.673155 1.36840009689
116.698164 1.01782202721
117.923152 1.21816897392
118.947863 1.01782608032
120.173154 1.21810007095
121.147905 0.96783208847
122.818486 1.3686568737
123.8924 1.06777405739
125.416892 1.5183391571
127.05355 1.41853404045
128.229801 1.16824388504
129.404727 1.16809606552
131.070423 1.46838402748
132.295308 1.21808695793
133.5601 1.21806097031
134.53458 0.967656135559
135.692949 1.06800317764
136.917888 1.21808004379
138.142937 1.21818995476
139.318126 1.1680431366
140.620032 1.2182970047
141.945115 1.31821608543
143.170497 1.21813702583
144.388552 1.16803717613
145.692884 1.21827507019
146.918152 1.21811699867
148.173868 1.16817092896
149.439668 1.21817398071
150.564612 1.1180639267
151.689585 1.1180369854
152.815619 1.11808395386
154.019273 1.11832308769
155.294572 1.26810097694
156.619586 1.31816697121
158.237252 1.26831197739
159.463077 1.2180390358
160.637863 1.16802501678
161.947083 1.21808004379
163.172185 1.21797609329
164.346974 1.16796898842
165.550714 1.11805701256
166.854593 1.21806788445
168.179777 1.31812500954
169.454667 1.26804995537
170.657757 1.11782813072
171.775768 1.06790995598
173.233749 1.36834001541
174.408529 1.16792106628
175.749813 1.21803498268
177.018698 1.21809792519
178.170626 1.06786704063
179.39596 1.21815991402
180.549301 1.06799888611
181.624341 1.06788992882
182.74906 1.11787199974
