1.854827 1.56865596771
3.38144 1.5186150074
4.805734 1.41816616058
6.181386 1.36845088005
7.456085 1.26828217506
8.680865 1.21789193153
9.9048 1.21782398224
11.480078 1.56831908226
12.927181 1.41823887825
14.25274 1.31854891777
15.52763 1.26824808121
16.953032 1.41851687431
18.37856 1.41838502884
19.853894 1.46849989891
21.278708 1.41843509674
22.604073 1.31818604469
24.153241 1.36872911453
25.278395 1.11834287643
26.603491 1.31830596924
27.979054 1.36839699745
29.254161 1.26824498177
30.278699 1.01775693893
31.701193 1.21813297272
32.977211 1.26814484596
34.302079 1.31816005707
35.477159 1.16811680794
36.802248 1.31838798523
38.177714 1.36848402023
39.553083 1.36837887764
41.128655 1.56883096695
42.604252 1.46854186058
44.240685 1.468501091
45.265448 1.01783800125
46.440072 1.16796588898
47.614733 1.16799616814
48.690558 1.06795287132
49.965335 1.26808214188
51.193657 1.21842312813
52.568738 1.36836290359
53.592877 1.01783394814
54.767946 1.16806411743
55.742911 0.968110084534
57.107465 1.31841802597
58.282594 1.16808891296
59.557663 1.26824998856
60.925657 1.21860194206
62.284487 1.11832594872
63.36072 1.06820702553
64.485629 1.11814498901
65.761046 1.26835799217
67.036139 1.26833105087
68.211016 1.16816210747
69.3863 1.16821908951
70.561126 1.16809892654
71.586242 1.01804304123
72.711219 1.11824798584
73.867914 1.11813092232
74.992897 1.11827397346
76.11777 1.11809706688
77.809181 1.51903295517
79.429452 1.56896305084
81.054635 1.61904382706
82.128785 1.06798911095
83.503588 1.36842703819
85.129189 1.61908698082
86.704413 1.56873178482
88.129304 1.41848707199
89.253599 1.11807894707
90.728406 1.46862912178
92.003733 1.26856398582
93.424439 1.21838593483
94.900782 1.46849298477
96.249963 1.31840109825
97.6755 1.41840481758
98.900478 1.21827793121
100.442629 1.36871194839
101.768455 1.31870603561
103.394202 1.61900210381
104.41918 1.01801395416
105.594521 1.1682510376
106.798331 1.16837310791
107.922869 1.11807107925
109.047764 1.1180729866
110.272797 1.21829509735
111.498212 1.21829891205
113.085595 1.41844701767
114.560707 1.46837592125
115.887922 1.31834292412
116.962817 1.06812620163
118.187683 1.21809697151
119.41354 1.21831488609
120.58862 1.16807198524
122.021922 1.26838707924
123.247087 1.21835398674
124.741804 1.31832098961
125.667804 0.917969942093
126.892925 1.21830916405
128.017699 1.11804699898
129.34324 1.31845903397
130.568325 1.21825885773
132.262852 1.51894879341
133.441139 1.16855287552
134.716372 1.26832103729
135.790733 1.0680680275
136.88132 1.0680308342
138.056845 1.16841197014
139.031686 0.967896938324
140.106368 1.06793808937
141.181367 1.06796598434
142.105963 0.917825937271
143.180967 1.06800103188
144.205608 1.01785802841
145.869018 1.4685781002
146.993985 1.11819291115
148.118833 1.11807012558
149.243476 1.11808109283
150.262703 0.967907905579
151.487595 1.21809911728
152.61291 1.11819601059
153.637137 1.0179901123
154.764977 0.91788315773
155.880764 1.06821799278
156.855814 0.967983007431
158.053102 1.06852006912
158.977764 0.917814970016
160.103551 1.11859297752
161.328905 1.21847701073
162.454138 1.11823391914
163.729672 1.26837992668
164.772924 0.967966794968
165.597403 0.817597150803
166.800023 1.16818809509
167.974808 1.16821193695
169.049765 1.06813788414
170.174047 1.11805701256
171.39942 1.21826910973
172.624585 1.21828198433
173.749425 1.11802005768
174.874611 1.11812496185
176.049704 1.16819882393
177.105475 0.967939138412
178.230429 1.1181139946
179.406036 1.16824197769
180.581235 1.16831898689
181.606326 1.01797914505
182.580958 0.967844009399
183.794993 1.16822600365
184.769969 0.967839956284
186.164669 1.16826605797
187.201305 0.917726993561
188.453614 1.16815090179
189.528414 1.06819701195
190.70327 1.16807484627
192.239266 1.2182970047
193.214396 0.96794295311
194.340206 1.11840200424
195.465396 1.11810112
196.768156 1.21833705902
197.792977 1.01793384552
199.018036 1.21821093559
200.32477 1.21841716766
201.65034 1.31844902039
202.775474 1.11801600456
204.35603 1.41864800453
205.581118 1.21827816963
206.848715 1.21821522713
207.974172 1.11817908287
209.217612 1.06848287582
210.292888 1.06816577911
211.567869 1.2682030201
212.693013 1.11805510521
213.717729 1.01792383194
214.977432 1.16812992096
216.254844 0.967908143997
217.431452 1.16822290421
218.731957 1.11850094795
220.083937 1.26826095581
221.335244 1.16836190224
222.510623 1.16824007034
223.774202 1.21814799309
224.93231 1.06799507141
226.157785 1.21836805344
227.332947 1.16817212105
228.536073 1.11813020706
229.789563 1.16823101044
230.965186 1.16830205917
232.290964 1.31861305237
233.467195 1.1686630249
234.843283 1.11828303337
236.068322 1.21818089485
237.32873 1.16864013672
238.603857 1.26823711395
239.94489 1.21823406219
241.020764 1.06825900078
242.346284 1.31850504875
243.771709 1.41853117943
245.087754 1.26837205887
246.440802 1.26819300652
248.130634 1.16825318336
249.307342 1.16823387146
250.683785 1.26834988594
251.75916 1.06842803955
253.085167 1.31870293617
254.412151 1.31872296333
255.658312 1.11809396744
257.033819 1.36855483055
258.488873 1.36870408058
259.76359 1.26840114594
261.330051 1.51890587807
262.855805 1.51877903938
264.280826 1.41855311394
265.80644 1.51901221275
267.231606 1.4184679985
268.756489 1.51855182648
270.181345 1.41853404045
271.606571 1.41863489151
272.881466 1.2685751915
274.3568 1.46895384789
276.03209 1.66891622543
277.457667 1.41871905327
278.922316 1.06860995293
280.249019 1.31869196892
281.500747 1.16835689545
282.576321 1.06837701797
283.835139 1.21850800514
285.011273 1.16857600212
286.366805 1.26871109009
287.47033 1.01823616028
288.84634 1.36861491203
289.871513 1.01823186874
291.030884 1.06852579117
292.106157 1.06819415092
293.282219 1.16853308678
294.612366 1.16842794418
295.917276 1.21845698357
296.993522 1.06838083267
298.168729 1.16821503639
299.323097 1.06810212135
300.44848 1.11826515198
301.674611 1.2185280323
303.013496 1.16843008995
304.088978 1.06817412376
305.415001 1.31848597527
306.788907 1.26833081245
308.092442 1.21841287613
309.384794 1.06815099716
310.712224 1.21844983101
312.109166 1.26851701736
313.284286 1.16816091537
314.545494 1.16829705238
315.670677 1.1182539463
317.214482 1.21823000908
318.440387 1.21817994118
319.733186 1.16830587387
320.908369 1.16821098328
322.345162 1.11834907532
323.700515 1.26866292953
325.12599 1.41849398613
326.602213 1.3687479496
327.960882 1.21854496002
329.036602 1.06818199158
330.362448 1.31847906113
331.608513 1.11863493919
332.850935 1.11835813522
334.104671 1.16846394539
335.387665 1.11832809448
336.673747 1.11802816391
338.065921 1.26866006851
339.391327 1.31842899323
341.02731 1.31874299049
342.656263 1.41894316673
344.131571 1.46872806549
345.70954 1.56899309158
347.28511 1.56896686554
348.860657 1.56893801689
350.335927 1.46862888336
351.661169 1.31862401962
353.086693 1.41893911362
354.462268 1.36872196198
355.887835 1.41894197464
357.363324 1.46883392334
358.588841 1.21858882904
360.064498 1.46898722649
361.389832 1.31872296333
362.815678 1.41885089874
364.341458 1.51916718483
