1.924021 1.36817002296
3.300008 1.368227005
4.724508 1.41830205917
6.249969 1.5183699131
7.775007 1.51828598976
9.14959 1.36814689636
10.624733 1.468334198
12.300448 1.66869807243
13.87517 1.5685031414
15.349883 1.46838092804
16.724683 1.36837911606
18.049079 1.31815004349
19.424207 1.36829304695
20.748956 1.31823706627
22.123433 1.36829900742
23.698204 1.5685479641
25.222591 1.46849513054
26.647354 1.41844081879
28.122105 1.46844506264
29.647145 1.51851296425
31.021772 1.36837911606
32.628396 1.4185218811
34.054866 1.41848897934
35.379973 1.31840085983
36.805555 1.41850495338
38.230984 1.41853094101
39.65615 1.41846299171
41.132415 1.46883392334
42.807909 1.66876292229
44.28359 1.46871089935
45.758997 1.46865820885
47.33488 1.56881594658
48.92973 1.46877098083
50.305378 1.36859202385
51.731015 1.41859102249
53.00694 1.26846885681
54.382556 1.36849308014
55.708556 1.31858205795
57.184295 1.46866106987
58.509316 1.31827998161
59.83459 1.31827998161
61.259703 1.41835689545
62.853943 1.36853408813
64.280748 1.41847896576
65.60648 1.31855511665
66.982606 1.36864304543
68.457926 1.4685280323
69.782969 1.3182759285
71.281677 1.36848092079
72.60687 1.3182580471
73.933368 1.31856393814
75.208476 1.26832294464
76.48387 1.26828503609
77.808966 1.31828403473
79.083978 1.26823806763
80.359133 1.26838111877
81.834867 1.46853208542
83.109882 1.26826500893
84.385302 1.26831388474
85.660234 1.26820087433
86.935191 1.26816010475
88.161136 1.21847605705
89.536219 1.36832499504
90.811722 1.26840901375
92.200418 1.26822304726
93.644476 1.21840906143
94.870782 1.21843695641
96.095646 1.21809196472
97.270632 1.1681201458
98.596078 1.31838011742
99.771051 1.16812396049
101.046932 1.26847314835
102.372051 1.31831908226
103.64711 1.2682659626
104.873129 1.21848297119
106.149171 1.26874399185
107.425169 1.26853990555
108.60009 1.16811990738
109.925153 1.31822609901
111.251176 1.31857609749
112.643486 1.26865887642
113.836949 1.16834902763
115.112636 1.26852202415
116.288246 1.16820502281
117.463756 1.16836810112
118.639319 1.16831207275
119.864904 1.21844506264
120.990308 1.11830687523
122.165619 1.16820192337
123.391205 1.21838903427
124.820025 1.21839904785
126.04659 1.21834492683
127.171511 1.1180961132
128.346917 1.1682510376
129.521905 1.1681740284
130.746959 1.21824908257
132.095133 1.21846699715
133.270293 1.16811299324
134.44577 1.16826295853
135.620858 1.16827297211
136.695651 1.06793189049
137.821482 1.11827516556
138.997036 1.16836905479
140.122437 1.11821913719
141.348417 1.21836090088
142.573505 1.2181661129
143.80035 1.21882009506
144.976016 1.1684448719
146.151474 1.16831493378
147.276852 1.11818099022
148.452467 1.16847300529
149.627901 1.16820597649
151.067053 1.31848883629
152.192508 1.11822104454
153.267391 1.06798219681
154.493904 1.21850299835
155.78615 1.11830019951
156.812202 1.01796507835
157.98736 1.16826319695
159.062811 1.06838798523
160.18825 1.11826300621
161.363898 1.16842103004
162.539379 1.16824007034
163.714405 1.16817378998
164.889469 1.16822314262
166.014717 1.11816191673
167.339861 1.31829094887
168.515264 1.16818499565
169.87433 1.21853780746
170.999292 1.11804485321
172.124579 1.1180729866
173.19986 1.06806206703
174.22527 1.01801204681
175.350338 1.11814212799
176.425206 1.06798696518
177.600531 1.16820192337
178.775532 1.16815686226
179.85091 1.06814813614
181.026026 1.16819596291
182.251054 1.21813106537
183.326202 1.06803512573
184.50122 1.16807389259
185.626584 1.11816287041
186.868575 1.06798410416
188.120856 1.11820483208
189.246331 1.11824893951
190.37118 1.1179959774
191.446399 1.06804609299
192.52125 1.06793808937
193.596411 1.06799006462
194.721321 1.11803913116
195.796193 1.06801199913
196.971607 1.16815900803
198.146748 1.16830801964
199.271611 1.11795783043
200.346766 1.06788110733
201.421777 1.06790089607
202.598154 1.16846990585
203.673486 1.06815195084
204.798878 1.1181640625
206.238517 1.31826114655
207.863493 1.61865901947
209.190179 1.31843113899
210.565053 1.36848807335
211.789675 1.21829414368
213.165136 1.36875414848
214.690347 1.51858496666
216.115122 1.41844415665
217.777514 1.41855597496
219.254238 1.46856021881
220.679928 1.41863894463
221.955123 1.26826000214
223.280732 1.31837081909
224.806382 1.51870512962
226.33231 1.51870298386
227.707674 1.36842298508
229.231963 1.36848092079
230.757356 1.51864218712
232.132039 1.36835885048
233.607055 1.46850991249
235.082295 1.46851396561
236.40726 1.31847500801
237.83221 1.41854810715
239.2073 1.36848807335
240.582037 1.36849999428
242.056917 1.468542099
243.532091 1.46862411499
245.007169 1.46877288818
246.532021 1.51860713959
248.201323 1.46868395805
249.577909 1.36853599548
250.95319 1.36842608452
252.232735 1.11824607849
253.307973 1.06815004349
254.382912 1.0679268837
255.458284 1.06809902191
256.533285 1.06799888611
257.608185 1.06796097755
258.633497 1.01798510551
259.708454 1.06798696518
260.834311 1.11815190315
261.909482 1.0681951046
263.034688 1.11822795868
264.11063 1.06817102432
265.235826 1.11821007729
266.311412 1.06810903549
267.386631 1.0681438446
268.511733 1.1181230545
269.749992 1.11808300018
270.825767 1.06812095642
271.900927 1.06812500954
272.925971 1.01795506477
274.051523 1.11818909645
275.177415 1.11858916283
276.252921 1.06821322441
277.378161 1.11827516556
278.693618 1.11829304695
279.769996 1.0681078434
280.895187 1.1181910038
281.970212 1.06799793243
283.045693 1.06801891327
284.120854 1.0681681633
285.196356 1.06819391251
286.321696 1.11832499504
287.570119 1.11821484566
288.695747 1.1182808876
289.87163 1.16847205162
290.947086 1.06814694405
292.022253 1.06812810898
293.197368 1.16809105873
294.323067 1.11834406853
295.498275 1.16821193695
296.573297 1.06798195839
297.648877 1.06813788414
298.924433 1.2684648037
300.100297 1.16852402687
301.226054 1.11810684204
302.301039 1.06800103188
303.376618 1.06820583344
304.551948 1.16823816299
305.808043 1.11830592155
306.88343 1.06808519363
308.05868 1.16814494133
309.367858 1.06827998161
310.594849 1.21842813492
311.770587 1.1683819294
312.796294 1.01810884476
313.871415 1.06811594963
314.896726 1.01801609993
315.972559 1.06816887856
317.047531 1.06792902946
318.122884 1.06806397438
319.197876 1.06798911095
320.273158 1.06808114052
321.298661 1.01815485954
322.424324 1.11828494072
323.668848 1.11813902855
324.794553 1.11821103096
325.869611 1.06806397438
326.944662 1.06800508499
328.069986 1.11807394028
329.245127 1.16812109947
330.320549 1.06811189651
331.395708 1.06809616089
332.520933 1.11796307564
333.64692 1.11832094193
334.722746 1.06845998764
335.899466 1.16848683357
337.074642 1.16816091537
338.149762 1.06799697876
339.225322 1.06815195084
340.52444 1.06827688217
342.316561 1.56877207756
343.791728 1.46854996681
345.266592 1.46847605705
346.791573 1.51865696907
348.266334 1.46839499474
349.691496 1.41848301888
351.16648 1.46861386299
352.591155 1.41837000847
354.016283 1.41850590706
355.54125 1.51860713959
357.116215 1.56859707832
358.542531 1.41858291626
360.067547 1.51858496666
361.642814 1.56891608238
363.068043 1.41854405403
364.492838 1.41845417023
