2.008906 1.46823787689
3.434668 1.41825199127
4.859779 1.41827583313
6.184062 1.31816601753
7.458552 1.26810693741
8.983099 1.51838183403
10.458 1.46823716164
11.982808 1.51845002174
13.407785 1.41828298569
14.932681 1.51851201057
16.357659 1.41829204559
17.731991 1.36818790436
19.256543 1.51836919785
20.732103 1.46857905388
22.107026 1.36824512482
23.63188 1.51846790314
25.15493 1.46836304665
26.67957 1.51844406128
28.154142 1.46830010414
29.52885 1.36825299263
30.953364 1.41836595535
32.703126 1.51861000061
34.179769 1.4688270092
35.554777 1.3683488369
36.930182 1.36849689484
38.455408 1.5185880661
39.680144 1.21812391281
41.255774 1.56871414185
42.730978 1.46854805946
43.956126 1.21822690964
45.381176 1.41843509674
47.006528 1.61866617203
48.421654 1.26832795143
49.596757 1.16805481911
50.821635 1.21819901466
52.046424 1.21808600426
53.321755 1.26829910278
54.49678 1.16836380959
55.72203 1.2183098793
56.896816 1.16812109947
58.071597 1.16813397408
59.296689 1.21813702583
60.521556 1.21820783615
61.846795 1.31828713417
63.262882 1.21821403503
64.488861 1.21823096275
65.663668 1.16809511185
66.888511 1.21819591522
68.362329 1.31847190857
69.736702 1.3682551384
71.161426 1.41837120056
72.636029 1.46845412254
74.010452 1.368309021
75.459242 1.41853284836
76.883811 1.41841292381
78.40824 1.51839804649
79.782493 1.3682820797
81.158563 1.36849498749
82.733241 1.56868600845
84.558271 1.81898617744
85.932897 1.36832308769
87.507558 1.56868219376
88.882096 1.36846590042
90.406993 1.5186021328
92.117163 1.56878399849
93.872554 1.51874494553
95.399269 1.5188639164
96.724484 1.31845998764
98.049562 1.31834888458
99.77554 1.71892905235
101.401151 1.61886310577
102.876834 1.46866512299
104.452417 1.56885719299
105.977859 1.51872110367
107.353353 1.36849808693
108.778599 1.41848111153
110.304669 1.51892709732
111.729978 1.41859793663
113.30545 1.56871294975
114.780993 1.46854090691
116.222028 1.31839609146
117.447485 1.21832299232
118.722732 1.26835894585
119.948038 1.21823191643
121.27328 1.31849312782
122.49835 1.21826696396
124.014348 1.26842403412
125.290809 1.26857209206
126.51597 1.21839404106
127.741036 1.21827411652
128.916752 1.16832494736
130.242075 1.31849884987
131.417404 1.16824603081
132.692653 1.26851201057
133.967821 1.26839399338
135.143254 1.16837096214
136.482595 1.21838212013
137.658734 1.16832304001
138.883928 1.21836280823
140.109024 1.21826910973
141.350492 1.21829009056
142.625814 1.26833200455
143.800801 1.16823077202
144.975882 1.16832113266
146.251267 1.2683660984
147.476406 1.21834087372
148.801837 1.31841397285
150.027017 1.21830606461
151.152344 1.11823296547
152.377363 1.21824407578
153.602751 1.21833896637
155.003379 1.21820688248
156.250693 1.11815786362
157.375592 1.1181678772
158.751219 1.36855983734
159.926192 1.16822385788
161.101267 1.16812419891
162.276588 1.16828489304
163.451485 1.16817092896
164.676825 1.21829485893
165.851816 1.16828107834
166.926575 1.06801819801
168.252084 1.31842422485
169.427016 1.16812801361
170.65245 1.21836304665
171.777314 1.11815595627
172.902168 1.11810588837
174.127342 1.2181789875
175.460781 1.2183740139
176.535914 1.06808209419
177.661007 1.11833310127
178.736317 1.06808805466
179.91135 1.16829299927
181.086311 1.16813707352
182.161468 1.06810903549
183.236313 1.06802415848
184.411744 1.16830205917
185.716612 1.11828303337
186.792849 1.06837010384
187.917824 1.11821508408
188.9926 1.0680129528
190.068157 1.06807684898
191.142923 1.06804203987
192.218056 1.06810307503
