1.743715 1.41836690903
3.269625 1.51820111275
4.944499 1.66862416267
6.469067 1.51834702492
8.066869 1.56846904755
9.541559 1.46835899353
11.167591 1.61905002594
12.843148 1.66872310638
14.26798 1.41828179359
15.89333 1.61855196953
17.267891 1.36810207367
18.84309 1.56842207909
20.518545 1.66858482361
21.993498 1.46848893166
23.518754 1.51839494705
24.844582 1.31815004349
26.302761 1.36857700348
27.627935 1.3181040287
29.003127 1.36829185486
30.351455 1.31825089455
31.896315 1.31821799278
33.222477 1.31819295883
34.79785 1.56863903999
36.173555 1.36835002899
37.648746 1.46844315529
39.174008 1.51850199699
40.499215 1.31822299957
41.924443 1.41840982437
43.349956 1.41847801208
44.725099 1.36839914322
46.150566 1.41853690147
47.556652 1.36836385727
48.89309 1.26813602448
50.468769 1.56866812706
52.043836 1.56888103485
53.368185 1.31821298599
54.592654 1.21805500984
56.067373 1.46851992607
57.391873 1.31833100319
58.766699 1.36827802658
60.441675 1.66883611679
61.966411 1.51853895187
63.472157 1.3186109066
64.948526 1.46863293648
66.523842 1.56862282753
67.898929 1.3683218956
69.47556 1.56909704208
70.901035 1.41867804527
72.174352 1.16825795174
73.349484 1.16808891296
74.674794 1.31827092171
76.123498 1.41868400574
77.449112 1.31855201721
78.724179 1.26820206642
79.899019 1.16807603836
81.29518 1.21829915047
82.670427 1.36845517159
83.946004 1.26833987236
85.171301 1.21850419044
86.633059 1.4184858799
87.808301 1.16816997528
89.033249 1.21812295914
90.40924 1.36861181259
91.784498 1.36847496033
93.09411 1.21827888489
94.570372 1.26825404167
95.846779 1.26853299141
97.221903 1.36837506294
98.546951 1.31825184822
99.822332 1.26826691628
101.197565 1.36842298508
102.473035 1.26829910278
103.747986 1.26815009117
105.022956 1.26817798615
106.29833 1.26821899414
107.69908 1.31826400757
108.974661 1.26839208603
110.300325 1.31856894493
111.626159 1.31834602356
112.901513 1.26832389832
114.495205 1.46865797043
116.070118 1.56864190102
117.394586 1.31822395325
118.853665 1.41847586632
120.278358 1.41843700409
121.652983 1.36836600304
123.178188 1.5186920166
124.80333 1.61875796318
126.315662 1.26822400093
127.692209 1.36845684052
129.217775 1.51877713203
130.793467 1.56881713867
132.820103 2.01953792572
134.29539 1.46849799156
135.63876 1.3184170723
137.064465 1.41876482964
138.601792 1.41920280457
140.478217 1.86960506439
142.103619 1.61900305748
143.579499 1.46894216537
145.255281 1.66911506653
146.931065 1.66914606094
148.456033 1.51863002777
149.781126 1.31852507591
151.256301 1.46856093407
153.032062 1.76925992966
154.657402 1.6189250946
156.183715 1.51883602142
157.762304 1.36858701706
159.18894 1.4186899662
160.514422 1.31876301765
162.240442 1.71906709671
163.749747 1.36894488335
165.175664 1.41872286797
166.601218 1.4186630249
168.126811 1.51874995232
169.853365 1.71929121017
171.679491 1.81916594505
173.005117 1.31848716736
174.530681 1.51868414879
176.0561 1.51855683327
177.331579 1.26833415031
178.756874 1.41841483116
180.032469 1.268460989
181.407802 1.36842417717
182.656439 1.21824407578
183.982239 1.3184030056
185.390268 1.31859707832
186.665895 1.26843810081
188.157176 1.31858587265
189.584076 1.41884684563
191.460381 1.8693819046
192.685816 1.21825790405
193.961822 1.26890707016
195.336983 1.36830997467
196.712641 1.36849403381
197.987887 1.26833486557
199.564221 1.56886410713
200.739275 1.1681189537
202.064482 1.3183259964
203.389987 1.31837511063
204.916821 1.46867203712
206.092251 1.16832494736
207.750633 1.46901488304
209.276338 1.5187959671
210.550869 1.26827311516
212.126397 1.56891393661
213.400955 1.26824688911
214.825674 1.41850709915
216.551411 1.71918797493
217.875938 1.3182990551
219.547336 1.36875486374
220.974446 1.41875505447
222.399988 1.41862607002
224.126959 1.71941804886
225.803065 1.66908097267
227.178509 1.36858201027
228.554329 1.36865615845
230.079943 1.51874494553
231.551787 1.31876897812
232.827703 1.26845407486
234.153099 1.31846690178
235.429236 1.26849889755
236.704556 1.2683339119
238.180211 1.46868896484
239.405934 1.21848106384
240.981798 1.56893396378
242.307591 1.31852507591
243.582824 1.26831412315
244.858183 1.26836895943
246.634479 1.76911616325
247.859919 1.21846795082
249.436185 1.56897091866
250.944326 1.26852679253
252.170891 1.21846818924
254.311598 1.61929821968
255.936623 1.61878705025
257.461821 1.51868009567
259.092167 1.46861004829
260.717445 1.61890816689
262.443239 1.71917819977
263.918275 1.46869301796
265.743948 1.8193321228
267.319568 1.56899690628
268.946715 1.61917686462
270.444108 1.46863508224
272.06938 1.61898803711
273.445941 1.36868000031
275.422599 1.96996092796
276.948021 1.51885986328
278.574474 1.61906003952
280.14233 1.36875796318
282.061991 1.61926484108
283.388659 1.31851387024
284.663986 1.26831698418
286.091559 1.41870594025
287.366994 1.26842808723
288.692426 1.31845188141
289.868045 1.16836881638
291.393848 1.51879882812
292.687553 1.26850008965
294.063044 1.36850404739
295.338527 1.26838898659
296.664184 1.31840586662
297.98955 1.31842398643
299.265247 1.26845502853
300.540602 1.2683069706
302.242299 1.46866703033
303.588797 1.31850194931
304.915578 1.31893014908
306.241628 1.31874203682
307.467235 1.21836090088
308.939534 1.31846499443
310.265033 1.31846117973
311.741177 1.4688770771
313.192009 1.21845197678
314.719062 1.51888418198
315.944573 1.21836304665
317.271326 1.31893992424
318.578134 1.21831703186
319.944251 1.26822495461
321.221291 1.26855397224
322.647137 1.41860508919
324.615717 1.76977300644
326.141706 1.51886510849
327.818297 1.66906785965
329.293893 1.46854281425
330.776066 1.26863503456
332.051433 1.26832294464
333.529287 1.46944189072
335.005102 1.46875905991
336.530919 1.51869297028
337.806587 1.26840591431
339.132088 1.31845998764
341.109353 1.96984410286
342.434912 1.3184671402
344.259992 1.61939501762
345.987378 1.71913909912
348.064274 2.06985092163
349.573983 1.31866908073
351.550126 1.96976685524
353.025931 1.46923589706
354.450816 1.41856193542
356.076882 1.61936283112
358.040502 1.81954693794
359.465605 1.41875600815
360.890743 1.41871500015
362.517162 1.61941289902
363.89205 1.36852407455
365.166988 1.26848888397
366.642428 1.46872997284
368.06739 1.41854596138
369.59373 1.51876497269
370.918805 1.31839394569
372.694531 1.76933407784
