1.848522 1.41811299324
3.374653 1.51843190193
4.699772 1.31824207306
6.174219 1.46828484535
7.698705 1.51838612556
9.123165 1.41815114021
10.648256 1.51840806007
12.022979 1.36830615997
13.461255 1.41849517822
15.186357 1.71892118454
16.560637 1.36815810204
17.986837 1.41842699051
19.512815 1.5188190937
20.887848 1.36833810806
22.46323 1.56861710548
23.938559 1.46840500832
25.41876 1.36841797829
26.693995 1.2682261467
28.019092 1.31825590134
29.244928 1.21816587448
30.620105 1.36837100983
32.085918 1.26831698418
33.462339 1.368475914
34.687099 1.21810102463
35.962632 1.26844906807
37.337631 1.3683950901
38.712667 1.36836218834
40.087996 1.36837005615
41.366252 1.26842498779
42.692266 1.31867814064
44.017204 1.31828308105
45.442463 1.41848087311
46.863913 1.31830787659
48.239532 1.36864805222
49.515107 1.26853895187
50.790766 1.26850509644
52.116816 1.31859207153
53.442287 1.31846213341
54.668129 1.21848917007
55.943773 1.26863193512
57.219391 1.26846289635
58.594754 1.3683950901
59.819626 1.21822786331
61.044772 1.21818089485
62.451332 1.21826505661
63.727393 1.26828789711
64.9524 1.21828508377
66.227583 1.26837587357
67.617614 1.26855683327
68.942977 1.31837391853
70.268059 1.31831979752
71.54398 1.26846599579
72.768996 1.2181429863
74.043997 1.26824998856
75.269567 1.21835279465
76.594618 1.31829595566
77.869559 1.2681620121
79.145037 1.26839113235
80.42074 1.26863288879
81.746872 1.31868696213
82.972361 1.21844911575
84.297412 1.31832098961
85.472665 1.16817307472
86.798035 1.31862688065
88.167103 1.26828718185
89.392692 1.21822214127
90.66769 1.26823711395
91.892989 1.21828985214
93.327332 1.21849894524
94.553886 1.21862697601
95.828919 1.26827406883
97.054413 1.21840000153
98.380172 1.3186788559
99.605198 1.21823191643
100.881792 1.26852488518
102.106802 1.21817803383
103.382406 1.26841902733
104.60759 1.21838998795
105.782464 1.16811203957
107.007761 1.21823787689
108.28008 1.16834020615
109.455009 1.16812491417
110.780146 1.31839704514
112.056185 1.26841497421
113.38136 1.31841278076
114.606247 1.21812200546
115.781618 1.16829204559
117.056637 1.26827192307
118.332141 1.26843094826
119.557192 1.21828508377
120.782749 1.21847701073
122.058248 1.26831793785
123.233064 1.16809797287
124.643136 1.21830391884
125.869403 1.21823716164
127.094581 1.21834301949
128.644305 1.41862010956
130.219316 1.5688419342
131.594054 1.36855483055
133.068824 1.46855711937
134.443792 1.36840510368
135.968607 1.51861691475
137.243102 1.26827216148
138.618732 1.36855888367
140.093534 1.46859002113
141.51827 1.41849708557
143.043549 1.51872205734
144.518435 1.46866893768
145.74313 1.21832299232
147.218374 1.46868681908
148.593091 1.36852407455
150.067873 1.46852397919
151.63997 1.46865987778
152.865435 1.2183611393
154.140698 1.26840496063
155.434091 1.11811184883
156.810953 1.36877012253
158.036303 1.21836495399
159.261734 1.21834182739
160.487074 1.21852207184
161.762286 1.26839113235
162.887693 1.11829686165
164.062755 1.16821408272
165.28828 1.21845412254
166.613658 1.31854200363
167.738547 1.11804914474
169.06409 1.31849122047
170.239087 1.16810011864
171.576311 1.21839499474
172.751339 1.16816496849
173.926657 1.16824293137
175.101633 1.16817784309
176.377183 1.26847195625
177.602313 1.21822619438
178.927644 1.3185031414
180.052873 1.11815190315
181.178091 1.11808800697
182.403948 1.21832895279
183.578871 1.16808795929
184.803993 1.21831798553
186.142735 1.16815900803
187.318762 1.16817498207
188.593847 1.2682929039
189.718719 1.11811208725
191.147963 1.31838107109
192.323428 1.16838407516
193.548521 1.2182598114
194.924206 1.3685541153
196.349625 1.41859197617
197.574756 1.2182290554
198.800141 1.2182559967
199.925051 1.11810612679
201.300435 1.3684630394
202.526044 1.21834516525
203.701006 1.16811394691
204.826376 1.11818003654
206.201774 1.36857008934
207.527967 1.31876683235
208.853848 1.31858515739
210.079516 1.21848917007
211.712974 1.5690600872
213.155037 1.41861104965
214.530083 1.36863207817
215.95497 1.41861605644
217.635133 1.51858687401
219.161992 1.51877188683
220.737615 1.56874799728
222.313619 1.56885099411
223.638937 1.31843090057
225.014737 1.36862492561
226.440642 1.41869187355
227.916992 1.46903705597
229.543014 1.61892080307
231.0186 1.46871900558
232.444551 1.41879200935
233.971513 1.51912713051
235.24558 1.16821193695
236.42129 1.16844081879
237.596426 1.16825294495
238.972354 1.36874008179
240.248046 1.26849198341
241.423207 1.16816782951
242.748874 1.31849193573
244.024264 1.26843690872
245.149197 1.11805796623
246.525102 1.36869096756
247.987128 1.16848897934
249.264626 1.26894903183
250.490438 1.21857190132
251.716605 1.21858406067
252.942444 1.2185561657
254.217709 1.26836514473
255.546763 1.21838879585
256.77214 1.21839809418
258.047731 1.2683839798
259.272881 1.21825504303
260.498085 1.21824216843
261.773729 1.26845908165
262.999342 1.21862912178
264.324613 1.31835603714
265.550716 1.2183701992
266.77653 1.21856808662
268.102241 1.31844496727
269.377613 1.26842689514
270.652879 1.26833486557
271.92842 1.26834416389
273.253947 1.31851410866
274.530135 1.26883912086
275.799614 1.16829586029
277.025629 1.21837592125
278.679034 1.36852502823
279.905573 1.21839594841
281.130742 1.21828699112
282.45606 1.31843090057
283.681592 1.21824407578
284.906855 1.21835303307
286.082282 1.16822385788
287.407667 1.31848096848
288.783188 1.36847519875
290.008761 1.21836709976
291.284181 1.26843309402
292.559961 1.26851987839
293.735134 1.16820693016
294.960404 1.21832704544
296.554202 1.46858501434
298.029385 1.46854019165
299.604325 1.56862592697
301.129382 1.51867604256
302.604608 1.46861815453
304.0295 1.41855502129
305.855504 1.81939196587
307.330744 1.46862602234
309.083875 1.56890797615
310.560947 1.46891117096
312.036528 1.46865010262
313.462472 1.41864776611
314.787964 1.31854104996
316.313511 1.51863408089
317.98972 1.6689760685
319.31512 1.31839799881
320.690687 1.26845598221
322.016512 1.31851696968
323.242072 1.21846103668
324.518607 1.26879096031
325.744275 1.21852111816
327.019638 1.26836705208
328.345039 1.3184440136
329.570793 1.21834778786
330.796334 1.2183470726
331.972273 1.1686000824
333.147525 1.16822886467
334.372848 1.21838617325
335.649056 1.26848196983
336.874326 1.21829485893
338.065284 1.16837596893
339.437192 1.21857786179
340.770333 1.21840691566
342.045868 1.26846909523
343.271091 1.21831488609
344.396812 1.11812710762
345.62262 1.21850705147
346.948461 1.31851196289
348.223729 1.26836204529
349.549104 1.31844305992
350.774478 1.21815705299
352.049806 1.2683429718
353.225598 1.16848111153
354.651579 1.41852903366
355.826923 1.1683011055
357.00233 1.16818213463
358.277579 1.26835107803
359.603075 1.31840109825
361.399961 1.66882300377
362.927065 1.51886701584
364.802594 1.86918401718
366.32756 1.51862192154
367.703127 1.36865997314
369.07877 1.36891484261
370.58335 1.31868290901
372.060214 1.46871209145
373.585832 1.51872301102
375.111829 1.51881790161
376.687659 1.56863117218
378.163172 1.46870112419
379.639001 1.46870708466
381.014382 1.36850094795
382.540019 1.51869511604
383.965846 1.41866087914
