0.79721 0.516870975494
1.472798 0.667237043381
2.046201 0.567096948624
2.619468 0.567087173462
3.593471 0.967601060867
4.167355 0.567115068436
4.741406 0.567028999329
5.665819 0.917656898499
7.541618 1.86903905869
9.167519 1.61886382103
10.242578 1.06797885895
11.166724 0.917648077011
11.990498 0.817544937134
13.114721 1.11794400215
15.19095 2.06959199905
15.965051 0.767356157303
16.795843 0.667512893677
17.369967 0.567235946655
17.894449 0.517336845398
18.468634 0.567299842834
20.644872 2.1699051857
21.369485 0.717470169067
21.943673 0.56728887558
22.918426 0.917860984802
23.492034 0.567224979401
24.066524 0.567360162735
25.492145 1.41873192787
26.066337 0.567306995392
28.342931 2.26997280121
28.917161 0.567329883575
29.441662 0.517325878143
30.015304 0.567301034927
32.409883 2.27025103569
33.184431 0.567434072495
33.709538 0.517238855362
34.784426 1.06811094284
36.360271 1.56881093979
36.884245 0.517205953598
37.460065 0.567360877991
37.984167 0.517305135727
38.658515 0.667610883713
39.23322 0.567610025406
40.37288 1.06799006462
40.897303 0.517374038696
42.873691 1.96958589554
43.397649 0.517213106155
44.923576 1.5187997818
45.94835 1.01797914505
47.410974 1.11829090118
48.485502 1.06813001633
49.008938 0.517275094986
50.485039 1.46904087067
51.059553 0.567407131195
51.583765 0.517288923264
52.108489 0.517647027969
53.784359 1.66899013519
54.308785 0.517356872559
54.884711 0.567494153976
55.409008 0.517385959625
55.949248 0.517312049866
56.523551 0.567497014999
57.047872 0.517295837402
58.674141 1.61914682388
59.90749 1.06815600395
60.431806 0.5172290802
61.006541 0.517225980759
61.580515 0.567471027374
62.655447 1.06807899475
63.608282 0.717751979828
64.83491 1.21861791611
65.609949 0.767928123474
66.234616 0.567509174347
66.758798 0.517274141312
67.283086 0.517421960831
68.207015 0.767884016037
68.731991 0.517688035965
69.306287 0.567420959473
70.682228 1.36879301071
71.20641 0.517286777496
71.780627 0.567326068878
72.305156 0.517287015915
72.829335 0.517322063446
73.753944 0.917955160141
74.328402 0.567473888397
74.852583 0.517339944839
75.427237 0.56747508049
76.896746 1.26846194267
77.871054 0.967978000641
78.444838 0.567301034927
79.719494 1.26837396622
81.294669 1.56891393661
81.818489 0.51714015007
82.3921 0.567310094833
83.216066 0.817714929581
85.544623 2.32023286819
86.118536 0.567478179932
86.642093 0.517324924469
87.366298 0.717654943466
89.542436 2.16989994049
90.666907 1.11820006371
91.541416 0.867924928665
93.317054 1.7693529129
94.311423 0.567481040955
94.8364 0.517251968384
95.757469 0.867846012115
96.481919 0.717627048492
97.056818 0.567523002625
97.631038 0.567381858826
99.256779 1.61887216568
99.78117 0.517261981964
100.305312 0.517235040665
101.001604 0.667551994324
101.575911 0.567417144775
102.302107 0.567335128784
102.876664 0.567396879196
103.400905 0.517246007919
103.975113 0.567311048508
104.549208 0.56742310524
105.123514 0.567393064499
105.698777 0.567683935165
107.373613 1.41883587837
107.947264 0.567429065704
109.071788 1.11824512482
109.996341 0.91793513298
111.721803 1.71921396255
112.245395 0.517354011536
114.471658 2.2199780941
114.995557 0.517362117767
115.569235 0.567432165146
116.142886 0.56742310524
116.716818 0.567399978638
117.240381 0.517319917679
118.314861 1.0682580471
118.888841 0.567454099655
119.762949 0.867854118347
120.887314 1.11810517311
121.706889 0.51758813858
122.280473 0.567380905151
123.004304 0.717578172684
123.72911 0.717704057693
125.725074 1.76931595802
126.302274 0.567645788193
126.876577 0.56741809845
127.801764 0.918002843857
129.227607 1.41887998581
129.9686 0.567415952682
130.493958 0.517572879791
131.769882 1.26861000061
132.294593 0.517430067062
132.869333 0.567516803741
133.443818 0.567482948303
134.019236 0.567723989487
134.543553 0.517352819443
135.06781 0.517301082611
135.592588 0.517405033112
136.167639 0.567656040192
137.839884 1.46881484985
138.365542 0.517642021179
138.889999 0.517446041107
139.413858 0.517487049103
140.688803 1.26840090752
141.263375 0.567533016205
141.837175 0.567489147186
142.411451 0.56751203537
142.985233 0.567520141602
145.111521 2.11993694305
145.995244 0.567461967468
146.719082 0.717576980591
147.293433 0.567603826523
147.867067 0.567384004593
148.441059 0.567498922348
150.667421 2.22005391121
151.291245 0.617501974106
153.117271 1.81952595711
154.943136 1.81943511963
155.848402 0.667778968811
156.423841 0.567378997803
156.947949 0.517290830612
157.873604 0.918255090714
158.447801 0.567366838455
159.773179 1.31856417656
160.347718 0.567491054535
162.185069 1.41893696785
163.109959 0.917857885361
163.634753 0.517469167709
164.910197 1.26842093468
165.434518 0.51730799675
166.660349 1.2185459137
167.836261 1.16859412193
168.410599 0.567348003387
168.935203 0.517363071442
169.700406 0.517485141754
170.274123 0.567367076874
170.998382 0.717677116394
172.747437 1.4188849926
173.621744 0.867865085602
175.79793 2.1698589325
176.371873 0.567369937897
176.945744 0.567407846451
177.469286 0.517263889313
179.84607 2.37019300461
181.120856 1.26847100258
181.945022 0.817839860916
182.519425 0.567573070526
183.04319 0.517455101013
183.616971 0.567404031754
184.19102 0.567445039749
184.764953 0.567451000214
185.338745 0.567396879196
186.130052 0.567525863647
