1.875312 1.46816492081
3.301712 1.4183678627
4.877125 1.56871294975
6.252657 1.36835098267
7.727147 1.46825313568
9.152555 1.41835403442
10.727771 1.56871414185
12.204553 1.4684779644
13.680325 1.46862006187
15.155777 1.46859002113
16.681869 1.51881980896
17.95735 1.26836895943
19.432929 1.4686729908
21.108733 1.66920089722
22.634033 1.51873588562
24.009053 1.36847996712
25.426824 1.3184428215
26.803379 1.36857891083
28.12899 1.31847214699
29.454519 1.31843686104
30.830149 1.36824893951
32.318872 1.31827998161
33.595057 1.26820802689
34.870472 1.26841592789
36.196214 1.31844615936
37.371378 1.16835188866
38.696979 1.31857299805
39.972217 1.26824498177
41.297451 1.31834697723
42.673108 1.36867213249
43.948053 1.26822209358
45.273063 1.31829690933
46.697177 1.31829214096
47.922648 1.21828389168
49.198002 1.268419981
50.473023 1.26819491386
51.798624 1.31837105751
53.073991 1.26844191551
54.249325 1.16822600365
55.47421 1.21814107895
56.79922 1.3182759285
57.974341 1.16806983948
59.199209 1.21813011169
60.474459 1.26818108559
61.799583 1.31832504272
63.144288 1.16816902161
64.370568 1.21838188171
65.695636 1.31832790375
67.238698 1.46858501434
68.663214 1.41836214066
70.087655 1.41826200485
71.562772 1.46864008904
73.187641 1.61871814728
74.512103 1.31829619408
75.9871 1.46849989891
77.812377 1.81909990311
79.136943 1.3183889389
80.611957 1.46853804588
82.23675 1.6186029911
83.661534 1.41856384277
85.186598 1.51857185364
86.661293 1.4685049057
88.286087 1.61863803864
89.560484 1.26819491386
90.929293 1.26823806763
92.154642 1.21825695038
93.585796 1.21830677986
94.761929 1.16818404198
95.886788 1.11804795265
97.062107 1.16824388504
98.237158 1.16824102402
99.412135 1.16814494133
100.587418 1.16820311546
101.912742 1.31838798523
103.038785 1.11848211288
104.314502 1.26855802536
105.490015 1.16834378242
106.666372 1.16830086708
107.841858 1.16838383675
109.117905 1.26862812042
110.389595 1.16810178757
111.564926 1.16814994812
112.890241 1.31836915016
114.015852 1.11824607849
115.191092 1.16825008392
116.365953 1.1680059433
117.541622 1.1681740284
118.717155 1.16845297813
119.842599 1.11813902855
121.017558 1.168156147
122.192612 1.16804385185
123.367938 1.16815400124
124.761131 1.16810894012
125.937182 1.16811800003
127.162191 1.21821284294
128.637539 1.46851181984
129.917427 1.16825890541
131.042889 1.11841106415
132.168726 1.11834287643
133.293674 1.1180999279
134.569831 1.26863789558
135.795127 1.21834111214
136.919963 1.11801099777
138.095091 1.16798996925
139.219981 1.11809110641
140.445595 1.21842694283
141.570868 1.11803913116
142.646119 1.06814694405
143.821501 1.16825890541
145.046627 1.21825695038
146.171934 1.11821508408
147.347243 1.16812300682
148.514036 1.06797194481
149.689245 1.16807484627
150.864085 1.16800284386
152.089556 1.21830010414
153.214443 1.11802792549
154.539506 1.31825494766
155.854072 1.16802382469
156.980207 1.11820793152
158.055167 1.06805992126
159.180251 1.11818909645
160.356262 1.16848301888
161.481144 1.11806106567
162.506207 1.01793503761
163.631143 1.11805605888
164.756553 1.11824893951
165.882402 1.1184232235
167.156873 1.16833877563
168.182295 1.01820087433
169.208059 1.01822805405
170.38325 1.16812086105
171.4587 1.06819415092
172.534465 1.0682091713
173.659977 1.11828899384
174.886066 1.2185280323
175.961445 1.0681989193
177.036652 1.06813597679
178.061752 1.01791000366
179.236694 1.16804504395
180.262185 1.01795005798
181.537435 1.26831889153
182.612271 1.06792902946
183.651719 1.01794195175
184.768425 1.01802396774
186.105354 1.11863684654
187.232097 1.11830592155
188.507558 1.26839995384
189.583384 1.06806898117
190.658181 1.06794190407
191.78312 1.11806583405
192.908336 1.11805796623
194.083438 1.16817593575
195.109235 1.01825213432
196.334818 1.21837306023
197.409709 1.06798815727
198.635071 1.21824193001
199.709899 1.06796503067
200.785119 1.06806707382
201.909962 1.11794090271
203.453121 1.41860198975
204.978028 1.51853394508
206.352878 1.36852192879
207.778174 1.41870093346
209.553936 1.76898598671
210.928782 1.36856794357
212.453621 1.51850509644
213.678564 1.21836400032
215.203477 1.51859998703
216.830136 1.41871213913
218.457289 1.61892294884
219.883185 1.41873908043
221.35894 1.46858310699
222.834534 1.46865797043
224.259965 1.41855597496
225.93626 1.66899609566
227.262872 1.21825909615
228.438227 1.16817212105
229.613316 1.16815304756
230.639256 1.01821899414
231.714204 1.0680000782
232.789091 1.06794214249
233.914668 1.11832499504
235.090183 1.16813778877
236.165132 1.0680141449
237.240476 1.0681450367
238.415656 1.16822910309
239.490553 1.06794714928
240.565786 1.0679898262
241.740975 1.16822004318
242.816835 1.06799983978
243.892257 1.06823992729
245.112756 1.11813116074
246.188308 1.06812500954
247.547786 1.16829609871
248.724261 1.16829490662
249.850002 1.11843395233
251.125287 1.26836490631
252.300872 1.16833496094
253.426695 1.11848402023
254.653873 1.218708992
255.828972 1.16817188263
256.903927 1.06805205345
258.029529 1.11830186844
259.104656 1.06809592247
260.179974 1.06805419922
261.304987 1.11808395386
262.380497 1.06816911697
263.602506 1.11826300621
264.779265 1.16854095459
265.804914 1.01827001572
266.880994 1.06835699081
268.056245 1.1682510376
269.232023 1.16847205162
270.307759 1.06821703911
271.48316 1.16831493378
272.658766 1.16825985909
273.734008 1.06814980507
274.809669 1.06830000877
275.985616 1.16837310791
277.111145 1.11826109886
278.373431 1.0183839798
279.550733 1.16847610474
280.575651 1.01797413826
281.805648 1.11835002899
282.980841 1.16815400124
284.156138 1.16827607155
285.331612 1.16816282272
286.506951 1.16832590103
287.882723 1.36848115921
289.008054 1.11837387085
290.183196 1.16806411743
291.158379 0.967923164368
292.233391 1.06805682182
293.358934 1.11819505692
294.484396 1.11812901497
295.55939 1.06805515289
296.635014 1.06826996803
297.860271 1.2182290554
298.985444 1.11821198463
300.254287 1.16833400726
301.279501 1.01786494255
302.304554 1.01800704002
303.480138 1.16827106476
304.605403 1.11826086044
305.7306 1.11818194389
306.806692 1.06838798523
307.931727 1.1180100441
309.265343 1.11839199066
310.341856 1.06817507744
311.416862 1.06803107262
312.492308 1.06813287735
313.56741 1.0680809021
314.742592 1.16813993454
315.767884 1.01801204681
316.893111 1.11820101738
318.565249 1.51908493042
319.890065 1.31834888458
321.515548 1.61886096001
323.041051 1.518846035
324.666217 1.61874103546
326.091441 1.41858887672
327.516301 1.4184718132
329.041418 1.51866292953
330.51654 1.46851301193
331.941251 1.41839885712
333.416208 1.46857690811
334.991476 1.56868696213
336.51635 1.51855111122
338.091504 1.56863999367
339.466603 1.36851501465
341.165696 1.46863102913
342.379154 1.06791901588
343.504985 1.11841678619
344.630293 1.11819601059
345.805896 1.16814303398
347.031216 1.21831488609
348.35662 1.31829500198
349.43169 1.06804800034
350.557166 1.11810708046
351.632106 1.06794905663
352.757479 1.11803817749
353.932699 1.16817712784
355.057823 1.11806702614
356.233763 1.1683151722
357.308717 1.0680038929
358.4342 1.11817789078
359.609347 1.1680150032
360.880077 1.16825699806
362.05566 1.16823101044
363.281167 1.21831989288
364.406584 1.11818003654
365.532099 1.118090868
366.556985 1.01783084869
367.682584 1.11812496185
368.757515 1.06794309616
369.832498 1.06793093681
371.041159 1.01790690422
372.117406 1.06813716888
373.192493 1.06808519363
374.56802 1.36849284172
375.643384 1.06799006462
376.768512 1.11809182167
377.894182 1.118309021
