2.136715 1.56872797012
3.612734 1.46858406067
4.987815 1.3681499958
6.362849 1.36820697784
7.887498 1.51830792427
9.26247 1.36809182167
10.837304 1.56845903397
12.311791 1.46833086014
13.887059 1.56856298447
15.211723 1.31809306145
16.736892 1.51839208603
18.462252 1.71858000755
20.037632 1.56861400604
21.462361 1.41828203201
22.8868 1.41829800606
24.311241 1.41826200485
25.884725 1.51855516434
27.409385 1.51848196983
28.98413 1.56843805313
30.458966 1.46841406822
31.961256 1.3183028698
33.387502 1.41844797134
34.862547 1.46840715408
36.187884 1.31842589378
37.663021 1.46848487854
39.188127 1.518460989
40.56348 1.36841917038
41.938739 1.36858201027
43.464433 1.51856803894
44.78935 1.31828594208
46.264496 1.46845912933
47.890184 1.61874508858
49.384285 1.36838793755
50.759588 1.36828398705
52.084465 1.31820607185
53.560161 1.46865987778
54.935366 1.36833500862
56.2603 1.31824994087
57.53547 1.26819014549
58.810321 1.26818013191
60.185721 1.36838293076
61.610806 1.41837692261
63.244821 1.41870093346
64.571424 1.3184170723
65.896316 1.31820893288
67.421968 1.51862406731
68.847188 1.41847491264
70.22245 1.36855101585
71.619734 1.26833677292
72.994781 1.36834001541
74.371678 1.36841607094
75.746949 1.36856102943
77.072415 1.31839895248
78.447508 1.36838102341
79.722431 1.26818799973
81.155519 1.36848306656
82.480925 1.31824398041
83.80596 1.31827092171
85.181358 1.3684091568
86.656562 1.46849513054
88.031593 1.36828994751
89.356973 1.3183221817
90.732139 1.36845612526
92.038716 1.26830005646
93.634725 1.26839399338
94.910619 1.26820397377
96.286158 1.36850094795
97.561235 1.26833796501
98.886721 1.31846189499
100.312127 1.41867995262
101.6371 1.31821489334
103.00711 1.31842708588
104.382214 1.36842489243
105.707733 1.31850910187
106.982835 1.26836204529
108.408013 1.41843509674
109.883315 1.46849703789
111.208718 1.31832385063
112.533705 1.31822013855
113.759194 1.21828007698
115.192149 1.31828093529
116.46744 1.26829600334
117.692333 1.21813416481
118.917796 1.21832299232
120.293012 1.36849689484
121.617983 1.31820893288
122.99344 1.36838817596
124.502965 1.26832199097
125.729148 1.21826696396
126.95412 1.21822309494
128.229407 1.26844191551
129.505351 1.26845479012
130.830534 1.31841516495
132.15612 1.31850194931
133.331181 1.16828894615
134.556143 1.21816301346
135.895587 1.21816301346
137.170886 1.2682890892
138.345774 1.16800904274
139.621563 1.26837110519
140.846567 1.21825695038
142.021586 1.168227911
143.297063 1.26823186874
144.572165 1.26823401451
145.797863 1.21826720238
147.022793 1.21820902824
148.297891 1.26833510399
149.573415 1.26844716072
150.748382 1.16812109947
152.023781 1.26832103729
153.24868 1.21812796593
154.655369 1.21830201149
155.952896 1.16842389107
157.278133 1.31840801239
158.553608 1.26835489273
159.829145 1.26836514473
161.104242 1.26830506325
162.379711 1.26830720901
163.60473 1.21820187569
164.980112 1.36829710007
166.205282 1.21820402145
167.380439 1.1682779789
168.555758 1.1682240963
169.73069 1.1681368351
170.90596 1.16817808151
172.131056 1.2182238102
173.306053 1.16818094254
174.531523 1.21833992004
176.136819 1.46869802475
177.561794 1.4184679985
178.986392 1.41840219498
180.561227 1.56859493256
181.986149 1.41844582558
183.460934 1.46844696999
185.20246 1.51862406731
186.729063 1.5185739994
187.954071 1.21814894676
189.429822 1.46858286858
190.855143 1.41852712631
192.380481 1.51859498024
193.756007 1.36843514442
195.281391 1.51859307289
196.70711 1.41859197617
198.2826 1.56868600845
199.672874 1.26835608482
200.89817 1.21820211411
202.123503 1.21841096878
203.348462 1.2181289196
204.623925 1.26829195023
205.848864 1.21807789803
207.074221 1.21825385094
208.299191 1.21816587448
209.524235 1.21816301346
210.800241 1.26841592789
212.025203 1.21806907654
213.200528 1.16818284988
214.475613 1.26819992065
215.837618 1.1680970192
217.11403 1.268419981
218.339022 1.21815800667
219.637474 1.16808605194
220.963808 1.31845092773
222.238948 1.26829099655
223.468791 1.16811299324
224.794143 1.31846499443
226.069277 1.26829004288
227.294747 1.21826100349
228.469894 1.16821408272
229.745335 1.26829004288
231.020545 1.26831507683
232.29571 1.26830601692
233.471024 1.16812896729
234.746156 1.26832199097
235.92153 1.16818809509
237.146693 1.21830296516
238.421832 1.26824092865
240.225803 1.66894602776
241.60052 1.36840605736
242.825279 1.21811914444
244.25007 1.41852617264
245.674847 1.41847991943
247.279686 1.41849517822
248.756497 1.46862697601
250.131746 1.36839699745
251.657344 1.51858496666
253.032601 1.36850094795
254.457897 1.41854095459
255.833273 1.36836695671
257.208695 1.36841797829
258.584399 1.36861491203
260.159925 1.56877803802
261.635202 1.46847295761
263.001601 1.21834397316
264.276803 1.26826906204
265.50198 1.21822094917
266.777662 1.26841402054
268.052877 1.26823711395
269.278532 1.21836614609
270.553715 1.26828598976
271.82878 1.26817107201
273.004239 1.16823101044
274.279438 1.26827383041
275.504968 1.21834397316
276.830295 1.31839609146
278.349215 1.21822094917
279.726264 1.36861681938
280.951406 1.21821904182
282.076775 1.11817097664
283.369755 1.16826581955
284.544757 1.16811490059
285.670181 1.11824417114
286.895323 1.21823787689
288.07033 1.16809105873
289.296385 1.21840691566
290.522074 1.21860289574
291.697551 1.16827607155
292.822831 1.11835289001
293.997867 1.16814494133
295.206285 1.16824913025
296.331467 1.11811304092
297.606637 1.26826500893
298.782024 1.1681599617
299.957216 1.16826105118
301.18274 1.21831393242
302.466537 1.16829180717
303.691982 1.21821594238
304.867174 1.16825890541
306.092831 1.21842002869
307.368219 1.2684340477
308.762922 1.16832900047
309.989431 1.21832585335
311.214875 1.21848011017
312.390099 1.1682331562
313.615661 1.21831607819
314.841024 1.21841812134
316.166809 1.31847214699
317.392044 1.21828317642
318.56724 1.16813707352
319.842829 1.26836919785
321.118118 1.26832485199
322.423191 1.16816020012
323.648606 1.21817016602
324.823652 1.16805386543
326.048777 1.21820187569
327.274236 1.21815705299
328.549378 1.26822900772
329.724748 1.168145895
331.150178 1.4184679985
332.425422 1.26829910278
333.600735 1.16811108589
334.82604 1.21829390526
336.051552 1.21825098991
337.276608 1.21813583374
338.552211 1.26835179329
339.947919 1.11808896065
341.224083 1.26823115349
342.617454 1.26829004288
343.742807 1.11815714836
344.967924 1.21815991402
346.193278 1.21818614006
347.368335 1.1681098938
348.594016 1.21846008301
349.768992 1.16806483269
351.044261 1.26833081245
352.269557 1.21805095673
353.444601 1.16814112663
354.669679 1.21811914444
355.895523 1.21826696396
357.070558 1.16812896729
358.245998 1.16820907593
359.521136 1.26824784279
360.696243 1.16803479195
