2.181489 1.61892414093
3.607504 1.41844010353
5.032825 1.4186000824
6.372898 1.31850504875
7.798064 1.41873598099
9.274043 1.46876192093
10.699792 1.4185988903
12.0751 1.36854100227
13.55089 1.46866703033
15.075979 1.51862812042
16.600927 1.51868391037
18.076202 1.4688501358
19.602119 1.51885199547
21.177967 1.56903409958
22.502991 1.3185749054
24.078319 1.5689239502
25.514102 1.31870102882
26.889865 1.36852788925
28.265698 1.36869287491
29.692075 1.41891789436
31.017889 1.31865692139
32.553545 1.31860995293
33.879955 1.31850385666
35.305244 1.41858410835
36.631088 1.31861400604
38.00694 1.36887311935
39.382672 1.3686709404
40.859583 1.46898317337
42.185285 1.31871509552
43.561529 1.36886787415
44.837223 1.26871204376
46.112922 1.2685611248
47.600068 1.36858105659
48.925871 1.31868982315
50.201148 1.26840209961
51.526834 1.31868696213
52.803069 1.26851296425
54.128765 1.31874799728
55.504993 1.36886501312
56.880936 1.368901968
58.206684 1.31876111031
59.582814 1.36875486374
60.908546 1.31869912148
62.23456 1.31867909431
63.76207 1.31872296333
65.088473 1.31850290298
66.363876 1.26852893829
67.789695 1.41886091232
69.088854 1.16860294342
70.463704 1.36869692802
71.838972 1.36879277229
73.214115 1.36875200272
74.639837 1.41898298264
75.914949 1.26872515678
77.340136 1.41879582405
78.862605 1.46885895729
80.538259 1.66925096512
81.912847 1.36842083931
83.338338 1.41878604889
84.663718 1.31895399094
86.138854 1.46878695488
87.664313 1.51904296875
89.140112 1.4690079689
90.615542 1.46898412704
92.001544 1.26864790916
93.227693 1.21869802475
94.578851 1.16861414909
95.806081 1.21878790855
97.082113 1.26891517639
98.358112 1.2688741684
99.533557 1.16841506958
100.708624 1.16827988625
101.934152 1.21847391129
103.109225 1.16831278801
104.384637 1.26856184006
105.660753 1.26867604256
106.836445 1.1685769558
108.012601 1.16868519783
109.188228 1.16851496696
110.363855 1.16852998734
111.800989 1.31903004646
112.977191 1.16859006882
114.202924 1.21861505508
115.378465 1.16838407516
116.553594 1.16835093498
117.828945 1.2684648037
119.055111 1.21870708466
120.230686 1.16846513748
121.457276 1.21864509583
122.632991 1.1685988903
123.858837 1.21863603592
125.187578 1.11890101433
126.414159 1.21847891808
127.589893 1.16861701012
128.765705 1.16862893105
129.991836 1.21870517731
131.285395 1.16867899895
132.461429 1.16854715347
133.636977 1.16860699654
134.812754 1.1685218811
136.038313 1.21854901314
137.26408 1.21863412857
138.390225 1.11863899231
139.516021 1.1186029911
140.64175 1.1184990406
141.868044 1.21867585182
143.093895 1.21867203712
144.319707 1.2186191082
145.444773 1.11824297905
146.72069 1.26877903938
147.846915 1.11863803864
148.972693 1.11844611168
150.272727 1.16882801056
151.398302 1.11844491959
152.573785 1.16840291023
153.799508 1.21863412857
155.025622 1.21861791611
156.403951 1.16862797737
157.580078 1.16822600365
158.755234 1.16835784912
159.931125 1.16851711273
161.106227 1.16825294495
162.281318 1.1683139801
163.406586 1.11817598343
164.631576 1.21825194359
165.807068 1.16834282875
167.032039 1.21821403503
168.156876 1.11811494827
169.495105 1.21861314774
170.870733 1.36852192879
172.045858 1.16822195053
173.220749 1.16816401482
174.345991 1.11814212799
175.671186 1.31843209267
176.896656 1.21835780144
178.071685 1.1682369709
179.246605 1.1681599617
180.522092 1.26843118668
181.69725 1.1683139801
182.822754 1.11826395988
183.947745 1.11816906929
185.022462 1.0679461956
186.247921 1.21834588051
187.687374 1.21848607063
188.984799 1.1684179306
190.160697 1.16853094101
191.285869 1.11827492714
192.461466 1.16845202446
193.637053 1.16853404045
194.712598 1.06843209267
195.838352 1.11828589439
196.963512 1.11836194992
198.088779 1.11814713478
199.16385 1.06822109222
200.288836 1.11816191673
201.413878 1.11823296547
202.53935 1.11826610565
203.715069 1.16845393181
204.790682 1.06837415695
205.915719 1.11823916435
207.249291 1.21838307381
208.375372 1.11832284927
209.500472 1.11822986603
210.72603 1.21843099594
211.801166 1.06829285622
212.976301 1.16823482513
214.102132 1.11853218079
215.227913 1.11850905418
216.353958 1.11850619316
217.479205 1.11835098267
218.904803 1.1683280468
220.131297 1.21842217445
221.206433 1.0681951046
222.381663 1.16832208633
223.557296 1.16831588745
224.670244 1.06814599037
225.918589 1.11842489243
227.044349 1.11856293678
228.119498 1.0682451725
229.345066 1.21837902069
230.570322 1.21835303307
231.746044 1.16841197014
232.971774 1.21863794327
234.0975 1.11847996712
235.32321 1.21846413612
236.44829 1.11822485924
237.624129 1.16861915588
238.849955 1.21850919724
239.975114 1.11824393272
241.150716 1.16843914986
242.275731 1.1181499958
243.450941 1.16830706596
244.684817 1.11825489998
245.810396 1.1184258461
246.985623 1.16834807396
248.211417 1.21860003471
249.604725 1.16839504242
250.731756 1.11862516403
251.857602 1.11856412888
252.932701 1.06822109222
254.158852 1.21862697601
255.283936 1.11821484566
256.40928 1.11818408966
257.534565 1.11834001541
258.66013 1.11833190918
259.785397 1.11834597588
261.010606 1.21828889847
262.086517 1.06829309464
263.524042 1.3688890934
265.300556 1.76958203316
266.775814 1.46878504753
268.250873 1.46867895126
269.726129 1.46877598763
271.251909 1.51895689964
272.627149 1.36870503426
274.052323 1.41869997978
275.527893 1.46895503998
277.153432 1.61890792847
278.578415 1.41871809959
280.368508 1.56899285316
281.796775 1.41895890236
283.272557 1.46868896484
284.798639 1.51890897751
286.3744 1.56878614426
287.673633 1.16859292984
288.750027 1.06832003593
289.875389 1.11828994751
291.051168 1.16843700409
292.17639 1.11823511124
293.301575 1.11822104454
294.526846 1.21832203865
295.652499 1.11827707291
296.777711 1.11819195747
297.953626 1.16840720177
299.078848 1.1182808876
300.204092 1.1183218956
301.280224 1.06844902039
302.355955 1.06845116615
303.482417 1.11879992485
304.608383 1.1186029911
306.365203 1.6192510128
307.740489 1.36872601509
309.216009 1.46884512901
310.854349 1.41868710518
312.331247 1.46876502037
313.807221 1.46887302399
315.333121 1.51876497269
316.858859 1.51884102821
318.284246 1.41848802567
319.810267 1.518846035
321.185757 1.36856794357
322.711817 1.51891803741
324.237518 1.51874494553
325.71314 1.46872591972
326.888529 1.16823792458
328.314076 1.41864204407
329.604244 1.16876196861
330.780005 1.16844391823
331.905259 1.11827993393
333.030498 1.11824798584
334.156055 1.11830592155
335.331386 1.1683549881
336.456903 1.11827301979
337.532695 1.06845092773
338.608358 1.06834602356
339.734872 1.11849808693
341.136027 1.21866178513
342.263051 1.1185259819
343.438355 1.1682908535
344.565057 1.11853194237
345.690923 1.11859989166
346.816201 1.11825799942
348.009349 1.06826210022
349.184558 1.16823911667
350.260428 1.06839299202
351.335655 1.06823587418
352.410945 1.06813192368
353.537821 1.11857819557
354.713235 1.16834592819
355.839084 1.11854600906
356.965153 1.11838316917
358.140969 1.16863703728
359.266654 1.11837315559
360.392436 1.11846113205
361.467593 1.06820297241
362.593179 1.11831498146
363.718339 1.11822605133
364.843798 1.11822009087
366.130934 1.16842794418
367.256532 1.11827707291
368.43253 1.16862201691
369.558773 1.1185529232
370.634344 1.06831407547
371.971686 1.06821584702
373.148385 1.16849303246
374.27367 1.11829996109
375.398908 1.11824393272
376.474497 1.06825399399
377.649861 1.16829180717
378.725521 1.06837701797
379.900911 1.16843104362
381.026273 1.11826395988
382.101658 1.06814193726
383.176884 1.06828308105
384.521361 1.21859812737
385.747156 1.21848702431
386.872574 1.11841702461
388.04785 1.16825699806
389.17351 1.11825990677
390.248753 1.06820511818
391.525282 1.26880908012
392.700611 1.16835093498
393.825835 1.1182050705
395.051587 1.2184240818
396.1768 1.11819601059
397.402778 1.21863889694
398.578324 1.16845202446
399.703675 1.11832213402
400.929484 1.21844983101
402.279579 1.11856198311
403.577029 1.1684088707
404.652585 1.06817388535
405.727845 1.06821203232
406.803372 1.06816387177
407.978806 1.16842198372
409.053939 1.06810903549
410.229627 1.16837382317
411.354895 1.11816191673
412.430558 1.06827402115
413.556119 1.11855721474
414.631466 1.06824707985
415.706584 1.0680949688
416.832958 1.11846280098
417.958167 1.11820101738
419.133994 1.16841888428
420.259379 1.11838793755
421.766766 1.36881399155
423.142206 1.36868906021
424.617434 1.46851801872
426.142981 1.51884317398
427.568426 1.41878414154
428.993762 1.41859292984
430.468932 1.46870493889
431.943959 1.46860599518
433.580624 1.41884803772
435.058467 1.46901297569
436.534759 1.46900606155
438.060958 1.51887893677
439.636875 1.56893610954
441.212603 1.56872487068
442.539585 1.31853699684
444.216098 1.66925191879
445.809014 1.41908597946
447.28434 1.46884012222
448.659436 1.3686709404
450.084779 1.41864800453
451.810186 1.71894812584
453.285183 1.46854305267
454.861367 1.56914305687
456.336985 1.46915316582
457.862673 1.51899790764
459.037792 1.16835188866
460.513039 1.46866083145
462.038495 1.51891112328
463.514231 1.468708992
465.071472 1.3185210228
466.398223 1.31858897209
467.873864 1.4686498642
469.120359 1.11853289604
470.245811 1.11832904816
471.421699 1.16842293739
472.546982 1.11823415756
473.6225 1.06827092171
474.848427 1.21850991249
475.924196 1.06838607788
476.999951 1.06835007668
478.075663 1.06831097603
479.151427 1.06826901436
480.276656 1.11819791794
481.352354 1.06821990013
482.477706 1.11823487282
483.603766 1.11830711365
484.779191 1.16836094856
485.904594 1.11824703217
487.138631 1.1182641983
488.314383 1.1683511734
489.539907 1.21835899353
490.766355 1.21872591972
491.941745 1.1682870388
493.167235 1.21836996078
494.3434 1.16840386391
495.639178 1.11830997467
496.765841 1.1183359623
497.941516 1.16840004921
499.067138 1.11839294434
500.142713 1.06820106506
501.318057 1.16832900047
502.393727 1.06827902794
503.519049 1.11826610565
504.594905 1.06840991974
505.842468 1.11874508858
506.967816 1.11826205254
508.043108 1.06813597679
509.219467 1.16858410835
510.39532 1.16860985756
511.420539 1.01806521416
512.546196 1.11820101738
513.671452 1.11817908287
514.847265 1.16835403442
515.972679 1.11827802658
517.098556 1.11843204498
518.274848 1.16853404045
519.45073 1.16857600212
520.577244 1.11862206459
521.702756 1.11838817596
522.828143 1.11826300621
524.066745 1.1183359623
525.19256 1.11844396591
526.44806 1.06844115257
527.524566 1.06820988655
528.549897 1.0181889534
529.625997 1.06839585304
530.701975 1.0685069561
531.777293 1.06823801994
532.903111 1.11837005615
534.029057 1.11850094795
535.204794 1.16834902763
536.280116 1.06824183464
537.355439 1.06816101074
538.481296 1.11840295792
539.607278 1.11855101585
540.733103 1.11836290359
541.925957 1.06822299957
543.001751 1.06829094887
544.127274 1.11820101738
545.253173 1.11845207214
546.378668 1.11829209328
547.504487 1.11835002899
548.579962 1.06836390495
549.655395 1.06826901436
550.73133 1.06843209267
551.806649 1.0681438446
552.932464 1.1183860302
554.007896 1.06826090813
555.033777 1.01835894585
556.110494 1.06858110428
557.439493 1.06833600998
558.516633 1.06847500801
559.720588 1.06852602959
560.796728 1.06838512421
561.922297 1.11828804016
562.998544 1.06818294525
564.023983 1.0182299614
565.100013 1.06836390495
566.175499 1.0682580471
567.251543 1.06852483749
568.378128 1.11851000786
569.453604 1.06819701195
570.529014 1.0681540966
571.654918 1.11834406853
572.780368 1.1182410717
573.906274 1.1183860302
574.981656 1.0681579113
576.057202 1.06836700439
577.291604 1.11825704575
578.417418 1.11830592155
579.492718 1.06812310219
580.568746 1.06847906113
581.644243 1.06828594208
582.720185 1.06842017174
583.795914 1.06821107864
584.871331 1.06822609901
585.896591 1.01803708076
586.972391 1.06819391251
588.298933 1.06830406189
589.325604 1.01822400093
590.351012 1.018201828
591.376986 1.01848196983
592.453152 1.06872415543
593.478546 1.01820397377
594.723624 1.11839008331
595.749147 1.01828598976
596.774558 1.01814603806
597.900482 1.1183450222
599.026559 1.11853098869
600.152374 1.11832499504
601.227995 1.06827688217
602.303369 1.06812000275
603.430017 1.11870312691
604.505799 1.06833291054
605.531726 1.01831793785
606.608209 1.06863594055
607.683574 1.06814312935
608.709444 1.01835107803
609.785183 1.06839299202
610.860964 1.06829881668
612.062689 1.0685069561
613.138839 1.06841397285
614.214437 1.06822013855
615.240101 1.01809215546
616.315915 1.06810808182
617.391299 1.06817817688
618.590394 0.968070030212
619.716926 1.11827898026
620.7925 1.06826400757
621.917865 1.11817717552
622.993812 1.06818604469
624.069062 1.06811094284
625.095252 1.01841807365
626.271138 1.1684949398
627.346385 1.06808996201
628.422002 1.06815481186
629.610543 1.06822299957
630.636047 1.01815104485
631.712343 1.06824493408
632.837845 1.11826896667
633.913243 1.0682091713
634.989042 1.06823396683
636.014315 1.01809597015
637.039991 1.01817393303
638.165535 1.11827921867
639.191033 1.01815509796
640.217331 1.01835894585
641.242981 1.01832413673
642.269251 1.01831793785
643.294592 1.01812005043
644.320102 1.01807498932
645.345676 1.0180709362
647.125066 1.56894278526
648.650332 1.5186920166
650.409812 1.51896500587
651.839378 1.4191069603
653.16558 1.31879806519
654.642081 1.46910381317
656.168908 1.51901197433
657.745442 1.56909799576
659.272328 1.51911401749
660.848913 1.56909608841
662.275283 1.41892004013
663.752179 1.46911406517
665.228566 1.46892905235
666.805574 1.56914782524
668.181939 1.36891293526
669.608303 1.41890597343
670.849924 1.06873011589
671.826439 0.968344926834
672.85253 1.01846909523
673.879036 1.01846313477
674.955155 1.0684568882
676.031198 1.0683259964
677.058358 1.01849794388
678.134552 1.06847596169
679.110947 0.96838593483
680.367252 1.06849789619
681.444937 1.06858301163
682.420882 0.968332052231
683.496964 1.06849503517
684.523468 1.01859116554
685.549012 1.01820015907
686.625369 1.06836390495
688.177669 1.4191570282
689.603732 1.41909503937
690.979507 1.36877989769
692.605658 1.61911797523
693.982231 1.36911916733
695.408141 1.4189388752
696.784026 1.36890101433
698.260443 1.46903705597
699.806764 1.51901912689
701.182579 1.36878705025
702.708551 1.51900291443
704.134334 1.41875600815
705.510097 1.36874294281
707.086087 1.56903290749
708.562461 1.46903204918
709.888202 1.31874608994
711.649828 1.36916017532
712.976904 1.31906795502
714.50315 1.51929116249
716.028906 1.51891303062
717.556931 1.51912808418
718.982962 1.41902089119
720.508942 1.5190551281
721.984792 1.46896386147
723.460903 1.46885418892
724.786128 1.31854200363
726.161424 1.36862802505
727.687027 1.51890206337
729.163541 1.46903300285
730.639443 1.46892690659
732.014918 1.36882901192
733.490459 1.46869277954
734.796275 1.16881990433
735.872541 1.06855487823
736.948671 1.06841301918
737.974893 1.01830911636
739.001077 1.0183570385
740.027609 1.0184879303
741.153799 1.11853504181
742.451513 1.11852002144
743.47857 1.01831197739
744.554636 1.06839084625
745.580394 1.01814818382
746.706053 1.1182911396
747.731959 1.01830816269
748.757853 1.01829099655
749.783202 1.01808691025
750.80889 1.01813602448
752.547611 1.5192232132
754.022904 1.46869277954
755.398508 1.36863803864
756.824139 1.4187400341
758.399693 1.56889891624
760.076255 1.66925907135
761.402068 1.31882095337
763.228136 1.81932687759
764.65396 1.41865897179
766.079841 1.41895008087
767.555735 1.46894216537
768.981953 1.41891884804
770.257682 1.26875495911
771.783251 1.51884889603
773.608912 1.56919789314
775.136254 1.518917799
776.75134 1.4192237854
778.077353 1.31891393661
779.402795 1.31868314743
780.878235 1.46864700317
782.35418 1.46884512901
783.729567 1.36863899231
785.104868 1.36857914925
786.580763 1.46879887581
788.106415 1.51885390282
789.681964 1.56880283356
791.107857 1.41877198219
792.383394 1.26857590675
794.009197 1.61895895004
795.234836 1.21851992607
796.760369 1.51878213882
798.185776 1.41859507561
799.34993 1.01807403564
800.375878 1.01823997498
801.401682 1.01840806007
802.427228 1.01809287071
803.751969 1.06840491295
804.778833 1.01831817627
805.805167 1.01858210564
806.78098 0.96809887886
807.857122 1.0682888031
808.882698 1.01811790466
809.908766 1.01826310158
810.98472 1.06834816933
812.060359 1.06820702553
813.186896 1.1183950901
814.312713 1.11829400063
815.338633 1.01819705963
816.582862 1.1182911396
817.658853 1.06825113297
818.734698 1.06837701797
819.811438 1.06851387024
820.836958 1.0181119442
821.913605 1.06831002235
822.989459 1.06840991974
824.015392 1.0184378624
825.058719 1.01859807968
826.134581 1.0682849884
827.160167 1.01810789108
828.185689 1.01810693741
829.311648 1.11817002296
830.387365 1.06827807426
831.413221 1.01820611954
832.488941 1.06823992729
833.623555 1.01809406281
834.894406 1.01814603806
835.920974 1.01811599731
837.046535 1.11823987961
838.071981 1.01809597015
839.248074 1.16824913025
840.373788 1.11835098267
841.449766 1.06831002235
842.475164 1.01805996895
843.450418 0.967889070511
844.576306 1.11826300621
845.651759 1.06809997559
846.678173 1.01841878891
847.704201 1.01835799217
848.730143 1.018253088
849.805909 1.06815600395
