2.181489 1.61892414093
3.607504 1.41844010353
6.372898 1.31850504875
33.879955 1.31850385666
44.837223 1.26871204376
46.112922 1.2685611248
50.201148 1.26840209961
69.088854 1.16860294342
99.533557 1.16841506958
100.708624 1.16827988625
125.187578 1.11890101433
138.390225 1.11863899231
139.516021 1.1186029911
140.64175 1.1184990406
145.444773 1.11824297905
163.406586 1.11817598343
168.156876 1.11811494827
185.022462 1.0679461956
511.420539 1.01806521416
585.896591 1.01803708076
618.590394 0.968070030212
843.450418 0.967889070511
