2.038221 1.468282938
3.464367 1.41851592064
4.739259 1.26817417145
6.264739 1.51855683327
7.739753 1.46832180023
9.115028 1.36836194992
10.640222 1.51851582527
12.215771 1.56856489182
13.590169 1.36825013161
15.115635 1.51852607727
16.591135 1.46849393845
18.165881 1.56857514381
19.6414 1.46854805946
21.167241 1.51894283295
22.642386 1.46843791008
24.218004 1.56858706474
25.947492 1.61881422997
27.32207 1.36838412285
28.797048 1.46854400635
30.421931 1.61867713928
31.999421 1.3684899807
33.576161 1.56877398491
35.151553 1.56871199608
36.679074 1.51880192757
38.054182 1.36842489243
39.429514 1.36867880821
41.005236 1.56876111031
42.530633 1.51861000061
44.056298 1.51868486404
45.531577 1.46863913536
46.95675 1.41849803925
48.632673 1.66892886162
50.118614 1.4185628891
51.394097 1.26857089996
52.768724 1.36849498749
54.093319 1.31847596169
55.618252 1.51873517036
57.143097 1.51869297028
58.568268 1.41866898537
60.042966 1.46861004829
61.417536 1.36843395233
62.915774 1.31846904755
64.342114 1.41860795021
65.817356 1.46860194206
67.092339 1.26829481125
68.617949 1.51862502098
69.993145 1.368475914
71.468988 1.46876096725
73.020483 1.41891789436
74.295913 1.26838612556
75.621112 1.31846499443
76.996935 1.36880016327
78.272035 1.2683391571
79.647312 1.36851787567
81.023001 1.36860108376
82.398258 1.36851787567
83.723495 1.31840896606
85.048978 1.31845784187
86.424207 1.36850404739
87.800148 1.36856579781
89.125361 1.3184800148
90.600876 1.46859097481
92.076583 1.46866703033
93.566537 1.31867718697
95.013406 1.31851887703
96.3888 1.36863303185
97.764471 1.36858391762
99.089944 1.31848883629
100.365645 1.26861095428
101.791596 1.41873908043
103.166938 1.36858916283
104.542642 1.3685760498
105.81794 1.26848912239
107.143152 1.31844806671
108.568781 1.4185500145
110.044195 1.46860814095
111.319322 1.26835799217
112.695018 1.36858296394
114.020838 1.31875085831
115.296688 1.26838302612
116.884694 1.4688270092
118.309692 1.41883707047
119.984611 1.6687541008
121.361475 1.36860704422
122.836417 1.46877098083
124.421171 1.41846895218
125.948055 1.51886892319
127.523669 1.56887698174
128.948978 1.41856408119
130.474744 1.51874303818
131.85004 1.36855697632
133.376154 1.51886892319
134.901804 1.51886200905
136.377164 1.46861481667
137.852932 1.46871399879
139.32838 1.46865582466
140.78716 1.31845092773
142.162601 1.36867809296
143.538168 1.36855387688
144.863385 1.31846308708
146.238898 1.36846899986
147.614234 1.36853790283
149.089981 1.46867704391
150.415257 1.31849813461
151.740895 1.31854605675
152.965948 1.21828508377
154.291163 1.31841397285
155.794937 1.21841597557
157.171292 1.3685669899
158.49643 1.31840991974
159.871704 1.36849999428
161.197049 1.31836700439
162.495358 1.16825699806
163.820537 1.31846809387
165.146128 1.3184928894
166.421214 1.26830792427
167.746557 1.3184299469
169.072015 1.31841206551
170.447158 1.36838197708
171.722337 1.2683839798
172.947638 1.21820092201
174.172634 1.21824502945
175.448139 1.26840686798
176.723294 1.26839089394
178.048557 1.31850385666
179.273838 1.2182199955
180.599037 1.318390131
181.875087 1.26842093468
183.162064 1.16812300682
184.437551 1.26840996742
185.713073 1.26874780655
187.151127 1.26850700378
188.427629 1.26842212677
189.753082 1.3186249733
191.128782 1.36855316162
192.403961 1.26837301254
193.579032 1.16817092896
194.754898 1.16834902763
196.030108 1.26844787598
197.255595 1.21824288368
198.430717 1.16828489304
199.606083 1.16830587387
200.831482 1.2183110714
202.106656 1.2684071064
203.549351 1.31850194931
204.742716 1.16825795174
206.068204 1.31851696968
207.243787 1.16846489906
208.419222 1.16829609871
209.644342 1.21830797195
210.819734 1.16823887825
212.044921 1.21837210655
213.320066 1.26817297935
214.545529 1.21832895279
215.820827 1.26844096184
217.046444 1.21840500832
218.434495 1.2183201313
219.660833 1.21840500832
220.88591 1.21822619438
222.187203 1.26848292351
223.486472 1.16829800606
224.712053 1.21838593483
225.937768 1.21856188774
227.137838 1.16849994659
228.413146 1.26844906807
229.638505 1.21844792366
231.014299 1.36862587929
232.263284 1.21824097633
233.488421 1.21830010414
234.71401 1.21833705902
235.889082 1.16820192337
237.114544 1.21828389168
238.339762 1.2183740139
239.565062 1.21832585335
240.790686 1.21842503548
241.965829 1.16825795174
243.626792 1.56868100166
245.20181 1.56879115105
246.826741 1.61865711212
248.452045 1.61879205704
250.345913 1.718957901
251.923652 1.56881904602
253.29896 1.36849188805
254.774736 1.4686319828
256.150041 1.36843705177
257.575381 1.41851687431
258.901234 1.31861114502
260.276618 1.36857485771
261.652304 1.36851096153
263.127736 1.46867394447
264.603179 1.46868300438
266.028835 1.41862511635
267.383983 1.21842813492
268.559595 1.16837310791
269.885178 1.3185479641
271.210863 1.31842803955
272.436251 1.21849393845
273.711523 1.26832294464
274.887069 1.16833901405
276.112367 1.21843290329
277.28785 1.16826891899
278.463016 1.16829895973
279.688194 1.21825218201
281.053496 1.16832709312
282.279904 1.21844387054
283.55521 1.26838898659
284.730542 1.16825914383
285.906122 1.16840004921
287.249084 1.2183778286
288.474639 1.21832919121
289.699842 1.21833491325
290.925549 1.21842503548
292.20088 1.26845288277
293.376013 1.16817808151
294.601581 1.21828579903
295.877527 1.26872491837
297.002689 1.11827111244
298.278363 1.26839900017
299.453515 1.16822910309
300.779218 1.31851792336
302.054531 1.26841402054
303.279875 1.21845221519
304.45601 1.16840195656
305.681235 1.21833896637
307.014834 1.2184009552
308.190266 1.16824197769
309.315705 1.11827683449
310.49134 1.16840195656
311.820133 1.11827492714
312.946637 1.11837792397
314.072006 1.11824011803
315.19713 1.11817908287
316.373387 1.16832709312
317.548693 1.16834306717
318.738793 1.16830778122
319.914061 1.16833782196
321.039823 1.11832594872
322.215425 1.16844677925
323.341268 1.11842298508
324.516435 1.16829204559
325.754828 1.11827707291
326.980207 1.2184150219
328.105219 1.11810898781
329.28083 1.16835689545
330.405895 1.11814403534
331.581049 1.16822695732
332.718965 1.11815690994
333.793948 1.06808185577
334.919407 1.11822581291
336.144627 1.21831703186
337.219615 1.06806397438
338.294998 1.06821894646
339.420026 1.11811804771
340.595512 1.16824316978
341.720578 1.11817288399
343.086402 1.16826081276
344.334437 1.11828494072
345.409536 1.06816601753
346.584769 1.16831707954
347.760318 1.16830611229
348.985526 1.21830606461
350.060952 1.06817102432
351.136311 1.06816411018
352.261514 1.11828184128
353.386912 1.11815690994
354.461984 1.06816196442
355.537195 1.06816005707
356.712918 1.16817998886
357.888197 1.16827702522
358.963666 1.06814789772
360.088759 1.11816191673
361.214361 1.11838984489
