1.152369 0.616876125336
2.730134 1.56851792336
4.304956 1.56859302521
4.841398 0.516910076141
5.515391 0.667143106461
6.158846 0.617081880569
6.732468 0.566901922226
8.458237 1.71878600121
9.833446 1.36832594872
10.407134 0.566945075989
10.980917 0.567013025284
12.081307 1.017567873
14.307386 2.21961021423
16.433059 2.11942791939
18.009134 1.56892299652
18.583141 0.567217826843
20.921224 2.16988015175
21.444743 0.517096996307
22.670591 1.11822319031
23.594826 0.917922973633
24.169145 0.567625045776
24.74257 0.567083120346
25.316276 0.56719493866
25.839642 0.517060995102
28.116093 2.26997709274
28.640299 0.517291069031
30.315552 1.66893911362
31.189467 0.867654800415
32.409474 0.867698907852
32.935644 0.517247915268
33.509561 0.567152023315
34.083962 0.567314863205
35.228584 0.96778512001
35.802601 0.567143201828
36.326773 0.517093896866
36.850691 0.517134189606
37.425065 0.56729388237
37.948966 0.517076015472
38.523132 0.567301988602
39.573666 0.817651033401
40.097681 0.517217159271
40.622072 0.517289876938
41.196182 0.567306041718
41.770047 0.567082881927
42.295498 0.517184019089
42.869516 0.56720495224
43.443945 0.567260980606
43.967993 0.517163038254
44.890231 0.767760038376
45.414222 0.517178058624
45.938929 0.517455101013
47.764599 1.81937885284
48.288608 0.51716709137
48.813095 0.517319917679
49.586983 0.767575025558
50.111143 0.517246961594
50.885871 0.767614841461
51.41 0.51727104187
51.934037 0.517160177231
53.009268 1.06811213493
53.533319 0.517205953598
54.991761 1.26836800575
55.565816 0.567389965057
57.491543 1.91949009895
58.165249 0.667435884476
60.091408 1.91947698593
60.614845 0.517132997513
62.440441 1.81930994987
63.506904 0.867680072784
64.081968 0.567240953445
64.65597 0.5672519207
65.780711 1.11793494225
66.555433 0.767436027527
68.180923 1.61880707741
68.755253 0.567311048508
69.930224 1.16826486588
71.756173 1.81922411919
73.057027 1.11805701256
73.831787 0.767572164536
74.355821 0.517165899277
75.681445 1.31848621368
76.25554 0.567238092422
76.82997 0.567322969437
77.452621 0.567366123199
77.976834 0.517225027084
78.551255 0.567283153534
79.125339 0.567250013351
79.699827 0.567321062088
80.274001 0.567291975021
81.39529 0.967816829681
81.921219 0.517223119736
82.49486 0.5172290802
83.11943 0.617415904999
83.643659 0.517357826233
84.217804 0.567254066467
86.294589 2.06960296631
86.818691 0.517261981964
87.343188 0.517284154892
88.11929 0.717527866364
90.145775 2.01959300041
91.400789 1.01805877686
91.94 0.51708316803
92.513436 0.567227125168
94.743379 2.21986603737
95.481121 0.56721997261
96.006089 0.517086982727
96.780294 0.767507791519
98.206001 1.41861009598
100.182695 1.96967506409
100.856634 0.66725897789
101.581157 0.717558860779
102.155017 0.567142963409
102.729283 0.567282915115
103.253379 0.517357110977
103.827631 0.567466974258
104.401851 0.567240953445
105.519379 0.817670106888
106.293972 0.767795085907
107.067802 0.767534017563
108.293166 1.21831202507
109.616647 1.26828598976
110.190804 0.567224025726
110.766938 0.567384004593
111.341199 0.567334890366
111.915425 0.567349910736
112.790447 0.867763996124
113.364749 0.567390203476
114.15546 0.567585945129
115.230436 1.06804013252
115.754632 0.517245054245
116.279118 0.517274856567
117.053768 0.767647981644
117.578611 0.517346858978
118.353464 0.767683982849
118.877596 0.517170906067
119.702649 0.817703008652
120.427118 0.717519044876
121.378273 0.767688035965
121.902759 0.517303943634
123.17847 1.26830005646
123.703489 0.517498970032
124.227587 0.517137050629
124.824472 0.567459106445
125.348537 0.517163038254
127.062241 1.06804609299
127.837144 0.767621040344
128.611641 0.767924070358
129.68629 1.06836795807
130.260178 0.567337989807
131.535173 1.26853394508
132.609481 1.06805992126
133.135242 0.517301797867
133.708906 0.567351102829
134.282419 0.567212104797
136.358723 2.06966805458
136.932427 0.56737112999
137.606496 0.667536973953
138.230519 0.61740398407
138.803998 0.567196130753
139.377678 0.567352056503
141.24919 1.66917109489
141.773722 0.517210006714
143.149475 1.36859679222
143.674463 0.517591953278
144.199677 0.517527103424
145.17491 0.968122959137
145.69957 0.51730298996
146.223958 0.517359972
147.048772 0.817791938782
147.847187 0.767925024033
148.521764 0.667490959167
149.047312 0.517575025558
150.355056 1.06805491447
150.929215 0.567528009415
153.15611 2.22024893761
153.680297 0.517510890961
155.606981 1.91971516609
156.731926 1.11828899384
157.55521 0.567338943481
158.130887 0.567237854004
158.705636 0.567533969879
159.280285 0.567490816116
159.854351 0.567254781723
160.428536 0.567356109619
161.002959 0.567316055298
161.526931 0.517146110535
162.101298 0.567276954651
162.625353 0.517223834991
163.701174 0.767769813538
164.47521 0.767524003983
165.260816 0.767646074295
165.834907 0.567106962204
166.361437 0.517241001129
166.885703 0.517230033875
167.410242 0.51741194725
167.934885 0.51732301712
168.979055 0.817808866501
169.503197 0.517157793045
170.377155 0.817743062973
170.901295 0.517154216766
171.726259 0.81761598587
172.250267 0.517076969147
172.77475 0.517236948013
173.299337 0.517331123352
173.824599 0.517623186111
174.599508 0.767640829086
176.729954 2.06975293159
177.727939 0.767550945282
178.502702 0.767791032791
179.077074 0.567365169525
179.601726 0.517204999924
180.522508 0.867684841156
181.096942 0.567250013351
181.621627 0.517284154892
182.19615 0.567379951477
182.772257 0.56738615036
184.999551 2.22011113167
