1.842337 1.51810598373
3.518989 1.6685090065
4.89325 1.36815094948
6.568032 1.66870093346
7.792136 1.21782112122
9.266443 1.46817612648
10.790904 1.51815795898
12.26514 1.46816182137
13.689428 1.41817116737
15.165685 1.46830105782
16.64073 1.46836996078
18.215691 1.56822109222
19.891163 1.66847991943
21.315454 1.41810202599
22.839995 1.5183339119
24.314716 1.46826696396
26.03773 1.66860389709
27.412127 1.36814594269
28.786467 1.36810398102
30.010846 1.21795201302
31.535287 1.51825594902
33.268801 1.46840190887
34.594656 1.31807613373
35.919418 1.31814193726
37.294626 1.36830711365
38.66941 1.36814689636
40.194262 1.51825499535
41.619988 1.41821193695
43.042303 1.36817383766
44.617672 1.56844902039
46.192768 1.56848788261
47.617503 1.41811299324
48.921768 1.16809487343
50.246564 1.31813097
51.521184 1.26800894737
52.796758 1.26821899414
54.071537 1.26806211472
55.396592 1.31812095642
56.671361 1.26808714867
57.946025 1.26800203323
59.171085 1.21812009811
60.445713 1.26797389984
61.720906 1.26823687553
62.945619 1.21804189682
64.477734 1.26801896095
65.753663 1.2681081295
66.978391 1.2180659771
68.253117 1.26806807518
69.629155 1.26833105087
70.854239 1.21806979179
72.179092 1.31815695763
73.454205 1.2680978775
74.748483 1.26810288429
76.023382 1.26803207397
77.298428 1.26808595657
78.523106 1.21800804138
79.747826 1.21802520752
81.022901 1.26808214188
82.247538 1.21795701981
83.52265 1.26815414429
84.797477 1.26812696457
86.172189 1.36804199219
87.497434 1.31821703911
88.822198 1.31808400154
90.4794 1.36844396591
91.903819 1.41829895973
93.628686 1.71873116493
95.242731 1.41847896576
96.769286 1.51878499985
98.294862 1.51880383492
99.619747 1.31814289093
100.9452 1.31840705872
102.620611 1.66867899895
104.096161 1.46857309341
105.471138 1.3682038784
106.896306 1.41843390465
108.171883 1.26848101616
109.496965 1.31831216812
110.772285 1.26827597618
111.997225 1.21818590164
113.335374 1.21828794479
114.710452 1.36836218834
116.035354 1.31817007065
117.360634 1.31827616692
118.653575 1.26814293861
119.978734 1.31819796562
121.353877 1.36840605736
122.729278 1.36842513084
123.981145 1.2181520462
125.394777 1.16842794418
126.820976 1.41835904121
128.14603 1.31832289696
129.471665 1.31819701195
130.74649 1.26812005043
131.971265 1.21806287766
133.296374 1.31812500954
135.070458 1.66873788834
136.595091 1.51847600937
138.019629 1.41837215424
139.845014 1.81890106201
141.219349 1.36819791794
142.643922 1.41836905479
144.419174 1.76876783371
145.843716 1.41837692261
147.335714 1.46837091446
148.709978 1.36809492111
150.134851 1.41845393181
151.609265 1.46825790405
152.968173 1.31814908981
154.34271 1.36816000938
156.219848 1.51849985123
157.596167 1.36854696274
159.418398 1.41834783554
160.843911 1.41842889786
162.218918 1.36827111244
163.694753 1.4688179493
164.969778 1.26819396019
166.294915 1.31839203835
167.469995 1.16802096367
168.744941 1.26821994781
170.046419 1.26811504364
171.47207 1.41850996017
172.646761 1.16793394089
174.023236 1.36840796471
175.398462 1.36845588684
176.773562 1.36834001541
178.048901 1.26823592186
179.354748 1.21813106537
180.479916 1.11805701256
181.705013 1.2182071209
182.980485 1.26836585999
184.255557 1.26823806763
185.480488 1.21812486649
187.003763 1.31826090813
188.279992 1.26835799217
189.454909 1.16811180115
190.72997 1.26812791824
191.941379 1.16805291176
193.166338 1.21813797951
194.441953 1.26832485199
195.767005 1.3182489872
197.042036 1.26813006401
198.367405 1.31823277473
