1.604614 1.31810903549
3.080911 1.46809101105
4.606128 1.51836204529
5.930221 1.31797003746
7.455002 1.51809120178
8.979602 1.51828622818
10.554006 1.5682721138
12.028886 1.46816301346
13.453787 1.41796207428
14.878104 1.41816997528
16.001971 1.11773204803
17.526718 1.51827383041
19.301584 1.76869082451
20.776492 1.46808314323
22.201027 1.41815805435
23.524448 1.26797699928
24.998832 1.46821117401
26.323114 1.31810092926
27.797894 1.46825313568
28.971878 1.167760849
30.236601 1.21816396713
31.917149 1.46835708618
33.19297 1.26819992065
34.567726 1.36812901497
36.09259 1.5182788372
37.517745 1.41829204559
39.042594 1.51826286316
40.667895 1.61847805977
42.092561 1.41806197166
43.216896 1.11772799492
44.591969 1.36818408966
46.235955 1.51854014397
47.460469 1.21805500984
48.935224 1.46851801872
50.509667 1.56835913658
52.184685 1.66860985756
53.458863 1.26806783676
54.733104 1.26803088188
56.15779 1.41831493378
57.632577 1.46872496605
59.307356 1.66876983643
60.78204 1.46837306023
62.065708 1.06795692444
63.542115 1.46866703033
64.866722 1.31803584099
65.941019 1.06777787209
67.216016 1.26809716225
68.838578 1.41868495941
70.300469 1.41831111908
71.824942 1.51843881607
73.199727 1.36844706535
74.67407 1.46834492683
76.34899 1.66887903214
77.723534 1.36819887161
79.147849 1.41826200485
80.772371 1.61853694916
82.547405 1.76868510246
84.021721 1.46830415726
85.446251 1.41848707199
86.570427 1.11781096458
87.89475 1.3182721138
89.219157 1.31837105751
90.644225 1.41852092743
92.030753 1.26830792427
93.458387 1.16815400124
94.284187 0.817607164383
95.809351 1.51846408844
97.134602 1.31819796562
98.25939 1.11799407005
99.283958 1.01780295372
100.408898 1.11789107323
101.683838 1.26819896698
102.608554 0.917720079422
103.833532 1.21819710732
104.932555 0.967950105667
106.657505 1.7187230587
107.581852 0.917852878571
108.706613 1.11803197861
109.781374 1.06803798676
110.70572 0.917796134949
111.63042 0.917966127396
112.605382 0.967846870422
113.530013 0.917850971222
114.504656 0.967842817307
115.479453 0.967741012573
116.504128 1.0179271698
118.011712 1.21860289574
119.285938 1.26815199852
120.860567 1.56851291656
122.285412 1.4183371067
123.9733 1.4684419632
125.349481 1.36830711365
126.824517 1.46836805344
128.3013 1.46859192848
129.425904 1.11786413193
130.650656 1.21807813644
131.725563 1.06794118881
133.250884 1.51866889
134.62643 1.3685760498
135.901328 1.26822185516
137.276643 1.36849617958
138.551987 1.26833510399
139.712905 1.01787805557
140.637452 0.917526006699
141.66247 1.01785898209
142.887258 1.21800589561
143.962384 1.06799387932
144.967977 0.967825889587
145.992534 1.01771807671
147.709455 1.46877098083
149.086084 1.36861205101
150.460636 1.36841201782
151.735047 1.2682621479
153.310036 1.56860208511
154.740177 1.21854615211
156.066471 1.31840991974
157.591705 1.51851511002
159.166987 1.56856203079
160.592324 1.41833615303
162.017377 1.41837120056
163.142498 1.11813521385
164.367434 1.21821403503
165.742632 1.36850094795
166.967989 1.21833395958
168.543489 1.56877493858
170.088588 1.21847486496
171.363017 1.26826190948
172.787642 1.41849589348
174.262786 1.46868395805
175.537227 1.26827597618
176.861793 1.31842684746
178.186973 1.31870794296
179.711898 1.51869797707
180.886128 1.16804289818
182.110934 1.21824383736
183.335293 1.21820092201
184.810186 1.46865987778
186.246062 1.21839499474
187.37211 1.11816096306
188.647204 1.26839399338
190.072373 1.41836094856
