2.040038 1.46851992607
3.516933 1.46856689453
4.842661 1.31848096848
6.468035 1.61891412735
7.993627 1.51851797104
9.269104 1.26842093468
10.844732 1.5685839653
12.269253 1.41834402084
13.694137 1.41841816902
15.019254 1.31833696365
16.294436 1.26837301254
17.671466 1.36852502823
19.196352 1.51868009567
20.721175 1.51860594749
22.045754 1.31836509705
23.52079 1.46853113174
24.909526 1.26834893227
26.185078 1.26832890511
27.460217 1.26828503609
28.685548 1.21818184853
29.961128 1.2682299614
31.287364 1.31852602959
32.69183 1.21847605705
33.918145 1.21831989288
35.293401 1.36852383614
36.618962 1.31854104996
37.89405 1.26833581924
39.169101 1.26831817627
40.494551 1.31838488579
41.769699 1.268419981
43.095212 1.3185069561
44.320102 1.21817517281
45.710294 1.26834392548
46.985586 1.26829099655
48.210388 1.21808195114
49.485626 1.26851391792
50.711135 1.21837615967
52.036251 1.31836700439
53.311729 1.26844096184
54.586753 1.26828289032
55.911951 1.31838822365
57.238108 1.31874895096
58.463167 1.21832895279
59.738596 1.26836180687
61.013691 1.26836013794
62.288602 1.26812291145
63.640504 1.16829013824
64.866679 1.21840286255
66.216875 1.21828985214
67.442164 1.21829104424
68.717257 1.2683300972
69.992835 1.26855611801
71.217823 1.21822690964
72.442789 1.21821188927
73.768471 1.31868696213
75.093718 1.31847286224
76.419322 1.31848192215
77.694431 1.26836705208
78.91937 1.21818995476
80.194452 1.26838207245
81.520122 1.31851601601
82.845363 1.31837797165
84.070827 1.21838498116
85.295889 1.21833300591
86.629764 1.21829509735
87.855217 1.21829605103
89.130349 1.26835489273
90.355801 1.21839499474
91.630924 1.26829409599
92.856081 1.21820902824
94.164859 1.11819005013
95.491274 1.31859111786
96.666473 1.16829299927
97.841457 1.1682009697
99.067515 1.21841788292
100.292595 1.21833992004
101.568126 1.26841711998
102.893383 1.31851315498
104.068398 1.16820597649
105.29387 1.21838617325
106.731221 1.36885905266
108.156305 1.41869807243
109.781378 1.61890411377
111.357272 1.5691421032
112.882441 1.51878499985
114.307153 1.4185590744
115.581668 1.26834106445
117.057569 1.46863985062
118.382187 1.3184261322
119.957251 1.56890416145
121.582243 1.61874294281
123.107666 1.51877903938
124.554086 1.26874899864
125.931425 1.36887788773
127.407438 1.46891880035
128.833253 1.41876387596
130.135043 1.16863703728
131.260318 1.11824893951
132.385687 1.11824989319
133.611113 1.21847701073
134.786114 1.16806101799
135.961617 1.16833496094
137.13734 1.16850709915
138.312731 1.16842198372
139.488235 1.16829395294
140.663418 1.16834306717
141.788641 1.1180870533
143.013812 1.21834611893
144.238804 1.21814513206
145.514796 1.26853394508
146.639725 1.11809396744
147.865409 1.21842288971
149.254127 1.26831483841
150.479606 1.21831202507
151.704629 1.21815896034
152.93019 1.21839904785
154.105379 1.1682741642
155.505982 1.21837091446
156.632327 1.11826705933
157.907643 1.2684469223
159.183241 1.26840591431
160.40858 1.2183599472
161.633816 1.21836400032
162.859424 1.21845197678
163.984521 1.1182448864
165.160025 1.16837406158
166.385284 1.21836400032
167.560398 1.16826701164
168.916516 1.2186729908
170.141908 1.21820521355
171.266936 1.11806297302
172.442277 1.16822600365
173.617368 1.1682240963
174.842515 1.21827197075
176.01781 1.1682369709
177.242819 1.2181520462
178.418256 1.16828012466
179.643388 1.21832108498
180.918442 1.26824307442
182.143831 1.21824908257
183.368871 1.21824002266
184.544516 1.16817116737
185.970945 1.2182841301
187.147042 1.16818881035
188.444626 1.16829609871
189.569709 1.11818814278
190.694609 1.11804509163
191.970496 1.2683391571
193.095394 1.11809802055
194.270836 1.16830301285
195.495964 1.21828794479
196.671033 1.16819095612
197.89651 1.21838498116
199.121611 1.21820783615
200.296628 1.1681830883
201.472134 1.16825294495
202.596937 1.11796522141
203.872451 1.26832795143
205.09754 1.21827793121
206.27255 1.16813707352
207.506454 1.11810493469
208.631761 1.1182038784
209.856922 1.21830391884
210.982508 1.11821293831
212.258013 1.26858496666
213.383542 1.11831712723
214.558946 1.16824603081
215.784124 1.21833300591
217.103875 1.16816091537
218.430501 1.31842303276
219.65623 1.21853494644
220.881716 1.21831417084
222.057197 1.16833591461
223.282282 1.21823811531
224.457734 1.16822695732
225.632942 1.1682639122
227.231004 1.46895003319
228.755959 1.51867222786
230.230816 1.46855401993
231.806294 1.56888508797
233.181837 1.36877179146
234.607397 1.4188990593
236.032523 1.41868710518
237.507874 1.46869301796
238.932822 1.41867494583
240.457735 1.5185790062
241.882659 1.41857099533
243.408029 1.51874995232
244.832939 1.41861486435
246.257792 1.41857385635
247.854285 1.41863298416
249.382222 1.51881217957
250.72781 1.2182290554
251.953506 1.21835494041
253.178742 1.21831703186
254.304156 1.11816215515
255.479415 1.16830921173
256.705349 1.21858501434
257.881959 1.16842913628
258.957224 1.06819391251
260.133031 1.16830706596
261.308183 1.1682369709
262.483288 1.16816997528
263.708598 1.21834588051
264.784568 1.06835412979
266.009754 1.218282938
267.185276 1.16826105118
268.360538 1.16835808754
269.644997 1.16825890541
270.821038 1.16820502281
271.99649 1.16838216782
273.121948 1.11823296547
274.347167 1.21826195717
275.522368 1.16830706596
276.698111 1.16853094101
278.029949 1.11915206909
279.106545 1.0682451725
280.231693 1.11823892593
281.356837 1.11811995506
282.532398 1.16834616661
283.657513 1.11812996864
284.783031 1.11829018593
285.958169 1.16821289062
287.18333 1.21816682816
288.475115 1.16834497452
289.550291 1.06821703911
290.62547 1.06810998917
291.750993 1.11827588081
292.876138 1.11816596985
293.951079 1.06799292564
295.126722 1.16825985909
296.251936 1.11823916435
297.37747 1.11823701859
298.502797 1.11831521988
299.677911 1.16816997528
300.853442 1.16826796532
301.928464 1.06801009178
303.154392 1.2185690403
304.279546 1.11821603775
305.454912 1.16830921173
306.739933 1.16821599007
307.915647 1.16829013824
309.171341 1.06814980507
310.297873 1.1183359623
311.473248 1.16834998131
312.548409 1.06815218925
313.674056 1.11835813522
314.799314 1.11826395988
315.874863 1.06823611259
317.05019 1.16836285591
318.175634 1.11838412285
319.351202 1.16829395294
320.476434 1.1181781292
321.652234 1.16844010353
322.827471 1.1682331562
324.002726 1.16828393936
325.206801 1.0684838295
326.382061 1.16823410988
327.457632 1.06812286377
328.682997 1.21835803986
329.808658 1.11833310127
330.883828 1.06819915771
332.05897 1.16811490059
333.235152 1.1683588028
334.410414 1.16830897331
335.485892 1.06813788414
336.661139 1.16824603081
337.786357 1.11818194389
338.961963 1.16820383072
340.369823 1.21823191643
341.496207 1.11822605133
342.622034 1.11839199066
343.923789 1.16861414909
345.149033 1.21827888489
346.324166 1.16816496849
347.49985 1.16822886467
348.625132 1.11822581291
349.850942 1.21838998795
350.926366 1.06836390495
352.051466 1.11810612679
353.126924 1.06809282303
354.302157 1.16825294495
355.427435 1.1182448864
356.553223 1.1184220314
357.678629 1.11827707291
358.804204 1.11827301979
359.929462 1.1182718277
361.154753 1.21825098991
362.389313 1.11805415154
363.464826 1.06817007065
364.640614 1.16845798492
365.766135 1.11820006371
366.891392 1.11820721626
368.016529 1.11811494827
369.142106 1.11822795868
370.420493 1.06817984581
371.697206 1.26837491989
372.772308 1.06808400154
373.948 1.16829895973
375.073199 1.11821484566
376.148788 1.06816101074
377.324545 1.16841101646
378.499736 1.16819500923
379.6753 1.16825795174
381.017553 1.21846389771
382.143029 1.11832308769
383.218105 1.06806993484
384.393747 1.16829299927
385.519094 1.11810493469
386.644293 1.11807799339
387.769877 1.11822199821
388.895152 1.11819410324
390.020775 1.11831879616
391.095903 1.06805419922
392.221136 1.11808609962
393.446911 1.21837902069
394.622343 1.16837000847
395.698273 1.06819605827
396.87356 1.1682779789
397.998796 1.1181499958
399.419328 1.31867909431
401.163869 1.51883888245
402.590669 1.41856193542
404.066493 1.46876215935
405.391945 1.31840896606
407.018187 1.61892199516
408.343709 1.31842684746
409.669632 1.31855010986
411.145279 1.4686319828
412.671079 1.51870799065
414.047303 1.36889886856
415.422897 1.36844801903
416.848893 1.41868281364
418.224383 1.36853003502
419.549761 1.31840610504
420.925442 1.3684720993
422.231522 1.16828393936
423.356763 1.11809706688
424.482449 1.11830615997
425.707952 1.21840214729
426.78356 1.0682618618
427.908706 1.11807608604
429.134111 1.21824502945
430.309834 1.16831207275
431.61316 1.11841487885
432.789844 1.16832184792
433.915174 1.11818814278
435.090922 1.16835808754
436.216259 1.11828613281
437.341634 1.11818981171
438.467789 1.11826014519
439.542994 1.06813907623
440.735299 1.06801891327
441.91096 1.16826486588
443.086436 1.16835689545
444.262093 1.16828584671
445.38735 1.11806797981
446.512594 1.11812996864
447.587676 1.06799888611
448.664049 1.06820893288
449.839452 1.16826105118
451.015602 1.16844391823
452.191107 1.16821193695
453.316421 1.11820483208
454.392162 1.06812906265
455.617644 1.21832704544
456.743448 1.11834001541
457.818814 1.06816601753
459.328591 1.36910700798
460.753828 1.41857981682
462.247776 1.26841711998
463.574479 1.31849980354
464.849907 1.26836895943
466.22572 1.36850690842
467.601441 1.36856198311
468.927176 1.31845903397
470.402995 1.46874094009
471.978946 1.56891393661
473.204587 1.21836519241
474.580157 1.36849093437
476.056267 1.46867704391
477.532159 1.46867108345
479.057812 1.51860308647
480.533859 1.46870994568
481.8726 1.21831488609
482.8983 1.01811003685
484.023697 1.11818814278
485.099269 1.06817388535
486.174379 1.06806898117
487.3501 1.16829586029
488.475558 1.11833000183
489.550866 1.06819701195
490.676483 1.11822915077
491.801666 1.11806797981
493.100565 1.11823797226
494.227099 1.11824202538
495.352502 1.11821103096
496.57854 1.21830582619
497.754377 1.16861510277
498.929868 1.16831302643
500.124547 1.06807303429
501.149703 1.01801204681
502.275682 1.11840415001
503.350999 1.06818795204
504.426273 1.0680539608
505.501869 1.06813287735
506.577095 1.06804084778
507.702616 1.11838197708
508.778637 1.0681040287
509.803988 1.01822781563
510.879521 1.06813406944
511.904695 1.01800298691
512.980351 1.06831288338
514.056487 1.06838583946
515.131738 1.06810092926
516.207627 1.06833815575
517.442746 1.11818385124
518.518647 1.06809687614
519.594473 1.06864213943
520.720328 1.11844921112
521.79564 1.06813383102
522.920976 1.11816811562
524.249036 1.11827206612
525.325996 1.06824183464
526.401288 1.06817293167
527.526731 1.11826300621
528.702388 1.16822099686
529.777683 1.06817007065
530.903385 1.11826491356
531.97889 1.06826090813
533.054515 1.06815099716
534.180202 1.11822295189
535.372098 1.06816482544
536.447967 1.0682220459
537.573423 1.11829590797
538.698788 1.11818599701
539.724452 1.01809978485
540.749669 1.01803898811
541.875491 1.11828017235
542.950814 1.06818699837
544.026058 1.06804394722
545.151749 1.11821198463
546.277017 1.11812114716
547.302886 1.018253088
548.478441 1.16837406158
549.503651 1.01805210114
550.629399 1.11828708649
551.754873 1.11822295189
552.990016 1.11820602417
554.11613 1.11826586723
555.434037 1.11826586723
556.510735 1.06828594208
557.636291 1.1182808876
558.712059 1.06825995445
559.787589 1.06815814972
561.013062 1.21830606461
562.138939 1.1182820797
563.264399 1.11827111244
564.340361 1.06849813461
565.515865 1.16827106476
566.59134 1.06829309464
567.666982 1.06820297241
568.742465 1.06820702553
569.918266 1.16835212708
571.157428 1.11815094948
572.183154 1.01812601089
573.258568 1.06812381744
574.334205 1.06820392609
575.459697 1.11828899384
576.535591 1.06837105751
577.661029 1.11824202538
578.736283 1.06798100471
579.912077 1.16829800606
581.037495 1.11816596985
582.113526 1.06814289093
583.189001 1.06824588776
584.264407 1.06814813614
585.340147 1.06819486618
586.609088 1.06830191612
587.686006 1.06849598885
588.932525 1.11819791794
590.008731 1.06817293167
591.134179 1.11818695068
592.310139 1.16838693619
593.435584 1.11821603775
594.510982 1.06812500954
595.686949 1.16837382317
596.76263 1.06823897362
597.838324 1.06818199158
598.913794 1.0681848526
600.039926 1.11851882935
601.165437 1.1182179451
602.241255 1.06817102432
603.266547 1.01802921295
604.392734 1.11844801903
605.518231 1.11827397346
606.707743 1.06816291809
607.783424 1.06814312935
608.808744 1.01807785034
609.884756 1.06826114655
611.010176 1.11819314957
612.152141 1.11821603775
613.227913 1.068171978
614.303213 1.06807208061
615.428588 1.11813187599
616.554498 1.11825108528
617.882833 1.1183578968
619.109815 1.21849918365
620.235558 1.11842393875
621.411177 1.16835188866
622.587212 1.16851091385
623.66266 1.06812596321
625.472579 1.56925201416
626.897811 1.41867399216
628.323087 1.41871094704
629.748625 1.41868495941
631.073963 1.3185749054
632.59945 1.51882696152
633.975026 1.36860609055
635.501033 1.51907396317
637.076413 1.56879997253
638.602098 1.51882505417
640.07748 1.46879410744
641.45246 1.36843013763
642.877842 1.41853904724
644.252998 1.36857581139
645.678127 1.41855788231
647.253979 1.56878495216
649.004503 1.31848907471
650.481023 1.4688539505
651.956305 1.46861100197
653.481611 1.51859903336
654.957837 1.46891903877
656.383083 1.41862797737
657.908403 1.5186829567
659.233487 1.3184170723
660.759253 1.51878619194
662.334723 1.5688021183
663.860066 1.51873397827
665.436104 1.56902503967
666.811602 1.36874580383
668.186661 1.36835098267
669.562414 1.36877918243
671.138015 1.56891393661
672.324546 1.06832003593
673.450406 1.11817002296
674.526435 1.06844305992
675.651928 1.11818289757
676.727763 1.06815981865
677.75311 1.01804590225
679.048814 1.06823992729
680.125904 1.06847906113
681.201347 1.06811094284
682.277321 1.06831717491
683.402923 1.11823701859
684.478312 1.06816005707
685.554014 1.06815505028
686.57979 1.01827907562
687.655614 1.06824207306
688.781371 1.118309021
690.023316 1.11818814278
691.099066 1.06813812256
692.124574 1.01804709435
693.250041 1.1181678772
694.325866 1.06815195084
695.40118 1.0680129528
696.477129 1.06826519966
697.553303 1.06853795052
698.628708 1.06814718246
699.654896 1.01810383797
700.780354 1.11818909645
701.856869 1.06846690178
702.932296 1.06811594963
704.007676 1.06803011894
705.133484 1.11821198463
706.208936 1.0681540966
707.901101 1.51873493195
709.277332 1.36918902397
710.849546 1.36871194839
712.326911 1.4688770771
713.803171 1.46889805794
715.078927 1.2685239315
716.405321 1.31863498688
717.831454 1.41872191429
719.508072 1.66901779175
720.93413 1.4187169075
722.209971 1.26855802536
723.536201 1.31855893135
725.012154 1.46872496605
726.5388 1.5189640522
727.864693 1.31852984428
729.290519 1.41855311394
730.965155 1.41871380806
732.390645 1.41875195503
733.966425 1.56886601448
735.341602 1.36858201027
736.66668 1.31841897964
738.04183 1.36851906776
739.467509 1.41875886917
740.993284 1.51888012886
742.557507 1.36874890327
744.036252 1.46892690659
745.36248 1.31868100166
746.839432 1.46902894974
748.165141 1.31847000122
749.540953 1.36854195595
751.067213 1.51870298386
752.543137 1.468708992
753.791427 1.06817984581
754.867338 1.06816005707
755.942862 1.06814193726
757.068949 1.11839413643
758.094417 1.01811695099
759.220069 1.11813497543
760.346045 1.11822891235
761.47172 1.11824703217
762.547683 1.06831002235
763.623204 1.0681450367
764.648621 1.01804900169
765.775095 1.11838293076
766.950974 1.16848301888
768.026976 1.0682849884
769.102619 1.06829190254
770.178169 1.06820988655
771.418971 1.11832380295
772.765246 1.16843104362
773.84248 1.06838512421
774.968182 1.11835193634
776.093797 1.11823701859
777.219682 1.11827206612
778.363179 1.1182949543
779.439073 1.06821918488
780.564673 1.11826705933
781.640289 1.06822991371
782.866491 1.21840000153
783.992148 1.118268013
785.068214 1.06827998161
786.193901 1.11827492714
787.319575 1.11831212044
788.445721 1.11842918396
789.980316 1.36868190765
791.556252 1.56884098053
793.282117 1.71903395653
794.657808 1.36869883537
796.133319 1.46872115135
797.558615 1.41858482361
798.88415 1.31843900681
800.209258 1.31832003593
801.767962 1.51862716675
803.43974 1.41880297661
804.818295 1.3688249588
806.44459 1.61894702911
808.020778 1.56890892982
809.447172 1.41874313354
810.92338 1.46876811981
812.549901 1.61892199516
814.325623 1.51905012131
815.701224 1.36862707138
816.976269 1.26828718185
818.603289 1.61900496483
819.928437 1.31850886345
821.303736 1.36856198311
822.729084 1.41862297058
824.204781 1.46868681908
825.479869 1.26840615273
826.955194 1.46861696243
828.330808 1.36856985092
829.605968 1.26847696304
831.081394 1.46870183945
832.507026 1.41860604286
834.154574 1.4185128212
835.58166 1.41861701012
836.842784 1.06823301315
838.019127 1.16855096817
839.094785 1.06821489334
840.121186 1.01819014549
841.146752 1.01811313629
842.222842 1.0682091713
843.448695 1.21847105026
844.52427 1.06815385818
845.65031 1.11831593513
846.675725 1.01803994179
847.751702 1.06829094887
848.827364 1.06822705269
849.95291 1.11813592911
851.078876 1.11823606491
852.204527 1.11825084686
853.330598 1.11826086044
