2.040038 1.46851992607
4.842661 1.31848096848
9.269104 1.26842093468
16.294436 1.26837301254
24.909526 1.26834893227
26.185078 1.26832890511
27.460217 1.26828503609
28.685548 1.21818184853
44.320102 1.21817517281
48.210388 1.21808195114
63.640504 1.16829013824
94.164859 1.11819005013
141.788641 1.1180870533
171.266936 1.11806297302
190.694609 1.11804509163
202.596937 1.11796522141
258.957224 1.06819391251
290.62547 1.06810998917
293.951079 1.06799292564
482.8983 1.01811003685
501.149703 1.01801204681
511.904695 1.01800298691
