2.042029 1.41860198975
3.468113 1.41841220856
4.993462 1.51857590675
6.618576 1.61872196198
8.093149 1.46843099594
9.467612 1.36825609207
10.792279 1.31824207306
12.367734 1.56869292259
13.843223 1.46860599518
15.41888 1.56873703003
16.84411 1.41845297813
18.319305 1.46846795082
19.776554 1.41843414307
21.352024 1.56868195534
22.878644 1.51880288124
24.453615 1.56878519058
25.977066 1.46855401993
27.551981 1.56872296333
28.976744 1.41854119301
30.501864 1.51865792274
31.943918 1.21847581863
33.420449 1.4686820507
34.845627 1.41850304604
36.071002 1.21842002869
37.496271 1.41852521896
38.971977 1.46885204315
40.397502 1.41858005524
41.872906 1.46873497963
43.198315 1.31847500801
44.623738 1.41853404045
46.099004 1.46858882904
47.725437 1.61885595322
49.220595 1.36871910095
50.745587 1.51885581017
52.170331 1.41866612434
53.495106 1.31865596771
54.920347 1.4187309742
56.24516 1.31849694252
57.720075 1.46879315376
59.045134 1.3186519146
60.620065 1.51880216599
62.144957 1.51876497269
63.744234 1.41895794868
65.070508 1.31851911545
66.445808 1.36855506897
67.820979 1.36849689484
69.346737 1.51876306534
70.922351 1.56887316704
72.315123 1.2685918808
73.490236 1.16836810112
74.715372 1.21835899353
75.990962 1.26846313477
77.216149 1.21836805344
78.491693 1.26850199699
79.666736 1.16831302643
80.891998 1.21835803986
82.117548 1.2185151577
83.492885 1.36863708496
84.768004 1.26841306686
85.993706 1.21864199638
87.269365 1.26860380173
88.545008 1.26854515076
89.720136 1.16834688187
90.995221 1.2683069706
92.622448 1.51885104179
94.268812 1.41886496544
95.646579 1.36869597435
97.122054 1.46873092651
98.647997 1.51889801025
100.17347 1.51873993874
101.648931 1.46869516373
103.074916 1.41882610321
104.4504 1.36863899231
105.876164 1.41872096062
107.301616 1.41871285439
108.726796 1.41850709915
110.102411 1.3686709404
111.527779 1.41865921021
113.003555 1.46882510185
114.57914 1.5689368248
115.881158 1.16838002205
117.056733 1.16851401329
118.282179 1.21839094162
119.507391 1.21841907501
120.632866 1.11832499504
121.808063 1.16835403442
123.083297 1.26839590073
124.526738 1.21840810776
125.753254 1.21862196922
126.928243 1.16817378998
128.153479 1.2183880806
129.379117 1.21835303307
130.554302 1.16836690903
131.78009 1.21862697601
133.005296 1.21838903427
134.280583 1.26846313477
135.573204 1.16848015785
136.749062 1.16849803925
137.974901 1.21865797043
139.201023 1.21863389015
140.376216 1.16834902763
141.601251 1.21824789047
142.72685 1.11845993996
143.951998 1.21833205223
145.127547 1.16841292381
146.252628 1.11824607849
147.427887 1.16837692261
148.603657 1.16831302643
149.878974 1.26847910881
151.069679 1.16881489754
152.194705 1.11816287041
153.370097 1.16829681396
154.899113 1.21848106384
156.02488 1.11817789078
157.15024 1.11839604378
158.275628 1.11820101738
159.450774 1.16834497452
160.576729 1.11845302582
161.701819 1.11824607849
162.826822 1.11820697784
163.952442 1.11823391914
165.127893 1.16843390465
166.254072 1.11847305298
167.379129 1.11824393272
168.454739 1.0684428215
169.631011 1.16875004768
170.806229 1.16839814186
171.981724 1.16842794418
173.266264 1.16836690903
174.441748 1.16839599609
175.566799 1.11822581291
176.692341 1.11837410927
177.817497 1.11835503578
178.992618 1.16829395294
180.117982 1.11823010445
181.24302 1.11818003654
182.368468 1.11832785606
183.494099 1.1184091568
184.569143 1.06817793846
185.911401 1.06822395325
187.038033 1.11841320992
188.113128 1.06820607185
189.288698 1.16831612587
190.464462 1.16857600212
191.709859 1.11837410927
192.835039 1.11827516556
193.960066 1.11817502975
195.235746 1.26853299141
196.411087 1.16840004921
197.486549 1.0682721138
198.561584 1.06816291809
199.686652 1.11812901497
200.811627 1.1181511879
201.886924 1.06810283661
203.062069 1.1682498455
204.237563 1.16834998131
205.412757 1.16831707954
206.537785 1.11815690994
207.613321 1.06829094887
208.788595 1.16823911667
210.122884 1.21838498116
211.298344 1.16833114624
212.373413 1.06819581985
213.498848 1.11826014519
214.57397 1.06831693649
215.598788 1.01792502403
216.884856 1.11825489998
217.961301 1.06827306747
219.08673 1.11853694916
220.212347 1.11840295792
221.387605 1.16838097572
222.512725 1.11821603775
223.638791 1.11826896667
224.814101 1.16830301285
225.939503 1.1182281971
227.164733 1.21834182739
228.405539 1.11833405495
229.530979 1.11829710007
230.556031 1.0181350708
231.631331 1.06816387177
232.757634 1.11838197708
233.882852 1.11826705933
234.958409 1.06835079193
235.983485 1.01820993423
237.108622 1.1182410717
238.284226 1.16837787628
239.309355 1.01823210716
240.484966 1.16835403442
241.610158 1.11830806732
242.685274 1.0681951046
243.860935 1.16840195656
244.986025 1.11819291115
246.275868 1.16850304604
247.585469 1.11849093437
248.661723 1.0681180954
249.736884 1.06824493408
250.761861 1.01806306839
251.887297 1.11827492714
253.012344 1.11816215515
254.137831 1.11829185486
255.263162 1.11837315559
256.388468 1.11828494072
257.514032 1.11838793755
258.689296 1.16833114624
259.814773 1.11825489998
260.940021 1.11829805374
262.115271 1.16833901405
263.140933 1.01831698418
264.428825 1.16836810112
265.605144 1.16864991188
266.831086 1.21862602234
267.956737 1.11836099625
269.031908 1.06824302673
270.106982 1.06812620163
271.182617 1.06835913658
272.30791 1.11827206612
273.433589 1.11840987206
274.508887 1.06819200516
275.78433 1.26849317551
276.960061 1.16845297813
278.30203 1.16843080521
279.378518 1.06831288338
280.553883 1.1683909893
281.779704 1.21851396561
283.023989 1.11838293076
284.199477 1.16847991943
285.325091 1.11832714081
286.45034 1.1182820797
287.525923 1.06829285622
288.651266 1.1183578968
289.776401 1.11816000938
290.952073 1.16838097572
292.027718 1.06825900078
293.253066 1.2184419632
294.37859 1.1182539463
295.453724 1.06815814972
296.579884 1.1184129715
297.805425 1.21843600273
299.030996 1.2185652256
300.107158 1.06852602959
301.702297 1.3689789772
303.277832 1.56899785995
304.552751 1.26859402657
306.027603 1.46857094765
307.503433 1.46928596497
309.009009 1.26852607727
310.636148 1.61906003952
312.061921 1.4189081192
313.537955 1.46891093254
314.96344 1.41864705086
316.438985 1.46867585182
317.914893 1.46874809265
319.390526 1.46877098083
321.017432 1.61892795563
322.493007 1.46873116493
323.918517 1.41871619225
325.614541 1.51881289482
327.139732 1.51873397827
328.464712 1.31835198402
329.839779 1.36867690086
331.264819 1.41867995262
332.94057 1.66900682449
334.415653 1.46873092651
336.091247 1.66919898987
337.568422 1.46894598007
339.293872 1.71905207634
341.085125 1.61906385422
342.562064 1.46878600121
343.987781 1.41873002052
345.563648 1.56882596016
346.939683 1.36880803108
348.36528 1.41866588593
349.609561 1.11859297752
350.785058 1.16846895218
351.960817 1.16849589348
353.137296 1.16877412796
354.262708 1.11835098267
355.489414 1.21886992455
356.714772 1.21830582619
357.890226 1.16844081879
359.016382 1.11854290962
360.191803 1.16841721535
361.267081 1.06817817688
362.342741 1.06831216812
363.418001 1.0682477951
364.543764 1.11841011047
365.719177 1.16836905479
366.844495 1.11827921867
368.079163 1.11830878258
369.204937 1.11839294434
370.380355 1.16838884354
371.593291 1.01821899414
372.669982 1.06826996803
373.695454 1.01829719543
374.821349 1.11853790283
376.047165 1.21850514412
377.172574 1.11833000183
378.298436 1.11844682693
379.523932 1.21843481064
380.649354 1.11841797829
381.825117 1.16839408875
382.900374 1.06818413734
384.026155 1.11843800545
385.151869 1.11868405342
386.445699 1.16849803925
387.571059 1.11832380295
388.747576 1.16874909401
389.873229 1.11844587326
391.048667 1.16836309433
392.224382 1.16838908195
393.24956 1.01810312271
394.375673 1.11847901344
395.50118 1.11848115921
396.676541 1.16832613945
397.802209 1.11830306053
399.027725 1.21840810776
400.153677 1.11855196953
401.329365 1.16854190826
402.659719 1.11844110489
403.836476 1.16848397255
405.397222 1.319024086
406.922756 1.51891589165
408.397787 1.46867799759
409.823111 1.41870117188
411.348212 1.51874494553
412.773262 1.4186899662
414.298758 1.51888394356
415.824197 1.51900887489
417.199784 1.36890506744
418.612828 1.36861300468
420.08793 1.46874499321
421.462996 1.3686208725
422.938375 1.46875
424.563731 1.61896395683
425.838439 1.26834392548
427.414017 1.56894397736
428.689439 1.11846709251
429.8153 1.11834096909
430.890812 1.06844592094
432.016602 1.11843109131
433.375053 1.1684191227
434.501612 1.11839103699
435.576898 1.06825900078
436.65211 1.0681681633
437.727683 1.06824398041
438.80347 1.06838989258
439.879877 1.06860804558
440.955348 1.06833600998
442.080676 1.11831188202
443.15658 1.06855201721
444.232179 1.06841683388
445.308416 1.06854200363
446.547525 1.1183218956
447.573019 1.01816487312
448.798456 1.21833610535
449.924184 1.11832594872
450.999977 1.06840205193
452.025195 1.0180990696
453.200884 1.1683409214
454.326272 1.11832404137
455.45204 1.11839199066
456.527415 1.0683259964
457.652744 1.11825609207
458.778409 1.11827707291
459.854181 1.06840705872
460.929841 1.06829094887
462.055257 1.11829209328
463.180693 1.118309021
465.037122 1.51884913445
466.565695 1.51894402504
468.040983 1.46881103516
469.716749 1.66916799545
471.092195 1.36862587929
472.417415 1.3187251091
473.892733 1.46880888939
475.217996 1.31851601601
476.69341 1.46875190735
478.068971 1.36885690689
479.644648 1.56888604164
481.069844 1.41867208481
482.444911 1.36854910851
483.820572 1.36887001991
485.446038 1.61896800995
486.82119 1.36864209175
488.157326 1.21852183342
489.333111 1.16834521294
490.408413 1.06815314293
491.484165 1.06836390495
492.559617 1.06829214096
493.685032 1.11827611923
495.033124 1.16843795776
496.109548 1.0682489872
497.285175 1.16845297813
498.311013 1.01834082603
499.437391 1.11859989166
500.562869 1.1183359623
501.688737 1.11835408211
502.764113 1.06823587418
503.839665 1.06826400757
505.015503 1.16839981079
506.212307 1.06835412979
507.338568 1.11857414246
508.4642 1.11843299866
509.589769 1.11832094193
510.716209 1.11852884293
511.791555 1.06817817688
512.867406 1.06836295128
514.042979 1.16834783554
515.142283 1.06831693649
516.218586 1.06845903397
517.294702 1.06855893135
518.42152 1.11872601509
519.647136 1.21848392487
520.822632 1.1683280468
521.998678 1.16852807999
523.12438 1.11843585968
524.822345 1.46932601929
526.677338 1.56923913956
528.054353 1.36883592606
529.280018 1.21850299835
530.807724 1.5200650692
532.183634 1.36872220039
533.56016 1.36890816689
534.886373 1.31884980202
536.262965 1.36893987656
537.738802 1.46880698204
539.164562 1.41872406006
540.790707 1.6188788414
542.266356 1.46863007545
543.642298 1.36867499352
545.017935 1.36863684654
546.393509 1.36856293678
547.63309 1.06868505478
548.808626 1.16835594177
549.984159 1.16840982437
551.159938 1.16834402084
552.285469 1.11836004257
553.411404 1.11845493317
554.536777 1.11820793152
555.762418 1.21844792366
557.034502 1.06823015213
558.110987 1.06830000877
559.236452 1.11829710007
560.312384 1.06844305992
561.488813 1.16864013672
562.614696 1.11838293076
563.640289 1.01818990707
564.715637 1.06821012497
566.46423 1.61895990372
567.890025 1.41895580292
569.415598 1.51875495911
570.790779 1.36861515045
572.266477 1.46896195412
573.744928 1.46902489662
575.3205 1.56900691986
576.796007 1.46878290176
578.27177 1.46885800362
579.597026 1.31863999367
580.972336 1.36877799034
582.448095 1.46886205673
583.823383 1.36870288849
585.148618 1.31854701042
586.724644 1.56900501251
588.410657 1.46904015541
589.709032 1.16847610474
590.834746 1.11846899986
591.910687 1.06840705872
593.03619 1.11829686165
594.161716 1.11833381653
595.237633 1.0683119297
596.363758 1.11856794357
597.589763 1.21853208542
598.715363 1.11838698387
599.790692 1.06817507744
600.866565 1.06827116013
601.992263 1.118309021
603.217989 1.21851396561
604.293975 1.06844186783
605.419508 1.11826300621
606.545413 1.11840891838
607.93481 1.26854395866
609.010609 1.0682451725
610.136158 1.11828613281
611.312182 1.1684949398
612.537941 1.21849894524
613.663357 1.11817097664
614.789766 1.11856007576
615.915392 1.11825895309
617.041357 1.11841583252
618.417886 1.1183719635
619.495484 1.06871986389
620.571464 1.06846308708
621.697052 1.11831998825
622.773003 1.06841301918
623.96741 1.16855192184
625.093408 1.11845517159
626.732254 1.41882801056
628.257752 1.51898193359
629.733493 1.46886301041
631.108638 1.36862611771
632.584168 1.46882200241
634.05986 1.46884799004
635.435004 1.36862421036
636.810093 1.36854410172
638.335859 1.51885390282
639.761233 1.41866207123
641.336748 1.56899905205
642.812527 1.46889400482
644.287952 1.46885299683
645.763268 1.4687538147
646.988719 1.21858787537
648.61429 1.61900997162
650.074241 1.06890296936
651.200799 1.11853718758
652.326417 1.1183180809
653.352832 1.01851010323
654.428316 1.06824493408
655.553964 1.11840319633
656.679786 1.1182820797
657.755362 1.06832408905
658.831742 1.06848788261
660.007402 1.16842603683
661.082783 1.068171978
662.258681 1.16839599609
663.384333 1.11838197708
664.610565 1.21853399277
665.686072 1.06823205948
666.761482 1.06811094284
668.003471 1.11842703819
669.529045 1.51892399788
670.654616 1.11835813522
672.08046 1.41890001297
673.455811 1.36864805222
674.981334 1.51885604858
676.406746 1.41878390312
677.582836 1.16842389107
678.808605 1.2184548378
680.150938 1.11838102341
681.278325 1.11850810051
682.805175 1.51943802834
683.930646 1.11826992035
685.056645 1.11843585968
686.382508 1.31864404678
687.558456 1.16844797134
689.359348 1.66923499107
690.734867 1.36883807182
692.210652 1.46890807152
693.836517 1.61923503876
695.46253 1.61896109581
696.787857 1.31862306595
698.21321 1.4186809063
699.739194 1.51897597313
701.014589 1.26867699623
702.253429 1.21844387054
703.829104 1.56879997253
705.254719 1.41865801811
706.680222 1.41880202293
708.155537 1.46868300438
709.481154 1.31860208511
711.067623 1.36880993843
713.307898 1.46905493736
714.78359 1.468998909
716.259676 1.46905612946
717.835416 1.56906580925
719.411453 1.56926512718
720.837036 1.41882896423
722.312973 1.4688179493
723.738678 1.41900420189
725.164304 1.41890406609
726.340215 1.16858005524
727.416157 1.06833600998
728.49187 1.06836295128
729.668162 1.1685731411
730.794018 1.11851906776
731.91989 1.11853909492
733.045961 1.11837506294
734.695211 1.41917300224
736.022168 1.31878209114
737.547699 1.51885414124
739.073235 1.51894307137
740.448638 1.36876511574
742.00909 1.31859302521
743.335988 1.31856894493
744.811877 1.4687640667
746.237803 1.41877102852
747.864697 1.61912417412
749.340622 1.4687628746
750.716775 1.36870503426
752.042448 1.318557024
753.468322 1.4187309742
754.894569 1.41874909401
756.320427 1.41872406006
759.631433 1.46927404404
761.056849 1.41868305206
762.182679 1.11841988564
763.558412 1.36880683899
764.933769 1.3686709404
766.359237 1.41882896423
767.684524 1.31863212585
769.110295 1.41883802414
770.585915 1.46891617775
772.111965 1.51910209656
773.542529 1.11832499504
774.669351 1.11837410927
776.045681 1.36890792847
777.121219 1.06822109222
778.597751 1.46895217896
779.923574 1.31866502762
781.486556 1.31866908073
782.66231 1.16844010353
783.788434 1.11854100227
784.914132 1.11836886406
786.040151 1.11839413643
787.165758 1.11827707291
788.341482 1.16839504242
789.46757 1.11844611168
790.593367 1.11844587326
791.719416 1.11840486526
792.845175 1.1184258461
793.970733 1.11812496185
795.096821 1.11842012405
796.22251 1.11829519272
797.398745 1.1685500145
798.574565 1.1684589386
800.900527 1.66947007179
802.476414 1.56893205643
804.068404 1.31900000572
805.547628 1.46882295609
807.023971 1.46911907196
808.250294 1.21871685982
809.676494 1.41886901855
811.002424 1.31865000725
812.428874 1.41883897781
813.754978 1.31865692139
815.131392 1.36884593964
816.60762 1.46894598007
818.083968 1.46903991699
819.710716 1.61913704872
821.237169 1.51911902428
822.613637 1.36884498596
824.096999 1.21872091293
825.173017 1.06851792336
826.399491 1.21870803833
827.575616 1.16868591309
828.651372 1.06830596924
829.777919 1.11884307861
830.903865 1.11855196953
832.03009 1.11852097511
833.256201 1.21855115891
834.667662 1.16859602928
835.794622 1.11839103699
836.970454 1.16845107079
838.046706 1.06857705116
839.272658 1.21856188774
840.5486 1.26856303215
841.724749 1.16851210594
