1.312344 1.01746106148
2.888725 1.56850790977
4.413757 1.51821494102
5.839325 1.41828584671
7.151031 1.2682800293
8.426081 1.26797890663
9.551358 1.11828684807
11.076913 1.51837897301
12.552708 1.46867513657
13.877444 1.31829500198
15.202993 1.31814908981
16.527186 1.31805586815
17.851989 1.31804490089
19.527405 1.66866898537
21.003128 1.46866798401
22.626899 1.56864619255
24.102117 1.46847701073
25.426999 1.31837582588
27.152387 1.71873998642
28.827849 1.66897511482
30.553191 1.71880793571
32.241098 1.46874189377
33.617846 1.36850881577
34.993141 1.36835002899
36.569839 1.56872296333
37.895148 1.31837177277
39.220697 1.31852602959
40.646629 1.41866493225
42.122445 1.468708992
43.247864 1.11813402176
44.522569 1.26807904243
46.178277 1.46879696846
47.303533 1.11822009087
48.428618 1.11830806732
49.553877 1.11826300621
50.728608 1.16832685471
52.104662 1.36865901947
53.33004 1.21833896637
54.505844 1.16842293739
55.581348 1.06817793846
56.705968 1.11822986603
58.074818 1.21853303909
59.249424 1.16809296608
60.373607 1.11802482605
61.197933 0.817592859268
62.399969 1.01807188988
63.626325 1.21814799309
64.84551 1.16828489304
66.121459 1.2685008049
67.296605 1.16824698448
68.953858 1.46888589859
69.928202 0.96800994873
70.852361 0.917872905731
71.827972 0.968110084534
72.802437 0.967982053757
73.727874 0.918025016785
74.703046 0.96804690361
75.770518 0.968277931213
76.796036 1.01810503006
77.771523 0.968333005905
78.696578 0.917947053909
79.922397 1.21840906143
81.303501 1.16852807999
82.328872 1.01821494102
83.404736 1.06839895248
84.480106 1.06828713417
85.455256 0.968081951141
86.705565 1.21838212013
87.680807 0.968122959137
88.755462 1.06789207458
90.381817 1.46890997887
91.606749 1.21844005585
93.224301 1.41890096664
94.150821 0.918179988861
95.776905 1.61892199516
96.852451 1.06844997406
98.318145 1.41873502731
99.844307 1.51898002625
101.270612 1.41885614395
102.865512 1.36874604225
104.373423 1.46870493889
105.548487 1.16851592064
107.123958 1.56898188591
108.549757 1.41893601418
110.24391 1.41867303848
111.51902 1.26863718033
112.944474 1.41867613792
114.469814 1.51893687248
115.844304 1.36837697029
117.319294 1.46854615211
118.944168 1.6187210083
120.518949 1.5686609745
122.144083 1.61865997314
124.143201 1.61908793449
125.821431 1.3187789917
127.079205 1.21823787689
128.303627 1.21818399429
129.428467 1.11833000183
130.703844 1.26834511757
131.703789 0.917971849442
132.878879 1.16825485229
133.904181 1.01817393303
135.029755 1.11841893196
136.104583 1.06827807426
137.230701 1.11855912209
139.031557 1.61922502518
140.15659 1.11813807487
141.130859 0.968014955521
142.256087 1.11811685562
143.587567 1.21850514412
144.663065 1.0683529377
145.689298 1.01831817627
146.865101 1.16845393181
148.091029 1.21859788895
149.369327 1.11853098869
150.444464 1.06815004349
151.62031 1.16843986511
152.645725 1.0183429718
154.728474 1.66926312447
155.905245 1.16891479492
156.980003 1.06832289696
157.955518 0.968154191971
159.219492 1.11831402779
160.546 1.31853103638
161.771118 1.21829581261
162.981347 1.11823987961
164.07982 1.01792407036
165.405712 1.31848216057
166.680943 1.26823782921
168.006027 1.31823301315
169.031838 1.01817798615
170.407695 1.36863088608
171.713498 1.21864891052
172.789229 1.06844902039
174.027875 1.06859612465
175.332258 1.21877813339
176.357607 1.01810598373
177.383462 1.01826620102
178.975389 1.41864204407
180.100218 1.11832499504
181.625684 1.51882505417
182.900714 1.26853990555
184.422086 1.26890707016
185.949563 1.51895499229
187.475646 1.51897406578
188.601637 1.11842799187
190.02771 1.41898703575
191.203321 1.16847300529
192.479559 1.26878809929
193.955425 1.46873617172
195.483566 1.51891803741
196.809413 1.31869482994
198.285285 1.46880078316
199.626475 1.31876683235
200.840958 1.06839179993
202.116597 1.26843905449
203.292658 1.16850209236
204.718924 1.41906809807
206.343056 1.36866807938
207.418757 1.06821608543
208.494112 1.06817698479
209.620072 1.1183950901
210.995888 1.36862802505
212.457406 1.26886105537
213.982932 1.51885795593
215.450179 1.21866393089
216.777212 1.31867694855
217.952737 1.16839194298
219.228371 1.26855015755
220.40434 1.16847491264
221.880422 1.46894598007
223.257005 1.3691110611
224.782811 1.51894497871
226.108638 1.31871509552
227.685114 1.56903791428
229.16102 1.46875786781
230.687365 1.5189640522
231.86306 1.16857004166
232.988494 1.11834692955
234.382802 1.16840291023
235.708036 1.31829094887
237.083243 1.3682949543
238.385597 1.21832680702
239.601162 1.16816186905
240.776735 1.16830396652
241.80161 1.0179708004
243.052115 1.16823101044
244.227284 1.16817116737
245.747999 1.21873092651
247.024369 1.26838994026
248.149447 1.11813402176
249.324898 1.16821098328
250.615295 1.16817307472
251.791218 1.16817784309
252.966295 1.16816616058
254.12013 1.06828308105
255.195346 1.068171978
256.420394 1.21810698509
257.595922 1.16829895973
258.721586 1.11837887764
260.082049 1.26835608482
261.398978 1.21839499474
262.524063 1.1179690361
263.699013 1.16807293892
265.102964 1.31858277321
266.356183 1.16842317581
267.68737 1.21817398071
268.812349 1.11807799339
270.037958 1.21836900711
271.16306 1.1180729866
272.546225 1.21816301346
273.671616 1.11808490753
274.896608 1.21809601784
276.407272 1.21817302704
277.483833 1.06802010536
278.73253 1.11813616753
279.908481 1.16833519936
281.083416 1.16805696487
282.158195 1.06787109375
283.520899 1.26854801178
284.92302 1.31849503517
286.19881 1.26845479012
287.524725 1.31861805916
288.701 1.1686270237
290.319436 1.56903386116
291.575895 1.16849994659
292.730059 1.06840896606
293.855876 1.11836194992
295.261817 1.11806082726
296.472464 1.11812710762
297.597558 1.11811113358
298.902374 1.2184150219
300.324899 1.26848697662
301.680205 1.26859402657
302.982607 1.21834015846
304.20806 1.21824193001
305.822427 1.56881284714
307.124283 1.11835980415
308.350581 1.21823692322
309.729842 1.26847696304
310.945247 1.16862797737
312.170865 1.21830105782
313.377878 1.11829996109
314.553383 1.16835689545
315.787278 1.06822681427
316.912708 1.11819291115
318.218887 1.21854901314
319.652411 1.2186999321
320.97714 1.3182990551
322.310636 1.31824803352
323.685581 1.36838197708
324.960165 1.26825499535
326.184924 1.21831679344
327.451339 1.2182970047
328.77594 1.31833004951
330.200973 1.41869616508
331.626489 1.41862201691
333.001429 1.36840701103
334.326581 1.31853699684
336.052105 1.71888589859
337.800314 1.31835389137
339.026679 1.21832704544
340.652255 1.61854791641
341.979581 1.16839313507
343.154875 1.16828012466
344.409278 1.16823291779
345.96569 1.36911797523
347.090891 1.11826610565
348.465991 1.36859703064
349.832784 1.31822395325
351.308452 1.46879506111
352.73341 1.41863393784
354.057972 1.31827497482
355.333074 1.26834607124
356.707857 1.36845588684
358.08363 1.36910486221
359.509529 1.41886591911
360.984936 1.46874594688
362.209954 1.21844816208
363.485488 1.26853895187
364.710538 1.21848607063
365.935761 1.21848392487
