2.096587 1.66882681847
3.724086 1.61889195442
5.551025 1.81964302063
7.177117 1.6187889576
8.953107 1.7692220211
10.47904 1.51902508736
12.304898 1.81936788559
13.780049 1.4686820507
15.255235 1.46863293648
17.032089 1.76949810982
18.757827 1.71920990944
20.483051 1.71884584427
21.909621 1.41870093346
23.535918 1.61901712418
25.112201 1.56875896454
26.68765 1.5689368248
28.247006 1.46866583824
29.723379 1.46893286705
31.149492 1.41879105568
32.820754 1.46891307831
34.24818 1.41859602928
35.573739 1.3184530735
37.450444 1.86940789223
38.926186 1.4687461853
40.452116 1.5189781189
41.828021 1.36859703064
43.303451 1.46867895126
44.680259 1.36903214455
46.105528 1.41851711273
47.581817 1.46902084351
49.007838 1.41872596741
50.432937 1.41836714745
51.968301 1.4689412117
53.644534 1.66933488846
55.069811 1.4187579155
56.596425 1.51952910423
58.121738 1.51888084412
59.597779 1.46894192696
61.022885 1.41878509521
62.347704 1.31869411469
63.949521 1.36873102188
65.476075 1.51864695549
66.901318 1.41847300529
68.477596 1.56906795502
70.203566 1.71933102608
72.030962 1.82044816017
73.607181 1.56910514832
75.083285 1.46910190582
76.755712 1.36906194687
78.18106 1.41885089874
79.856728 1.66909313202
81.282569 1.41894412041
82.857859 1.56888413429
84.533355 1.66900205612
85.95794 1.41844797134
87.432515 1.46844601631
88.957688 1.5187048912
90.482535 1.51871109009
91.907378 1.41858196259
93.583342 1.66919898987
95.299935 1.46889090538
96.677019 1.36868906021
98.003044 1.31877708435
99.378853 1.36868596077
100.800243 1.31880784035
102.276142 1.46872711182
103.651715 1.36880803108
105.077836 1.41899585724
106.503867 1.4189581871
107.879485 1.3685541153
109.30597 1.41898083687
110.631495 1.3186249733
112.007345 1.3686170578
113.283304 1.26839184761
114.809454 1.51905322075
116.135673 1.31873106956
117.411307 1.26851916313
118.887339 1.46891498566
120.313599 1.41874790192
121.689338 1.36863994598
123.013838 1.2185690403
124.289786 1.26857995987
125.834556 1.26853108406
127.111121 1.26835799217
128.486836 1.36865091324
130.013088 1.51890492439
131.338714 1.31858515739
132.614943 1.26853013039
133.940067 1.31833291054
135.415334 1.46845006943
136.740736 1.31829118729
137.966357 1.21846294403
139.442511 1.46887612343
140.717393 1.26814889908
142.027226 1.26833105087
143.353069 1.31851506233
144.664449 1.21861600876
145.990887 1.31902384758
147.266888 1.26895689964
148.49212 1.21820497513
149.768056 1.26863098145
151.094847 1.31883597374
152.413117 1.26919102669
153.688642 1.26847100258
155.014945 1.31862998009
156.542894 1.26865291595
157.844781 1.26857805252
159.170417 1.31851696968
160.496153 1.3186378479
161.82189 1.31847500801
163.097949 1.26885199547
164.373702 1.26856017113
165.991811 1.51881313324
167.267219 1.26837801933
168.492357 1.21829414368
169.768018 1.2683968544
170.993472 1.21838092804
172.369328 1.36866021156
173.680464 1.26874089241
175.006874 1.31878399849
176.582815 1.56901216507
178.060107 1.4695379734
179.335607 1.26856398582
180.560647 1.21821808815
181.887049 1.31868600845
183.112716 1.21854710579
184.338779 1.21852493286
185.614582 1.26858615875
187.79357 1.5691139698
189.06945 1.26828503609
190.344392 1.2681350708
191.669977 1.31845998764
192.844685 1.16793489456
194.070105 1.21829509735
195.30985 1.16801905632
196.484666 1.16803979874
197.760754 1.26850295067
199.035767 1.26817107201
200.261114 1.21825504303
201.487203 1.21836209297
202.762112 1.26811099052
204.037758 1.26833510399
205.26332 1.21856808662
206.538718 1.26850795746
208.294119 1.56962800026
209.469583 1.16840386391
210.745155 1.26872491837
212.16966 1.21844792366
213.397058 1.21956086159
214.773327 1.36876392365
216.148968 1.36873793602
217.673193 1.26840496063
218.849444 1.16824197769
220.17477 1.31833195686
221.450308 1.26871705055
222.625379 1.16802787781
223.901217 1.26853609085
225.22796 1.31928181648
226.503394 1.26841306686
227.772054 1.21874904633
229.27177 1.3189470768
230.847206 1.56895303726
232.373034 1.51902103424
233.648155 1.26855611801
235.023479 1.36878204346
236.298172 1.2682030201
237.673423 1.36878800392
238.948664 1.26862001419
240.224484 1.26881504059
241.449354 1.21841692924
242.824507 1.36866116524
244.100125 1.26857185364
245.47574 1.36885786057
246.850476 1.36850714684
248.378349 1.31862711906
249.605805 1.21879887581
251.330859 1.6192650795
252.607046 1.26859712601
253.882798 1.26851391792
255.294829 1.2687151432
256.770861 1.4688680172
258.046339 1.26843905449
259.422653 1.36875486374
260.698735 1.26856613159
261.974848 1.26862287521
263.250654 1.26856088638
264.476371 1.21848917007
265.827749 1.31854009628
267.104006 1.26859402657
268.37983 1.26854705811
269.656474 1.26908802986
270.911681 1.21834492683
272.320699 1.31869888306
273.697257 1.36891698837
274.923035 1.21847510338
276.149945 1.21876001358
277.375673 1.21846699715
278.931268 1.31902599335
280.208578 1.26871299744
281.630329 1.36869382858
282.856803 1.21872401237
284.132992 1.26869416237
285.40874 1.26846599579
286.890072 1.26918506622
288.115529 1.21838402748
289.392262 1.2686021328
290.717795 1.31847500801
291.991987 1.2186319828
293.514877 1.41905498505
295.140226 1.61885404587
296.565729 1.41890716553
297.990695 1.41852283478
299.717482 1.71972107887
301.192519 1.46866488457
302.867906 1.66880488396
304.293105 1.41858291626
305.818276 1.51876401901
307.092846 1.26826500893
308.517972 1.41843795776
310.095671 1.31872487068
311.522296 1.41859817505
312.848369 1.31872606277
314.325308 1.46891999245
316.203141 1.87003779411
317.968054 1.36914396286
319.143774 1.16856408119
320.668726 1.5187048912
322.14408 1.46908307076
323.3705 1.21873688698
324.797485 1.41908407211
326.223875 1.41878294945
327.398841 1.16801214218
328.674449 1.26861596107
329.899911 1.21826887131
331.126079 1.21885609627
332.402438 1.26871204376
333.578328 1.16854596138
334.904045 1.31864213943
336.229826 1.31855893135
337.505499 1.26847791672
338.817583 1.21869587898
340.437575 1.21875
341.614773 1.16870522499
342.940784 1.3187520504
344.166595 1.21847701073
345.392741 1.21859002113
346.668603 1.26860499382
347.844159 1.16829705238
349.120036 1.26860904694
350.396105 1.26874303818
351.623045 1.21858406067
352.898352 1.26844406128
354.124116 1.21831917763
355.583332 1.4189748764
356.809425 1.21853089333
357.98484 1.16811919212
359.818093 1.46910190582
361.219378 1.36879897118
362.445193 1.21843600273
363.722023 1.26874089241
364.947824 1.21847391129
366.180517 1.16870307922
367.406486 1.21861004829
368.582122 1.16827702522
369.908798 1.31891107559
371.458727 1.31855201721
372.736766 1.26912283897
373.962842 1.21863508224
375.189181 1.2189078331
376.50179 1.26873493195
377.878841 1.36914110184
