1.770531 1.36819195747
3.34649 1.56843209267
4.771046 1.41816496849
6.296387 1.51849484444
7.921254 1.61843800545
9.346197 1.41819310188
10.720279 1.36794519424
12.245081 1.51832485199
13.66938 1.41807794571
15.143779 1.46823120117
16.51811 1.36817979813
17.942838 1.41833305359
19.417765 1.46819186211
20.842546 1.41834807396
22.317102 1.46837306023
23.742036 1.41817212105
25.26537 1.46839118004
26.789929 1.51834011078
28.214334 1.41821599007
29.989523 1.76872515678
31.313877 1.31810808182
33.004877 1.51840806007
34.430964 1.41824507713
36.156314 1.71869683266
37.581815 1.418364048
39.106916 1.51844406128
40.732303 1.6187748909
42.307748 1.56851196289
43.78272 1.46831202507
45.258144 1.46848797798
46.833173 1.56838107109
48.308191 1.46836781502
49.784027 1.36835098267
51.159274 1.36827492714
52.634286 1.46837997437
53.959592 1.31826901436
55.484752 1.51843309402
57.010299 1.51852893829
58.485502 1.46852707863
59.810266 1.31810307503
61.185433 1.36823296547
62.66057 1.46846604347
64.287436 1.36832785606
65.663681 1.36833095551
67.088678 1.41831803322
68.514093 1.41841101646
69.939157 1.41830396652
71.314062 1.36825108528
72.790208 1.36831712723
74.315349 1.51847600937
75.740632 1.41831707954
77.065494 1.31813192368
78.540986 1.46846604347
79.916006 1.36828398705
81.341094 1.41834688187
82.816265 1.468323946
84.291789 1.46843695641
85.7168 1.41828203201
87.09215 1.3682808876
88.51728 1.418405056
89.892257 1.36824798584
91.267494 1.368227005
92.642392 1.36819505692
94.067997 1.41824603081
95.824023 1.41849708557
97.199257 1.36830401421
98.774532 1.56871390343
100.198991 1.41830706596
101.723624 1.5184841156
103.147967 1.41821098328
104.472739 1.31832695007
105.947267 1.46834516525
107.221582 1.26815199852
108.646267 1.41826987267
110.220863 1.56850790977
111.595092 1.36815595627
113.070124 1.46850204468
114.494523 1.41830515862
115.918904 1.41831302643
117.443502 1.51855492592
118.95491 1.31834983826
120.679725 1.71870088577
122.104216 1.41837310791
123.578629 1.46833205223
124.953275 1.36825990677
126.828849 1.61861085892
128.155099 1.31832790375
129.680655 1.51889801025
131.05575 1.36829805374
132.431031 1.36831212044
133.856204 1.4184319973
135.281679 1.41846108437
136.807084 1.51869297028
138.332221 1.51848888397
139.807792 1.46854090691
141.28297 1.46852302551
142.942402 1.46855401993
144.216789 1.26818490028
145.541568 1.31827998161
147.066215 1.51846909523
148.641003 1.56857800484
149.965751 1.31850910187
151.390621 1.41835689545
152.915371 1.51852989197
154.49009 1.56850194931
155.965075 1.46849894524
157.610913 1.46850705147
158.886982 1.26820111275
160.262199 1.3684129715
161.787876 1.51859784126
163.213303 1.41844201088
164.838676 1.61855983734
166.267426 1.31829810143
167.542377 1.26811289787
169.017929 1.46851301193
170.343009 1.31827497482
171.744289 1.36829900742
173.169412 1.41834402084
174.544501 1.36828804016
175.919648 1.36831593513
177.295121 1.36832714081
178.569946 1.26804184914
180.04594 1.46850800514
181.571447 1.51870298386
182.996608 1.41837000847
184.27198 1.26826810837
185.697068 1.41826486588
187.022417 1.31823396683
188.668908 1.26831197739
190.095023 1.41853499413
191.420404 1.31829690933
192.79549 1.36822509766
194.12087 1.31826210022
195.546227 1.41851377487
196.82129 1.26814293861
198.196871 1.36846494675
199.471927 1.26818680763
200.797407 1.31830906868
202.022406 1.21812605858
203.297387 1.26810598373
204.672651 1.36834001541
205.998143 1.31827306747
207.323079 1.31816101074
208.648649 1.31836605072
210.117462 1.3682050705
211.392807 1.26823306084
212.667833 1.26817393303
214.043777 1.36875391006
215.268657 1.21798300743
216.543526 1.26802706718
217.868996 1.31827902794
219.360417 1.26825118065
220.686968 1.31844115257
222.062294 1.36838102341
223.337397 1.26826190948
224.612786 1.26829195023
225.887818 1.26816487312
227.163429 1.26838302612
228.438586 1.26831102371
229.763697 1.3182618618
231.093136 1.21828007698
232.36817 1.2681581974
233.894022 1.5186009407
235.119018 1.21814584732
236.344088 1.21810603142
237.619112 1.26815891266
238.894617 1.26823997498
240.219786 1.31829500198
241.477102 1.21819591522
242.802198 1.31822180748
244.177427 1.36835002899
245.552951 1.36831998825
246.777973 1.21814894676
248.053508 1.26834797859
249.328695 1.26833510399
250.810873 1.26821303368
252.143271 1.21811389923
253.468847 1.31823515892
254.794045 1.31831121445
256.119623 1.31835603714
257.394773 1.26823592186
258.669982 1.26822400093
259.945846 1.26826119423
261.271011 1.31824398041
262.649086 1.31845498085
264.024362 1.36837410927
265.299476 1.26823687553
266.524397 1.21800112724
267.799921 1.26819419861
269.325568 1.51863193512
270.651136 1.31833291054
272.126584 1.46856498718
273.935813 1.61882996559
275.360307 1.41830706596
276.834925 1.46840190887
278.309967 1.46853089333
279.634448 1.31829309464
281.30288 1.46854996681
282.579616 1.26858210564
284.355642 1.76917982101
285.881447 1.51866006851
287.306675 1.41838312149
288.782354 1.46846199036
290.259126 1.46853494644
291.734403 1.46844792366
293.224429 1.46839594841
294.499344 1.26809597015
296.174959 1.66867089272
297.747388 1.41835308075
298.972721 1.21812796593
300.197776 1.21814417839
301.573389 1.36840796471
302.848601 1.26829814911
304.073566 1.21805691719
305.348945 1.26818394661
306.624075 1.26820397377
307.919702 1.21803116798
309.144716 1.21811890602
310.419861 1.26803612709
311.916941 1.26824879646
313.193597 1.26821708679
314.618987 1.41851997375
315.894041 1.26811313629
317.11937 1.21819496155
318.398723 1.1679930687
319.624136 1.21816515923
320.899125 1.26806306839
322.125029 1.21809887886
323.250074 1.11806917191
324.57556 1.31826496124
325.800519 1.21804618835
326.97552 1.16807317734
328.2006 1.21806192398
329.426044 1.21817398071
330.651268 1.21820497513
331.876706 1.21820998192
333.101656 1.21802401543
334.426876 1.31828808784
335.60213 1.1679930687
336.87739 1.26836800575
338.197707 1.21831607819
339.422964 1.21815490723
340.698227 1.26828980446
342.282968 1.36828684807
343.509173 1.21816396713
344.834559 1.31823205948
346.093623 1.21801400185
347.218899 1.11808395386
348.443875 1.21807289124
349.569025 1.11795401573
350.794145 1.21818995476
352.06929 1.26821088791
353.244591 1.16812086105
354.420037 1.16803717613
355.59532 1.16809892654
356.820315 1.2180378437
358.162575 1.21826100349
359.387706 1.21819615364
360.562657 1.16797018051
361.788091 1.21820998192
362.963051 1.16797304153
364.238635 1.26836013794
365.463756 1.21815109253
366.638712 1.16801691055
367.86411 1.21817111969
369.139225 1.26820397377
370.364655 1.21819996834
371.489567 1.1179420948
372.877286 1.1681728363
374.003489 1.11801505089
375.228607 1.21818995476
376.504405 1.26845884323
377.784655 1.16809892654
378.90985 1.11792302132
380.134908 1.21812391281
381.260231 1.11805987358
382.485384 1.21816396713
383.660582 1.16825604439
384.936032 1.26817011833
386.111237 1.16818380356
387.336523 1.21835207939
388.561962 1.21810007095
389.686933 1.11797904968
390.762886 1.0680539608
391.937959 1.16808700562
393.11315 1.16823911667
394.288754 1.16821789742
395.513774 1.21807408333
396.732527 1.11789083481
397.907872 1.16807103157
398.983412 1.06820392609
400.108652 1.11793613434
401.183797 1.06797504425
402.36001 1.16822004318
403.640483 1.06795620918
404.8168 1.1682062149
405.99199 1.16820693016
407.117172 1.11806201935
408.442844 1.31828117371
409.567804 1.11798119545
410.793307 1.21823000908
411.918448 1.11816000938
413.09367 1.16822504997
414.168891 1.06799411774
415.444719 1.16820693016
416.720007 1.26825118065
417.795355 1.06804990768
419.020709 1.21833395958
420.095792 1.06800794601
421.221407 1.11825919151
422.347111 1.11837697029
423.522394 1.16805386543
424.697961 1.16825389862
425.822978 1.11796092987
426.998445 1.16812109947
428.173558 1.16806316376
429.498958 1.31835412979
430.57435 1.06805300713
431.79955 1.21815800667
432.924996 1.11808800697
434.428363 1.16845798492
435.654645 1.21846008301
436.830144 1.16814398766
438.005319 1.16816496849
439.130827 1.11818099022
440.356076 1.21820402145
441.581236 1.21805286407
442.757141 1.16822004318
443.88232 1.11814904213
445.108056 1.21839594841
446.233152 1.11804294586
447.408391 1.16812491417
448.633491 1.21800303459
449.809018 1.16812086105
450.984052 1.16803884506
452.109505 1.11804890633
453.443665 1.21816802025
454.669172 1.2182059288
455.844287 1.16810488701
457.069514 1.21819615364
458.295053 1.21821689606
459.52015 1.21806693077
460.64557 1.11806702614
461.820593 1.1680290699
463.096263 1.26825785637
464.321493 1.21816921234
465.690095 1.16819405556
466.916872 1.21817994118
468.041824 1.11785578728
469.217235 1.16811299324
470.342228 1.11797404289
471.517353 1.16808199883
472.796623 1.1680598259
473.971786 1.16812300682
475.19759 1.21815514565
476.423305 1.21814513206
477.54897 1.1181499958
478.774636 1.21833300591
480.003592 1.21894288063
481.279039 1.2682800293
482.605059 1.31848907471
483.730151 1.11801505089
484.855504 1.11807513237
485.980387 1.11785101891
487.105417 1.11795520782
488.331133 1.21833610535
489.556223 1.21804285049
490.731691 1.16815304756
492.101322 1.26815700531
493.226771 1.11807703972
494.402013 1.16814494133
495.577506 1.16814208031
497.20669 1.41841888428
498.43303 1.21816205978
499.75832 1.31824183464
501.033585 1.26822710037
502.259093 1.21814703941
503.484321 1.21815896034
504.659924 1.16821503639
505.835073 1.16808891296
506.910733 1.06816387177
508.136215 1.21817708015
509.411511 1.26821112633
510.587092 1.16823005676
511.812071 1.11798501015
512.987468 1.16800403595
514.162571 1.16804099083
515.388086 1.21817088127
516.613363 1.21812987328
517.788618 1.1680419445
518.914107 1.11806797981
520.089366 1.16815590858
521.314997 1.21820306778
522.403052 1.0680129528
523.678353 1.26818799973
524.853749 1.16805791855
526.079146 1.21832990646
527.497528 1.16812801361
528.674045 1.16819095612
529.899258 1.2180981636
531.650054 1.61855697632
533.225108 1.56855678558
534.850423 1.61864900589
536.426221 1.56864881516
537.801032 1.36825680733
539.125673 1.31811285019
540.552609 1.4185500145
542.128006 1.56874990463
543.652957 1.51846408844
545.128202 1.46842885017
546.603421 1.46862387657
548.128428 1.51849293709
549.603276 1.46833610535
551.128739 1.51859211922
552.753985 1.6187069416
554.429265 1.66875195503
555.750367 1.21840286255
556.876153 1.11802697182
558.196662 1.1179318428
559.373282 1.16820287704
560.498297 1.11790204048
561.573381 1.06795096397
562.7489 1.16815495491
563.874063 1.11805391312
565.049684 1.16826605797
566.124833 1.06800317764
567.350101 1.21814608574
568.493775 1.11805796623
569.619059 1.11821508408
570.744501 1.11808300018
571.919587 1.16801285744
573.094694 1.16802787781
574.267343 1.06795907021
575.442964 1.16818404198
576.668217 1.21811890602
577.793873 1.11821317673
578.969173 1.16819596291
580.244486 1.26817202568
581.320207 1.06824493408
582.445313 1.11792993546
583.621073 1.16827607155
584.796333 1.16810703278
585.821322 1.01781010628
586.99691 1.16807198524
588.172147 1.16801691055
589.563585 1.21836686134
590.690181 1.11814188957
591.915536 1.21816110611
593.049839 1.01797199249
594.125197 1.06801700592
595.300905 1.16819095612
596.376094 1.06802892685
597.60142 1.21809601784
598.726949 1.11803102493
599.852105 1.11802101135
601.027802 1.16817998886
602.102879 1.0679359436
603.228004 1.11794900894
604.302995 1.06781411171
605.378543 1.06800079346
606.453601 1.06789803505
607.579414 1.11824703217
608.604531 1.01783418655
609.729907 1.11814808846
611.014775 1.16814398766
612.089916 1.06794881821
613.216143 1.11830306053
614.391405 1.16813206673
615.617064 1.21814012527
616.692174 1.06789398193
617.768209 1.06823992729
619.043685 1.26821303368
620.377667 1.11801290512
621.554384 1.16805887222
622.579424 1.01793193817
623.654826 1.06801700592
624.779959 1.1180229187
625.955162 1.16801190376
627.130611 1.16806197166
628.205625 1.0679101944
629.48362 1.16813802719
630.559722 1.06804490089
631.835132 1.2681889534
632.960651 1.11801695824
634.08589 1.1180369854
635.111315 1.01796507835
636.23655 1.11801600456
637.412158 1.16806101799
638.487491 1.06815600395
639.66322 1.16823983192
640.738296 1.06789803505
641.963771 1.21819901466
643.039222 1.06793212891
644.214391 1.16803097725
645.290392 1.0681180954
646.315407 1.01783680916
647.777736 1.2681760788
649.252586 1.46836090088
650.96364 1.5186650753
652.441835 1.468572855
653.76766 1.3184709549
655.343347 1.56860303879
656.669021 1.31823897362
658.094558 1.41840410233
659.62053 1.51861095428
661.096147 1.46851587296
662.571745 1.46851706505
664.047552 1.46843695641
665.523109 1.46843791008
666.899096 1.36860203743
668.374604 1.4684278965
669.800158 1.41844391823
671.174841 1.21824121475
672.351008 1.16819620132
673.476291 1.11802601814
674.602049 1.1182448864
675.777458 1.16802000999
676.952945 1.16820192337
678.129169 1.16814088821
679.204497 1.06803894043
680.630548 1.41851186752
681.920923 1.0679500103
683.047358 1.11816978455
684.27268 1.21810603142
685.397849 1.11792516708
686.573481 1.16812205315
687.598581 1.01786088943
688.674021 1.06791305542
690.650673 1.46855711937
692.02585 1.368475914
693.501363 1.46859884262
694.82694 1.31859707832
696.352203 1.51861691475
697.777515 1.41840696335
699.352764 1.56860780716
700.878338 1.51872086525
702.253791 1.36847710609
703.728976 1.46853804588
705.354313 1.61869382858
706.630274 1.26841807365
707.755595 1.1180729866
708.831184 1.0680129528
710.006701 1.16825294495
711.081967 1.0680308342
712.475781 1.1182308197
713.652137 1.16822314262
714.827809 1.16816496849
715.852934 1.01787686348
717.028705 1.16820812225
718.103956 1.06801795959
719.229179 1.11797118187
720.354871 1.11806917191
721.480123 1.11800289154
722.555674 1.06795501709
723.580935 1.01791501045
724.656125 1.06791901588
725.881556 1.21819496155
727.007166 1.11798191071
728.182481 1.16809511185
729.258083 1.06804704666
730.528267 1.16820788383
731.904287 1.36847305298
732.979634 1.06808710098
734.055337 1.0681040287
735.130751 1.0679769516
736.306294 1.16821694374
737.532013 1.21813797951
738.657206 1.11794400215
739.782896 1.11811804771
740.858235 1.06799292564
741.933406 1.06787991524
743.262272 1.118227005
744.38905 1.11819219589
745.414301 1.01796913147
746.540539 1.1181499958
747.61588 1.06809592247
748.844678 1.11817407608
749.92029 1.06803488731
750.995821 1.06820702553
752.021434 1.01800513268
753.096988 1.06819605827
754.172199 1.0679090023
755.248528 1.06805300713
756.324262 1.06807994843
757.399582 1.0679872036
758.475442 1.0681438446
759.65095 1.16818189621
760.826751 1.16818594933
761.902251 1.06806516647
763.077671 1.16807985306
764.253574 1.16825389862
765.379112 1.11821699142
767.008815 1.41851210594
768.583917 1.56851506233
770.0091 1.41834115982
771.333904 1.31817317009
772.558644 1.21815013885
774.211432 1.41849303246
775.689361 1.46861886978
777.16503 1.46843004227
778.790885 1.61869597435
780.216835 1.41838598251
781.842897 1.61883091927
783.418942 1.56857514381
784.794613 1.3684489727
786.370538 1.56877994537
787.646275 1.26826786995
789.022026 1.36857700348
791.282196 1.36837100983
792.357545 1.06800198555
793.53367 1.16847586632
794.709545 1.16848301888
795.785169 1.06794404984
796.81065 1.01811480522
797.885975 1.06796908379
799.112015 1.2183599472
800.137263 1.01789617538
801.213248 1.06817007065
802.288634 1.06804990768
803.464124 1.1681470871
804.736208 1.01808691025
805.86351 1.11820101738
807.039053 1.16818594933
808.114294 1.06795096397
809.836047 1.51858687401
810.911844 1.06816697121
812.037233 1.11807990074
813.313298 1.2683930397
814.488811 1.16815114021
815.614247 1.11812210083
816.689892 1.06797099113
817.915447 1.21823215485
819.040809 1.11804509163
820.166611 1.11818504333
821.241957 1.06803107262
822.417797 1.16819405556
823.49305 1.06794595718
824.668332 1.16794514656
825.793987 1.11802411079
826.919288 1.11798286438
828.532633 1.31822800636
829.75741 1.21812391281
830.982588 1.21817398071
832.357541 1.36831212044
833.682448 1.31824398041
834.957847 1.26841211319
836.469916 1.31836700439
837.946953 1.46856307983
839.32267 1.36842298508
840.648728 1.31854391098
842.12469 1.4686729908
843.600587 1.46863889694
844.82639 1.21825003624
846.202052 1.36837410927
847.478023 1.26835799217
848.753517 1.26826500893
