1.444455 1.1676530838
2.719861 1.26792693138
4.093961 1.36798095703
5.531956 1.41815114021
6.906976 1.36814284325
8.381214 1.46804714203
9.605884 1.21784090996
10.930367 1.31808519363
12.482451 1.51841711998
14.057137 1.56826496124
15.682048 1.61820006371
16.956201 1.26800680161
18.48146 1.51828479767
19.755482 1.26784014702
21.129871 1.36794519424
22.504178 1.36814498901
23.703252 1.11778187752
25.028292 1.31804800034
26.352662 1.31819701195
27.427483 1.06773686409
28.802874 1.36822104454
30.027491 1.21781992912
31.502606 1.46809792519
33.050844 1.21779704094
34.376933 1.31825089455
35.413811 1.01762199402
36.488559 1.06779313087
37.763226 1.2680721283
39.087782 1.31787204742
40.262657 1.16797089577
41.619812 1.26805305481
42.694528 1.06775593758
43.918513 1.21789813042
45.193647 1.26812291145
46.417588 1.21787595749
47.541974 1.11773991585
48.616854 1.06791806221
49.84149 1.21799588203
51.066108 1.21794199944
52.341127 1.26802611351
53.546667 1.16795897484
55.01898 1.26825404167
56.443237 1.41815400124
57.66802 1.2180249691
58.878692 1.16800785065
59.903117 1.01770591736
61.027328 1.11801195145
62.202344 1.16804003716
63.597668 1.11795687675
64.873459 1.268253088
65.948481 1.06799006462
67.073174 1.11796092987
68.39841 1.31818389893
69.322272 0.917710065842
70.446861 1.11787295341
71.649634 1.11799907684
72.573818 0.917716026306
73.648555 1.06793999672
74.723221 1.06790113449
75.798255 1.067964077
76.822253 1.01783585548
78.147756 1.31851196289
79.500865 1.26831889153
80.625613 1.11801099777
81.900918 1.26828694344
83.025508 1.11785817146
84.186719 1.06802201271
85.261415 1.06788396835
86.486766 1.2183110714
87.684647 1.1179599762
88.859487 1.16808915138
90.084416 1.21838498116
91.309632 1.21818494797
92.626872 1.21804881096
94.122553 1.26843714714
95.453308 1.21823120117
96.628529 1.16819095612
98.229672 1.51869893074
99.398588 1.06795787811
100.87434 1.46867084503
102.126625 1.16820383072
103.429444 1.2181828022
104.860326 1.26836514473
105.985246 1.11793994904
107.292697 1.21810603142
108.718254 1.41855692863
110.056225 1.21820688248
111.408877 1.26815891266
112.790554 1.21820902824
114.194828 1.16811299324
115.405653 1.16812896729
116.860606 1.06804895401
118.085944 1.21825695038
119.361191 1.26813697815
120.897188 1.36836695671
122.320698 1.3682410717
123.645497 1.31826400757
125.300444 1.41847896576
126.57756 1.2685649395
128.20294 1.61866211891
129.628643 1.41851496696
131.253942 1.61855101585
132.57887 1.31819295883
134.00434 1.41842699051
135.179117 1.16804695129
136.554702 1.36846995354
137.879741 1.31825184822
138.854211 0.967704057693
140.329707 1.4684240818
141.855191 1.5184738636
143.578304 1.51845598221
144.747916 1.01783013344
146.096353 1.26820802689
147.321277 1.21805715561
148.437214 0.917901992798
149.411119 0.967684030533
150.535798 1.11784815788
151.962079 1.41837406158
153.036986 1.06807589531
154.061936 1.01779103279
155.781891 1.36836886406
157.007671 1.21810889244
158.182529 1.16803598404
159.307827 1.11818504333
160.131708 0.81759095192
161.106718 0.967885017395
162.381836 1.26829886436
163.580339 1.1179151535
164.705111 1.11789798737
165.679671 0.967972040176
166.754287 1.06782793999
167.728981 0.967835903168
168.854114 1.11800694466
170.078998 1.21804594994
171.404184 1.31816291809
172.329516 0.917719841003
173.354198 1.01787400246
174.279095 0.91778087616
175.504021 0.967750072479
176.47834 0.967731952667
177.502337 1.01769804955
178.526519 1.01779699326
179.501566 0.967896938324
180.826586 1.31797790527
