1.892612 1.51848888397
3.469313 1.56840920448
4.894079 1.41838312149
6.419087 1.51854300499
7.99425 1.56877303123
9.519212 1.51861786842
11.295354 1.7691218853
12.92098 1.61905503273
14.497113 1.5689470768
16.023681 1.51893496513
17.699467 1.66881489754
19.325888 1.61926698685
20.851764 1.5190718174
22.42818 1.56895804405
23.954974 1.51902484894
25.431171 1.4690489769
27.01453 1.46882390976
28.490116 1.46878695488
29.965268 1.46870493889
31.491037 1.51895999908
33.16496 1.46918702126
34.84332 1.66956114769
36.319464 1.46894907951
38.045761 1.71890807152
39.721723 1.66898989677
41.248101 1.51890397072
42.924147 1.6688990593
44.199685 1.26864409447
45.877719 1.66917204857
47.403292 1.51871395111
48.979043 1.56873488426
50.35444 1.36871504784
51.818535 1.36876797676
53.143808 1.31845092773
54.820043 1.66915893555
56.447668 1.61962604523
57.873772 1.41883897781
59.300476 1.41884589195
60.926643 1.61922502518
62.301908 1.36849403381
64.042542 1.26860904694
65.471707 1.42130899429
67.147694 1.66905403137
68.673214 1.51869797707
70.349134 1.66900801659
71.924545 1.56871199608
73.249925 1.31847405434
74.524797 1.2682261467
75.94117 1.31848907471
77.21703 1.26851606369
78.492281 1.26829910278
79.817621 1.31833600998
81.193047 1.36866211891
82.468077 1.26830911636
84.043521 1.5687828064
85.419701 1.36870002747
86.743419 1.26831412315
88.06916 1.31868886948
89.294609 1.21829795837
90.670015 1.36854410172
92.045565 1.36840200424
93.521905 1.46896481514
95.027229 1.31848597527
96.304001 1.26827406883
97.72242 1.31835699081
99.29838 1.56900405884
100.674405 1.36888384819
101.899477 1.21809506416
103.124255 1.21802306175
104.75033 1.61885499954
106.025872 1.26840996742
107.501696 1.46879696846
108.727264 1.21826601028
110.153122 1.41868710518
111.477903 1.31809806824
112.853399 1.36831116676
114.128356 1.26819205284
115.504394 1.36862897873
116.829784 1.31850004196
118.10456 1.26808094978
119.710741 1.51866912842
121.03704 1.31888103485
122.262449 1.21829009056
123.487994 1.21841812134
124.763102 1.26830387115
126.23131 1.21810889244
127.607703 1.368486166
128.83295 1.21830511093
130.057881 1.21805405617
131.433305 1.36838078499
132.758262 1.31826615334
133.983876 1.21819710732
135.517545 1.36841893196
136.792476 1.26818203926
138.117841 1.31838083267
139.342651 1.21808195114
141.001697 1.368309021
142.826882 1.81897115707
144.153773 1.31831693649
145.378664 1.21812915802
146.904853 1.51891803741
148.179972 1.26834607124
149.45512 1.26842021942
150.680612 1.21820998192
152.005662 1.31829094887
153.280927 1.26821708679
154.806216 1.51850700378
156.081233 1.26822185516
157.56613 1.21867990494
158.992483 1.41853404045
160.267652 1.26827096939
161.643727 1.36894893646
163.503027 1.51859402657
165.079159 1.56901597977
166.354285 1.26820588112
167.629601 1.26858210564
168.955054 1.31837701797
170.230054 1.26814198494
171.506305 1.26870703697
172.731213 1.21809697151
174.222004 1.31829285622
175.5474 1.31830906868
176.872557 1.31834816933
178.09792 1.21825313568
179.473183 1.3684489727
180.748108 1.26811695099
182.023429 1.26821517944
183.248339 1.21810507774
184.799504 1.41833686829
186.226163 1.41845488548
187.700814 1.46842002869
189.346501 1.41845107079
190.822932 1.46847605705
192.498554 1.66886091232
193.823638 1.3182849884
195.299463 1.46868801117
196.824704 1.51850104332
198.350758 1.51864004135
199.926394 1.56872987747
201.452132 1.51863193512
202.87764 1.41842389107
204.503563 1.61897587776
205.829048 1.3184299469
207.254331 1.41851687431
209.324337 1.81917095184
210.699786 1.36843800545
211.924707 1.21804189682
213.149872 1.21809482574
214.474866 1.31818604469
215.750308 1.26820111275
217.125456 1.36830615997
218.350646 1.21814990044
219.994076 1.41858100891
221.321393 1.31827998161
222.546177 1.21805405617
223.821552 1.26824498177
225.096859 1.26846408844
226.522531 1.41855478287
227.848329 1.3185069561
229.173463 1.31834816933
230.86233 1.51877617836
232.088226 1.21858811378
233.314101 1.21836709976
234.839725 1.51857185364
236.315541 1.46859312057
237.540444 1.21808385849
238.815584 1.26829600334
240.141012 1.31828999519
241.366081 1.21818995476
242.741562 1.36838388443
244.01658 1.26818299294
245.341551 1.31814098358
246.566944 1.21823215485
247.842199 1.26827001572
249.167723 1.31831598282
250.640684 1.26836705208
252.351824 1.46857500076
253.627357 1.26838898659
254.90299 1.26836299896
256.128049 1.2181968689
257.30312 1.16819620132
258.628619 1.31837010384
260.004039 1.36851406097
261.329083 1.31821703911
262.854979 1.51872992516
264.180116 1.31825208664
265.405457 1.21825885773
266.680443 1.26816916466
268.005536 1.31830215454
269.180879 1.16818404198
270.40607 1.21819186211
271.681642 1.26843309402
273.089905 1.31857895851
274.265396 1.1680419445
275.440451 1.16817998886
276.615723 1.16812205315
277.890962 1.2682788372
279.317501 1.41899299622
280.54359 1.2183868885
282.000785 1.21836900711
283.277894 1.2686829567
284.603277 1.31842517853
285.879044 1.26847696304
287.154279 1.26833701134
288.429952 1.26860690117
289.705959 1.26854205132
291.031406 1.31851601601
292.157723 1.11863493919
293.574639 1.31855893135
294.800619 1.21855807304
296.076442 1.26854395866
297.3025 1.21838903427
298.528456 1.21858406067
299.854271 1.31864500046
301.13068 1.26858997345
302.356376 1.21847510338
303.481629 1.11805415154
304.906974 1.41847205162
306.168535 1.21810793877
307.444435 1.26833295822
308.66941 1.21813106537
309.86038 1.16859292984
310.985605 1.1180460453
312.406982 1.16818499565
313.678675 1.16821694374
314.903721 1.21812009811
316.07882 1.16800904274
317.753689 1.41850399971
318.979118 1.21823096275
320.254366 1.26821088791
321.479323 1.21802687645
322.857446 1.36898398399
324.533244 1.66891407967
325.758658 1.21826791763
326.983739 1.21819901466
328.559441 1.56884217262
329.835247 1.26851797104
331.310836 1.4687128067
332.586307 1.26839590073
333.861923 1.26827502251
335.121911 1.16815781593
336.647796 1.51867604256
337.973461 1.31857800484
339.148914 1.16820216179
340.323994 1.16817498207
341.799541 1.46867918968
343.255875 1.2181699276
344.533383 1.26837587357
345.908854 1.36851501465
347.184404 1.26829004288
348.41011 1.21830201149
349.758557 1.3186249733
350.984066 1.21814107895
352.359997 1.36878585815
353.585348 1.21820306778
354.900797 1.16803693771
356.738973 1.66905593872
357.964651 1.21835017204
359.08972 1.11811089516
360.365444 1.26843595505
361.590538 1.21820402145
362.8149 1.21803808212
363.990475 1.16826796532
365.166211 1.16838693619
366.441564 1.26823091507
367.767962 1.31906199455
369.043823 1.26871299744
370.469989 1.41884303093
