1.521602 1.21770596504
3.048739 1.51820993423
4.373329 1.31790304184
5.761354 1.3681371212
7.486256 1.71859812737
9.060579 1.56818890572
10.335063 1.26781916618
11.909824 1.56840896606
12.933656 1.01764416695
14.458458 1.51814413071
15.832848 1.36798000336
17.237064 1.36810088158
18.561224 1.31801509857
19.886031 1.31789684296
21.210866 1.3181450367
22.485897 1.26805496216
23.959588 1.41835999489
25.283971 1.31817603111
26.908969 1.61834001541
28.626405 1.61844015121
30.100731 1.46818494797
31.224585 1.11769914627
32.676415 1.21798110008
34.152357 1.46834492683
35.476978 1.31802797318
37.302789 1.81898498535
38.72775 1.41838097572
40.10241 1.36811304092
41.627502 1.51828312874
43.202396 1.56834411621
44.610281 1.21801400185
45.984949 1.36809015274
47.448488 1.2181251049
48.872893 1.41831493378
50.297409 1.4184088707
51.422266 1.11784291267
52.497093 1.06800198555
53.672038 1.1679649353
54.946333 1.26819300652
56.170716 1.21828389168
57.446039 1.26826691628
58.720809 1.26807808876
60.045725 1.31821990013
61.12064 1.06787514687
62.445664 1.31834411621
63.708792 0.967751026154
64.920374 1.11792087555
66.045189 1.11810803413
67.069367 1.01776885986
68.09384 1.01777100563
69.369268 1.26844406128
70.193485 0.817531824112
71.267507 1.06785488129
72.492617 1.21816396713
73.667454 1.16814994812
74.792014 1.11787605286
76.017162 1.21816110611
77.342081 1.3182489872
78.91746 1.56868886948
80.042241 1.11813187599
81.370031 1.01786088943
82.344199 0.967715024948
83.318148 0.967837810516
84.29271 0.967852830887
85.317486 1.01779103279
86.341487 1.0178539753
87.416565 1.06802201271
88.490597 1.06793093681
89.464981 0.967627048492
90.605004 0.967741966248
91.730002 1.11796307564
92.654327 0.917598009109
93.579387 0.917689800262
94.723189 0.917704105377
95.664628 0.918022871017
96.639078 0.967751979828
97.763787 1.11782383919
98.838255 1.06780791283
99.863068 1.01790690422
101.484344 1.46837520599
103.009266 1.51859593391
104.133305 1.11788105965
105.55774 1.41829705238
106.732352 1.16820192337
108.156904 1.41836714745
109.932075 1.76901197433
111.406839 1.46829795837
112.630939 1.21802306175
114.155475 1.51847100258
115.580127 1.41818094254
116.954328 1.36814403534
118.428644 1.46827912331
120.003629 1.56860613823
121.427976 1.41824197769
122.902508 1.46847391129
124.032629 1.01792311668
125.357921 1.06808114052
126.333651 0.967816114426
127.358208 1.01779103279
128.332974 0.967746019363
129.407667 1.06794595718
130.772483 1.26819086075
132.197895 1.41843509674
133.422571 1.21791386604
135.17675 1.56869697571
136.751441 1.56861305237
138.276059 1.51848101616
139.500464 1.21802806854
140.824847 1.31827688217
142.199269 1.36831498146
143.473872 1.26818799973
144.698131 1.21816706657
146.072653 1.36842298508
147.4975 1.41843891144
149.022109 1.51846790314
150.646718 1.61849093437
151.971412 1.3182759285
153.245884 1.26826500893
154.970853 1.71887302399
156.731357 1.31823205948
158.157024 1.26835799217
159.181822 1.01799702644
160.381799 1.11807918549
161.606605 1.21803402901
162.731845 1.11811995506
163.906751 1.16808700562
164.981385 1.0678498745
166.232642 1.16812705994
167.658568 1.41877412796
168.86546 1.11807584763
170.098891 1.11814212799
171.323851 1.21814703941
172.398119 1.06800603867
173.473191 1.06797003746
174.8252 1.26832795143
176.050486 1.21818995476
177.456314 1.31852197647
178.571431 1.01830506325
179.725956 1.06811022758
180.750683 1.01783490181
181.925824 1.16810107231
