2.61059 2.23483490944
4.186587 1.56860685349
5.812013 1.61862516403
7.788602 1.96976089478
9.114253 1.31847310066
10.689414 1.56879496574
12.415296 1.71902799606
13.740377 1.31818604469
15.567094 1.81934809685
17.092587 1.51859998703
18.617342 1.51851701736
19.892368 1.26823997498
21.367674 1.46869897842
22.792803 1.4183139801
24.919619 2.12004184723
26.695111 1.76913905144
28.207024 1.41878199577
29.532885 1.3183619976
30.858285 1.31828188896
32.316127 1.2681620121
33.592092 1.26816320419
34.885279 1.26818299294
36.160707 1.26839113235
37.435762 1.26815700531
38.761323 1.31825590134
40.21665 1.41842103004
41.591736 1.36834812164
42.866798 1.26814889908
44.141634 1.26812410355
45.450426 1.26811504364
46.775326 1.31797719002
48.200678 1.41840791702
49.560575 1.26824903488
50.986931 1.4186809063
52.362113 1.36836290359
53.687401 1.31828284264
55.012282 1.31812286377
56.287062 1.26797509193
57.562167 1.2680580616
58.837026 1.26796603203
60.112238 1.26817297935
61.386968 1.26799702644
62.94704 1.3182220459
64.173202 1.21813416481
65.498129 1.31820297241
66.824132 1.3183889389
68.149361 1.31828689575
69.374069 1.21798706055
70.69452 1.21837592125
72.106581 1.36845302582
73.432233 1.31858706474
74.708399 1.26864385605
76.03433 1.31855797768
77.457209 1.36878204346
78.73209 1.26813006401
80.057288 1.31844186783
81.383218 1.3185069561
82.759909 1.36848807335
83.935532 1.16829895973
85.26136 1.31863093376
86.436321 1.16820192337
87.761843 1.31841087341
89.387612 1.61897706985
90.913563 1.51874995232
92.525045 1.51905298233
94.237923 1.42040014267
95.464508 1.21850609779
96.790271 1.3185198307
98.016093 1.21848917007
99.342596 1.318805933
100.568286 1.21859407425
101.743926 1.16822695732
102.869785 1.11835384369
104.045453 1.16846108437
105.271382 1.21848797798
106.547448 1.26864290237
107.722623 1.16805195808
109.148055 1.41857504845
110.323469 1.16820693016
111.549386 1.21843004227
113.033983 1.41862607002
114.359309 1.31868195534
115.884877 1.51885199547
117.210114 1.31858301163
118.484491 1.26821899414
119.959149 1.46843194962
121.384315 1.41854095459
122.808966 1.41837716103
124.622226 1.5686109066
126.349438 1.71919393539
127.925206 1.56882500648
129.451181 1.51881504059
131.277267 1.81913089752
132.702555 1.41831707954
134.278648 1.56892800331
136.054674 1.7690820694
137.428216 1.26874303818
138.653617 1.218323946
139.828923 1.16816806793
141.204655 1.36859416962
142.479827 1.26824307442
143.790587 1.26823711395
144.915567 1.11805105209
146.090753 1.16824793816
147.315988 1.21811890602
148.540885 1.21803712845
149.716286 1.16814088821
150.891476 1.16817712784
152.016511 1.11800909042
153.192347 1.16832494736
154.602118 1.11837792397
155.828806 1.21834993362
157.099483 1.1683139801
158.274562 1.16809892654
159.499784 1.21824789047
160.725195 1.21817803383
161.849901 1.11783099174
163.025136 1.16809511185
164.199911 1.16792201996
165.425484 1.21846604347
166.651324 1.21825504303
167.826079 1.16791820526
169.001053 1.16808700562
170.226679 1.21827816963
171.401815 1.16826891899
172.727427 1.31848096848
173.902252 1.16799783707
175.17734 1.26826500893
176.834933 1.5191090107
178.359755 1.51846313477
179.890706 1.51867508888
181.466206 1.56894683838
182.891381 1.4186258316
184.416412 1.51870512962
186.485441 1.56874299049
188.062454 1.56892204285
189.838605 1.76913905144
191.364356 1.51866602898
192.890001 1.51876997948
194.365372 1.4685189724
195.691586 1.31870698929
197.518023 1.8193089962
199.144035 1.61888885498
200.869821 1.71887683868
202.195868 1.21826696396
203.371076 1.16806912422
204.946743 1.56878495216
206.221992 1.26834797859
207.569296 1.31884288788
208.794437 1.2182059288
210.020427 1.21856784821
211.245916 1.21833705902
212.698777 1.36847901344
213.974821 1.26855516434
215.150975 1.16851997375
216.721982 1.11880493164
217.849448 1.11853289604
219.075389 1.21848583221
220.451266 1.36868309975
221.576262 1.11813616753
222.961451 1.26863312721
224.086871 1.11820483208
225.211737 1.1179561615
226.337197 1.11805796623
227.513092 1.16872191429
228.688953 1.16844701767
229.915128 1.21852517128
231.090493 1.16822099686
232.515927 1.41852688789
233.795918 1.21826481819
235.021561 1.21836400032
236.247322 1.2182700634
237.422248 1.16805386543
238.597375 1.16819405556
239.822942 1.21830010414
240.998211 1.16821718216
242.306403 1.21831893921
243.531967 1.21830391884
244.707363 1.1680791378
245.882815 1.16822290421
247.435908 1.16839504242
248.813689 1.36888813972
249.889075 1.06835985184
251.064499 1.16808009148
252.239881 1.16839408875
253.465183 1.21840691566
254.640795 1.16839385033
256.041221 1.36855101585
257.316831 1.2684071064
258.542279 1.21850800514
259.717629 1.16825699806
261.219862 1.31845712662
262.345221 1.11812400818
263.521219 1.1687130928
264.746667 1.21848607063
266.179516 1.41866612434
267.305131 1.11839604378
268.63147 1.31872415543
269.757259 1.1184899807
271.018635 1.218542099
272.144493 1.11835384369
273.370337 1.21851110458
274.495806 1.11806797981
275.671001 1.16823506355
276.795992 1.1180229187
278.420054 1.3686978817
279.646877 1.21853590012
281.023347 1.26871800423
282.199732 1.16852712631
283.324822 1.11806488037
284.500598 1.16828608513
285.626422 1.11852002144
286.851554 1.21820688248
287.976791 1.11801791191
289.102063 1.11800098419
290.1775 1.06816291809
291.302771 1.11824202538
292.428098 1.11837100983
293.703561 1.26836514473
294.728642 1.01778006554
295.953822 1.21820402145
297.129437 1.16830801964
298.304503 1.16804289818
299.547361 1.11808609962
300.673239 1.11841106415
302.098753 1.41856718063
303.274354 1.16831493378
304.299543 1.01807904243
305.324534 1.01795601845
306.350032 1.01801300049
307.525197 1.16814112663
309.168763 1.16825485229
310.296083 1.11845707893
311.521856 1.21838116646
312.697517 1.16833114624
314.023169 1.31857800484
315.14853 1.11822390556
316.12533 0.96809387207
317.401294 1.26850104332
318.568017 1.06814289093
319.593354 1.01791906357
320.618463 1.01806616783
321.644437 1.0183172226
322.669384 1.01794099808
323.744728 1.06805109978
324.819817 1.06797003746
325.895833 1.06803393364
326.921662 1.01850891113
327.997729 1.06839609146
329.123103 1.11819291115
330.248137 1.11802387238
331.1734 0.917913198471
332.198382 1.0178899765
333.27396 1.06818604469
334.399323 1.1183578968
335.708942 1.21854090691
336.885478 1.16831302643
337.960497 1.06798005104
338.985589 1.01800012589
340.501322 1.06820201874
341.478303 0.968297958374
342.503586 1.01820898056
343.529067 1.01824998856
344.554462 1.01803898811
345.479293 0.917803049088
346.705104 1.21841692924
347.78019 1.06800985336
348.755157 0.967913866043
350.081209 1.31857895851
351.00658 0.918272018433
352.586486 1.46875786781
353.913346 1.31904911995
354.888631 0.967892885208
356.014326 1.11845707893
357.139826 1.11821603775
358.21582 1.06846404076
359.392309 1.168446064
360.46753 1.06806278229
361.492723 1.01799106598
362.887413 1.36879897118
364.063137 1.16837501526
365.038314 0.967836141586
366.013237 0.967934846878
367.038319 1.01795983315
368.063891 1.01798892021
369.089087 1.01806497574
