2.61059 2.23483490944
4.186587 1.56860685349
9.114253 1.31847310066
13.740377 1.31818604469
19.892368 1.26823997498
32.316127 1.2681620121
37.435762 1.26815700531
42.866798 1.26814889908
44.141634 1.26812410355
45.450426 1.26811504364
56.287062 1.26797509193
58.837026 1.26796603203
64.173202 1.21813416481
69.374069 1.21798706055
83.935532 1.16829895973
86.436321 1.16820192337
102.869785 1.11835384369
144.915567 1.11805105209
152.016511 1.11800909042
161.849901 1.11783099174
249.889075 1.06835985184
290.1775 1.06816291809
294.728642 1.01778006554
316.12533 0.96809387207
331.1734 0.917913198471
345.479293 0.917803049088
