2.086174 1.46876597404
3.512143 1.41845583916
4.936601 1.41817998886
6.311703 1.36828017235
7.837209 1.51853299141
9.413083 1.56889891624
10.938123 1.51862406731
12.313251 1.36840391159
13.638817 1.31843090057
15.164039 1.51869416237
16.488608 1.31836795807
17.913838 1.4184589386
19.289622 1.36853194237
20.8144 1.51854586601
22.439629 1.61882591248
23.864778 1.41835403442
25.338347 1.41854906082
26.662954 1.31842112541
28.087781 1.41847395897
29.462816 1.36849594116
30.887592 1.41854500771
32.45296 1.31855416298
33.979591 1.51869511604
35.404747 1.41849112511
36.780273 1.36858987808
38.45621 1.66902303696
39.831529 1.36859607697
41.157523 1.31865286827
42.68307 1.51881694794
44.058602 1.36849498749
45.483861 1.41861200333
46.909024 1.41846203804
48.357147 1.31843900681
49.632207 1.26826715469
50.957271 1.31834793091
52.332838 1.36857199669
53.708183 1.36863303185
55.083801 1.36862206459
56.458949 1.36848807335
57.884131 1.41849207878
59.159531 1.26838898659
60.534838 1.36858606339
61.910369 1.36850905418
63.408672 1.31863284111
64.735354 1.31858301163
66.060585 1.31841087341
67.385791 1.31846499443
68.611077 1.21826481819
70.009007 1.26853609085
71.284363 1.26837491989
72.509345 1.21823120117
73.835526 1.31856107712
75.110674 1.26839780807
76.48634 1.36863589287
77.861789 1.36869597435
79.136964 1.26836013794
80.362202 1.21847295761
81.588276 1.21850299835
82.91346 1.31845092773
84.239026 1.3185300827
85.514215 1.26841497421
86.739316 1.21828103065
88.064909 1.31857800484
89.440267 1.36858391762
90.925105 1.36878609657
92.150405 1.21844482422
93.61194 1.31849718094
94.988534 1.36867904663
96.263835 1.2683942318
97.639203 1.36848688126
99.014835 1.36858892441
100.39022 1.36863994598
101.715917 1.31869888306
102.99106 1.2683660984
104.316344 1.31847596169
105.642155 1.31864619255
106.967529 1.31849193573
108.343479 1.36876606941
109.618992 1.26861691475
110.995069 1.36875009537
112.438309 1.31864380836
113.864107 1.41871786118
115.289473 1.41854596138
116.514927 1.21836090088
117.790132 1.26841521263
119.115341 1.3184068203
120.44156 1.31875514984
121.967324 1.51884388924
123.192876 1.21842098236
124.758068 1.41862797737
126.134662 1.36866998672
127.459924 1.31848692894
128.885411 1.4186770916
130.16096 1.26845502853
131.486515 1.31869316101
132.812761 1.31878590584
134.259711 1.31855201721
135.684609 1.41870117188
137.059558 1.36850810051
138.384228 1.31850886345
139.80898 1.41855597496
141.2858 1.46874117851
142.610616 1.3185479641
144.135778 1.51893591881
145.510631 1.36853384972
146.935956 1.41870594025
148.310816 1.36865901947
149.685655 1.36858701706
151.111051 1.41880202293
152.485928 1.36860895157
153.810682 1.31849503517
155.499599 1.51888203621
157.075316 1.41919493675
158.500183 1.41864109039
159.874922 1.36848807335
161.149848 1.26849389076
162.62476 1.46863389015
163.999906 1.36865186691
165.476308 1.46875190735
166.851131 1.3685297966
168.225955 1.36861801147
169.701442 1.46887302399
171.176351 1.46872186661
172.651257 1.46875691414
173.976234 1.31850886345
175.601389 1.61896920204
176.926048 1.31853199005
178.351202 1.41864585876
179.90871 1.41905593872
181.184329 1.26844406128
182.459652 1.26844906807
183.735566 1.26864409447
185.060999 1.31852793694
186.428699 1.21843600273
187.755357 1.31862902641
189.080622 1.3184659481
190.40604 1.31852793694
191.731609 1.31846404076
193.006918 1.26842594147
194.332861 1.31866693497
195.658259 1.31855106354
196.983597 1.3184940815
198.259191 1.26836180687
199.584583 1.31854200363
201.266663 1.46874403954
202.741987 1.46879386902
204.166722 1.41857194901
205.491505 1.31858420372
207.066954 1.56896877289
208.542129 1.46897506714
209.916786 1.36850500107
211.642446 1.71916604042
213.017148 1.3685259819
214.392276 1.3686978817
215.867733 1.46893405914
217.307873 1.2685379982
218.784635 1.46877908707
220.260077 1.46869206429
221.735545 1.46868610382
223.211361 1.46875500679
224.708791 1.31855297089
225.934474 1.21841406822
227.310375 1.36872291565
228.636251 1.31867790222
229.911896 1.26860809326
231.287875 1.36880803108
232.513621 1.21848297119
233.889221 1.36864590645
235.165026 1.26853489876
236.390937 1.21865415573
237.666776 1.26858901978
238.942882 1.26867198944
240.268925 1.31875085831
241.54532 1.26878499985
242.820864 1.26856398582
244.04615 1.21831297874
245.686155 1.51876711845
247.261646 1.56887316704
248.863264 1.41881895065
250.490453 1.61912584305
251.916353 1.41889095306
253.242832 1.31888008118
254.618494 1.36870312691
255.943963 1.31857395172
257.470377 1.51910281181
259.096438 1.61912608147
260.57262 1.46876192093
262.048404 1.46884393692
263.67434 1.61898708344
265.151783 1.46887207031
266.627479 1.46879887581
267.903529 1.26867604256
269.347817 1.3188188076
270.624249 1.26872611046
271.949907 1.31867194176
273.275892 1.31872081757
274.551339 1.26851606369
275.826944 1.26856589317
277.203497 1.36876702309
278.479033 1.26854801178
279.933654 1.26852297783
281.226315 1.26854801178
282.502229 1.26863598824
283.827848 1.31852006912
285.053756 1.21857905388
286.379528 1.31851696968
287.655511 1.2686548233
288.981847 1.31876683235
290.430368 1.31881713867
291.70583 1.26856184006
292.981196 1.26844596863
294.256967 1.2684738636
295.58267 1.31871986389
297.008658 1.4188170433
298.284463 1.2684981823
299.660472 1.36877012253
300.936539 1.26862812042
302.211891 1.26840186119
303.587369 1.36856508255
305.01363 1.41886687279
306.389625 1.36883592606
307.665407 1.26853299141
308.940878 1.26850008965
310.429904 1.31853699684
312.019028 1.36864089966
313.29376 1.26842594147
314.668899 1.368683815
316.143931 1.46873307228
317.519311 1.36877799034
318.994734 1.46879005432
320.369906 1.36884307861
321.895007 1.51885700226
323.370414 1.46885704994
324.795427 1.41876196861
326.22034 1.41867804527
327.79597 1.56889104843
329.121093 1.31886291504
330.495979 1.36862492561
332.021753 1.51902008057
333.447201 1.41890215874
335.228502 1.61942791939
336.704208 1.46897721291
338.029141 1.31853413582
339.406143 1.36865401268
341.030951 1.468998909
342.558639 1.51910805702
343.984319 1.41869401932
345.409953 1.41865205765
346.836144 1.41878008842
348.312603 1.46906995773
349.638461 1.31862998009
351.164263 1.51884102821
352.5908 1.41902589798
354.06708 1.46904397011
355.542967 1.4688410759
357.01899 1.4687769413
358.459475 1.31856393814
359.735362 1.26856207848
361.010905 1.26853179932
362.286763 1.26859903336
363.562455 1.26856398582
364.88802 1.31857895851
366.264079 1.36873602867
367.589646 1.31857299805
368.865564 1.26854014397
370.19145 1.31885790825
371.671843 1.3185839653
372.948607 1.26859283447
374.224228 1.26854395866
375.55005 1.31880187988
376.875896 1.31857705116
378.251704 1.3688018322
379.701277 1.31848692894
381.027233 1.31860899925
382.302901 1.26844787598
383.629157 1.31872296333
385.054996 1.4187040329
386.380566 1.31853604317
387.657226 1.26895403862
388.882917 1.21866583824
390.108926 1.2185280323
391.534812 1.41870498657
392.810271 1.26838088036
394.136675 1.31886100769
395.412177 1.26842999458
396.738585 1.31877613068
397.964035 1.21842288971
399.24008 1.26867294312
401.084733 1.61948800087
402.49093 1.2688498497
403.968225 1.46911406517
405.444209 1.46889281273
406.920249 1.46891379356
408.546409 1.6189930439
410.022782 1.4691619873
411.39858 1.36860513687
412.774162 1.3685939312
414.250016 1.46879506111
415.726317 1.46890997887
417.201884 1.4686870575
418.577787 1.36866497993
420.05335 1.4686498642
421.579249 1.51889705658
422.905486 1.3187251091
424.449335 1.36886692047
425.974906 1.51877999306
427.34992 1.36859703064
428.724855 1.36851406097
430.250058 1.51867794991
431.675499 1.41872906685
433.325911 1.46920394897
434.653399 1.31877589226
436.179845 1.51904821396
437.706304 1.51894688606
439.032187 1.31881308556
440.50789 1.46867895126
441.884681 1.36913180351
443.210611 1.31870603561
444.636853 1.41880512238
446.263367 1.61917495728
447.606985 1.21876311302
448.883089 1.26868796349
450.10897 1.21848607063
451.384771 1.26870584488
452.660421 1.2685611248
453.937048 1.26865911484
455.213206 1.26876807213
456.48969 1.26866889
457.81606 1.31877493858
459.092656 1.26891708374
460.319895 1.2187371254
461.596158 1.26875710487
462.922843 1.31883406639
464.458741 1.36889100075
465.73617 1.268846035
467.012381 1.26880884171
468.514162 1.36891794205
469.841779 1.31877803802
471.168073 1.31882381439
472.44474 1.26882195473
473.82107 1.36889696121
475.147366 1.3188598156
476.374009 1.21882295609
477.700069 1.31870603561
479.026833 1.3188560009
480.252902 1.21865200996
481.628845 1.36872696877
483.055206 1.4188580513
484.381215 1.3187019825
485.758044 1.36897993088
487.084231 1.31878709793
488.410101 1.31863594055
490.154218 1.61947393417
491.730459 1.56915903091
493.10616 1.36890721321
494.658871 1.36900186539
496.136084 1.46891498566
497.511879 1.36869692802
499.038142 1.51883506775
500.364156 1.31871604919
501.790192 1.41878414154
503.216425 1.41880702972
504.743202 1.519313097
506.17008 1.41907501221
507.69616 1.51896214485
509.172053 1.46874904633
510.548334 1.36870908737
512.024336 1.4688398838
513.678471 1.41927909851
515.154253 1.46899914742
516.580202 1.41897106171
518.005447 1.41883301735
519.280436 1.26849913597
520.805678 1.51876497269
522.231361 1.41887187958
523.656989 1.41886806488
525.17364 1.3186237812
526.750816 1.56892085075
528.226608 1.46880912781
529.602727 1.36879396439
531.07878 1.46878695488
532.454433 1.36866521835
533.830452 1.36873888969
535.106045 1.26853704453
536.60455 1.31871604919
537.93111 1.31870102882
539.307503 1.36889696121
540.633466 1.3185479641
542.059277 1.4186937809
543.335095 1.26863908768
544.611137 1.2683930397
545.886969 1.2684841156
547.213116 1.31864309311
548.538916 1.31868100166
549.814503 1.26841902733
551.091046 1.26870989799
552.367275 1.2687048912
553.693388 1.31859612465
555.019625 1.31878304482
556.476323 1.26863598824
557.880843 1.26857089996
559.206838 1.31881308556
560.583581 1.36885619164
561.909909 1.31883382797
563.386423 1.46902298927
564.66308 1.26881289482
566.039434 1.36880302429
567.365642 1.31872987747
568.641576 1.26876592636
570.017352 1.36863398552
571.34393 1.31870698929
572.670254 1.31881785393
573.996373 1.31864500046
575.373145 1.36872386932
576.749615 1.36894106865
578.026238 1.26876401901
579.569889 1.41921901703
580.995379 1.41889214516
582.420591 1.41865491867
583.646042 1.21855115891
585.121962 1.46906304359
586.497144 1.36858701706
587.99919 1.26884317398
589.476738 1.46897697449
590.85298 1.36883211136
592.178537 1.31845402718
593.404401 1.21847391129
594.580542 1.16865205765
596.057523 1.46912813187
597.734074 1.66919398308
599.210026 1.46879410744
600.937102 1.719394207
603.25141 1.66940593719
604.626819 1.36858987808
605.902383 1.26842904091
607.281486 1.36903786659
608.507233 1.2184920311
609.733158 1.21844601631
610.908834 1.16846704483
612.084684 1.16851997375
613.260667 1.16847801208
614.487945 1.21861386299
615.614556 1.11862611771
616.790221 1.16842389107
618.201051 1.2187230587
619.378553 1.16881895065
620.60442 1.21865081787
621.830458 1.21856093407
623.178026 1.21890997887
624.25396 1.06843209267
625.479906 1.21858501434
626.656023 1.16842913628
627.881752 1.21854281425
629.057773 1.16847801208
630.18331 1.1183218956
631.358957 1.16831207275
632.534491 1.16833305359
633.760827 1.21861004829
634.886346 1.11828517914
636.062715 1.16854596138
637.188377 1.11846899986
638.37923 1.16828489304
639.505049 1.11827301979
640.680686 1.16841197014
641.967399 1.16841697693
643.143344 1.16839814186
644.269243 1.11844801903
645.445318 1.16854906082
646.521014 1.0684170723
647.646643 1.11839699745
648.973801 1.11849188805
650.100535 1.11842513084
651.22626 1.11845612526
652.351824 1.11836981773
653.477797 1.11841106415
654.653648 1.16845607758
655.779841 1.11843419075
656.855437 1.068338871
657.981159 1.11832690239
659.157147 1.16848611832
660.499573 1.21858811378
661.62513 1.1183218956
662.851266 1.21858501434
664.077098 1.21857786179
665.252649 1.1683549881
666.529161 1.26891112328
667.704897 1.16845607758
668.981169 1.26868391037
670.156859 1.16839504242
671.382636 1.21851611137
672.509156 1.1183450222
673.634707 1.11830210686
674.77731 1.11876511574
675.952916 1.1683511734
677.028567 1.0682258606
678.104047 1.06820988655
679.623905 1.11854505539
680.800347 1.16845297813
681.976091 1.16843795776
683.102014 1.11836695671
684.278279 1.16875815392
685.404366 1.11850309372
686.530086 1.11839103699
687.605485 1.06820511818
688.681621 1.0683350563
689.757092 1.06823897362
690.882971 1.11837792397
691.958418 1.06826496124
693.083831 1.11819005013
694.20995 1.11843895912
695.412939 1.16836595535
696.588847 1.16865181923
697.824243 1.11824917793
699.000091 1.16835093498
700.125522 1.11822891235
701.251371 1.11837410927
702.376887 1.11830401421
703.452357 1.06821417809
704.578162 1.11830210686
705.753757 1.16835403442
706.879913 1.11863207817
707.955581 1.06839084625
709.031158 1.06818819046
710.307666 1.06828808784
711.434542 1.11829018593
712.560304 1.11844301224
713.636623 1.06854605675
714.812334 1.16842699051
716.109189 1.16852903366
717.23499 1.11828684807
718.360667 1.11836314201
719.536615 1.16838097572
720.6122 1.0683028698
721.887869 1.26838994026
723.113975 1.21846795082
724.189499 1.06819915771
725.41519 1.21844291687
726.491056 1.06822609901
727.616678 1.11817908287
728.742641 1.11837911606
729.968354 1.21841478348
731.044563 1.06856584549
732.120849 1.06829619408
733.246441 1.11831593513
734.532849 1.1683549881
735.758879 1.21846103668
736.934486 1.1683177948
738.11066 1.16855406761
739.386601 1.26849913597
740.750287 1.11843180656
741.82774 1.068557024
742.953471 1.11845016479
744.129384 1.16857004166
745.256035 1.11833810806
746.331465 1.06810307503
747.407325 1.06827807426
748.48278 1.06818509102
749.658485 1.16837310791
750.784346 1.11834096909
751.859912 1.06823706627
753.100701 1.11837911606
754.226355 1.11836099625
755.452075 1.21845602989
756.628823 1.16841316223
757.754492 1.11833691597
758.880414 1.11835980415
760.206305 1.31857991219
761.381891 1.16828203201
762.508019 1.11846804619
763.733886 1.21849393845
765.01065 1.26877999306
766.13657 1.11844110489
767.363012 1.21875095367
768.539158 1.16834211349
769.66534 1.1185798645
770.940512 1.06829595566
772.190074 1.11835098267
773.315622 1.11826610565
774.441716 1.11838102341
775.567595 1.11841392517
776.693595 1.118445158
777.820011 1.11855196953
778.94562 1.11827588081
780.121692 1.16845202446
781.247505 1.11837816238
782.473422 1.21850800514
783.599791 1.11857199669
784.825464 1.21833205223
786.001168 1.16834402084
787.177368 1.16842699051
788.353682 1.16856193542
789.530348 1.16859817505
790.868118 1.21883392334
792.094454 1.21869397163
793.270589 1.16875696182
794.497661 1.21894907951
795.724102 1.21874499321
796.900255 1.1684820652
798.027018 1.11867809296
799.153303 1.11858606339
800.330253 1.16900992393
801.793854 1.26882004738
802.971553 1.16872596741
804.197934 1.21862578392
805.374544 1.16887187958
806.601318 1.21867609024
807.777764 1.16869187355
808.954456 1.16865611076
810.299716 1.21870803833
811.475696 1.16852903366
812.652412 1.1688079834
813.878461 1.21852898598
815.155157 1.26901698112
816.382308 1.21871304512
817.558687 1.16863083839
818.63535 1.06856679916
819.761783 1.11867594719
820.938131 1.16846299171
822.065311 1.11849284172
823.192016 1.11874103546
824.368797 1.16866111755
825.545132 1.168612957
826.72095 1.16838288307
827.897218 1.1685590744
829.183205 1.16830420494
830.359414 1.168364048
831.635317 1.26851010323
832.930902 1.06838798523
834.008513 1.06835603714
835.184211 1.16838097572
836.425614 1.21885085106
837.551175 1.11816501617
838.727108 1.16839289665
839.903516 1.16870188713
841.079954 1.16858696938
842.255755 1.16843819618
843.431988 1.1684858799
844.558238 1.11853003502
845.68408 1.11823415756
846.859866 1.16842198372
