2.157712 1.81867194176
3.683626 1.51831793785
5.057776 1.36806702614
6.58234 1.51824498177
8.056742 1.46828985214
9.531051 1.46819710732
11.206032 1.66856098175
12.730449 1.51833891869
14.405595 1.66839909554
15.730673 1.31819200516
17.205312 1.46850514412
18.579668 1.36803889275
20.304422 1.71860599518
21.879475 1.56839489937
23.204564 1.31812906265
24.779674 1.56841111183
26.538245 1.66868686676
27.963639 1.41829800606
29.238515 1.2680850029
30.563748 1.31823992729
32.110121 1.36837005615
33.43618 1.31826806068
34.761066 1.31826591492
36.186376 1.41831707954
37.711579 1.51851010323
38.986268 1.26805496216
40.311744 1.31813311577
41.686641 1.36827206612
42.911589 1.21802687645
44.236402 1.3181989193
45.561178 1.31820702553
46.886348 1.31821298599
48.370892 1.41838097572
49.745614 1.36836099625
51.320235 1.56855392456
52.944912 1.61846494675
54.419427 1.46833086014
55.844679 1.41834592819
57.3692 1.51844882965
58.843648 1.4683380127
60.318388 1.46837902069
61.993305 1.66884589195
63.5441 1.26839494705
64.920193 1.3683078289
66.695782 1.76891994476
68.270769 1.56835699081
69.595983 1.3183028698
71.171106 1.56849694252
72.441479 1.16805291176
73.666529 1.21808600426
74.991544 1.3182990551
76.316828 1.31825518608
77.591592 1.2681119442
79.116718 1.51844596863
80.341378 1.21802687645
81.666578 1.31819796562
83.041398 1.36817097664
84.266537 1.21817803383
85.591362 1.31814479828
86.916217 1.31809902191
88.391893 1.46869397163
89.716792 1.31819081306
91.24242 1.51865983009
92.817614 1.56849312782
94.384304 1.21790289879
95.610097 1.21813893318
96.834856 1.21807909012
98.010015 1.16809391975
99.234808 1.21809697151
100.710052 1.46851301193
101.935117 1.21801710129
103.109897 1.16805696487
104.335338 1.21838402748
105.560059 1.21805095673
106.935096 1.36821293831
108.160918 1.2183611393
109.385661 1.2180249691
110.861185 1.4685189724
112.236182 1.36828398705
113.561126 1.31822180748
114.769436 1.11809587479
115.944166 1.16800403595
117.419254 1.4683701992
118.694685 1.2683198452
119.86942 1.16800403595
121.194327 1.31819009781
122.41953 1.21815109253
123.644528 1.21814584732
125.378627 1.51857209206
126.655217 1.26829695702
127.780075 1.11802387238
129.05552 1.26836514473
130.230236 1.16803693771
131.505085 1.26812696457
132.730164 1.21812200546
134.046189 1.2181019783
135.171947 1.11808013916
136.296883 1.11797881126
137.422154 1.11815810204
138.596999 1.16813087463
139.921987 1.3182489872
141.14685 1.21816682816
142.422347 1.26838588715
143.797467 1.36835503578
145.072811 1.26827001572
146.397851 1.3183350563
147.572645 1.16806602478
148.697636 1.11796188354
150.022968 1.31835007668
151.248175 1.21817708015
152.372888 1.1180062294
153.630884 1.16818594933
154.906145 1.26823711395
156.33076 1.16815495491
157.606976 1.26830482483
158.882131 1.26835393906
159.956786 1.06788277626
161.432408 1.46859502792
162.607226 1.16805505753
163.732534 1.11827206612
164.907399 1.16812086105
166.182368 1.26815581322
167.357503 1.16808009148
168.782638 1.41839909554
170.007849 1.21816587448
171.332913 1.31829190254
172.457573 1.11789488792
173.606201 1.01780486107
174.781518 1.16814994812
175.956337 1.16803693771
176.981362 1.01797485352
178.306342 1.31824803352
179.431103 1.11798214912
180.606236 1.16805911064
181.931264 1.31823706627
183.106449 1.16807293892
184.281363 1.16814398766
185.456214 1.16805887222
186.770029 1.06795597076
187.895967 1.11809396744
188.970906 1.06804800034
190.296053 1.3183350563
191.421343 1.11818099022
192.754756 1.2182469368
193.829851 1.06804704666
194.954515 1.1178650856
196.129547 1.16797804832
197.437049 1.16785693169
198.511955 1.06786108017
199.686874 1.16808700562
200.911841 1.21808791161
202.03724 1.1179330349
203.16252 1.11801409721
204.287302 1.11799502373
205.412725 1.11834406853
206.537339 1.11780595779
207.611951 1.06779289246
208.952187 1.11796116829
210.077165 1.11817598343
211.334876 1.1680829525
212.509719 1.1679930687
213.634476 1.11788487434
214.810559 1.16815900803
215.935441 1.1178920269
217.396177 1.06785607338
218.622546 1.21827292442
219.697296 1.06775307655
220.871969 1.16791296005
222.047062 1.16798496246
223.221753 1.16792917252
224.29672 1.06783795357
225.471517 1.16803002357
226.646221 1.16793394089
227.871331 1.21800589561
229.494071 1.4185321331
231.019215 1.5185649395
232.444024 1.41843795776
233.968828 1.51853299141
235.343409 1.36833786964
236.818507 1.46850204468
238.343771 1.51891899109
239.768312 1.41825389862
241.243451 1.46860098839
242.81835 1.56864285469
244.293104 1.46850681305
245.76818 1.46848797798
247.243064 1.46844291687
248.920362 1.46862101555
250.547251 1.61888003349
251.622093 1.0680270195
252.841366 1.11805105209
253.916401 1.06793189049
255.241412 1.31815099716
256.316655 1.06804394722
257.441514 1.11802577972
258.666463 1.21811318398
259.741548 1.06788992882
260.8163 1.06786203384
262.035493 1.1681740284
263.260749 1.21829509735
264.435829 1.16822576523
265.561082 1.11805081367
266.886247 1.31832313538
268.011356 1.11790990829
269.386811 1.36842894554
270.611766 1.21808815002
272.099034 1.36836409569
273.623864 1.51854991913
275.349151 1.71872806549
276.974467 1.61874699593
278.449206 1.46844911575
280.54643 1.66884589195
282.173498 1.61876821518
283.648898 1.46854305267
285.158062 1.46852993965
287.084108 1.91922307014
288.55933 1.46847605705
289.934786 1.36840391159
291.209708 1.26814079285
292.535226 1.31844592094
293.960427 1.41836500168
295.385578 1.41829299927
296.724044 1.21844315529
298.049255 1.31830692291
299.124089 1.06790995598
300.249359 1.11807203293
301.424425 1.16815805435
302.649865 1.21828794479
303.824867 1.16809511185
304.949709 1.11793708801
306.076287 1.11832809448
307.251339 1.16814208031
308.391457 1.11813402176
309.466341 1.06797194481
310.744862 1.06791305542
311.870763 1.11799311638
313.14574 1.26814603806
314.265459 1.01791214943
315.991454 1.71911883354
317.366609 1.36828589439
318.441762 1.06794118881
319.654132 1.1680560112
320.929577 1.26825404167
322.154456 1.21805715561
323.279376 1.11798977852
324.504779 1.21811079979
325.679686 1.16805696487
326.804466 1.11788201332
327.929667 1.11802816391
329.054554 1.11802506447
330.179733 1.11801099777
331.504879 1.31831121445
332.629677 1.11792492867
333.73581 1.01777291298
334.961108 1.21814393997
336.035849 1.067912817
337.191377 1.11799502373
338.266085 1.06782412529
339.390794 1.117852211
340.616033 1.21806907654
342.16273 1.11803293228
343.338908 1.16814184189
344.513831 1.16804409027
345.839148 1.3181951046
347.064182 1.21817016602
348.289168 1.21803617477
349.464454 1.16810894012
350.631114 1.06804895401
351.856217 1.21819186211
352.930954 1.06784796715
354.256421 1.31825304031
355.331366 1.06799793243
356.456215 1.1178689003
357.58158 1.11802387238
358.80666 1.21819806099
359.982183 1.16830587387
361.056934 1.06783604622
362.08164 1.01780700684
363.407558 1.31838488579
364.5325 1.11799407005
365.607963 1.06795406342
366.682843 1.06796383858
367.807765 1.11791205406
368.965776 1.06779098511
370.091006 1.11800217628
371.26621 1.16825199127
372.520938 1.06800317764
373.597495 1.068349123
374.77254 1.16803097725
375.998427 1.21829509735
377.07331 1.06791090965
378.24844 1.16811513901
379.323626 1.06796193123
380.648912 1.31832480431
381.774218 1.11811113358
382.849045 1.06793904305
384.105528 1.01792097092
385.280997 1.16813802719
386.456154 1.16820311546
388.407604 1.56856203079
389.484359 1.06797409058
390.65953 1.1681470871
391.734443 1.06794905663
392.859605 1.1180331707
393.884989 1.01794695854
395.032278 1.11807584763
396.057581 1.01802492142
397.282742 1.21821093559
398.658101 1.36832284927
399.833501 1.16809391975
401.25891 1.41843700409
402.384316 1.11813688278
403.862984 1.11803793907
404.939185 1.06807398796
406.014044 1.0678589344
407.858496 1.56871008873
409.433783 1.56867194176
411.058606 1.61851501465
412.483218 1.4183139801
414.058463 1.56866407394
415.633396 1.56856393814
417.458841 1.81909203529
418.984024 1.51854491234
420.508904 1.51857995987
421.933691 1.41848897934
423.208479 1.26818108559
424.683596 1.46865701675
426.25859 1.56865811348
427.533567 1.26836514473
429.158565 1.61866283417
430.53322 1.36832213402
432.319343 1.31838202477
433.744211 1.41852116585
435.471663 1.46876811981
436.74818 1.26840090752
438.073556 1.31841897964
439.399381 1.31858205795
440.775012 1.36863780022
442.050226 1.26828408241
443.37613 1.31863999367
444.701486 1.31843304634
446.128662 1.41865682602
447.504038 1.3684630394
448.979567 1.46861410141
450.355419 1.36853718758
451.781068 1.41866898537
453.056797 1.26847195625
454.219178 1.06810498238
455.444976 1.21842598915
456.620821 1.168446064
457.846787 1.21820402145
458.871828 1.01793694496
459.947037 1.06801080704
461.072564 1.11813402176
462.147758 1.06819391251
463.32339 1.16829395294
464.398526 1.06799507141
465.704263 1.11827993393
467.031177 1.31867790222
468.206459 1.16822910309
469.331612 1.11807894707
470.557217 1.21828198433
471.732427 1.16817188263
473.150226 1.31844782829
474.375535 1.21823501587
475.517431 1.06792593002
476.693102 1.16822504997
477.818304 1.1181678772
478.943847 1.11815190315
480.11932 1.16828298569
481.094409 0.967974901199
482.270082 1.16816711426
483.44533 1.16820192337
484.670571 1.21816086769
485.745918 1.06794691086
487.10477 1.11808395386
488.230272 1.11816000938
489.455674 1.21834301949
490.562943 1.01797008514
491.788776 1.21841096878
493.064185 1.26834988594
494.239829 1.16821694374
495.315236 1.06812405586
496.737694 1.0180978775
497.914164 1.16816210747
498.889168 0.967868089676
500.064757 1.16816091537
501.039746 0.967934131622
502.064749 1.01793599129
503.290333 1.21829104424
504.565691 1.26826906204
505.641196 1.06809806824
506.816487 1.16816592216
507.841521 1.01797103882
508.969192 1.01787590981
509.979436 0.967767000198
511.25484 1.26830911636
512.280046 1.01785802841
513.355094 1.06798911095
514.379834 1.01769995689
515.655472 1.26822090149
516.680401 1.01783704758
517.755884 1.06804609299
518.780873 1.01789402962
519.855863 1.06788992882
520.981447 1.11814785004
521.90626 0.917762994766
523.032026 1.11812496185
524.007964 0.967828989029
525.032901 1.0179131031
526.090412 0.967820882797
527.344569 1.01790189743
528.420693 1.06803297997
529.495678 1.06795287132
530.470719 0.967875003815
531.517472 1.01785206795
532.492256 0.967761039734
533.617561 1.11799502373
534.692482 1.06791996956
535.717389 1.01786112785
537.079311 1.31856393814
538.054172 0.967756986618
539.029297 0.967783927917
540.005161 0.968877077103
541.130191 1.11800003052
542.055224 0.917700052261
543.113452 0.967688798904
544.138635 1.01777291298
545.163472 1.01776385307
546.338986 1.16815185547
547.34957 0.967836856842
548.324409 0.967776060104
549.399617 1.06785392761
550.324487 0.917734861374
551.399683 1.06785702705
552.595939 1.1682510376
553.670995 1.0680141449
554.646142 0.967781066895
555.621072 0.967662811279
556.596355 0.96793794632
557.989298 1.11800599098
559.165574 1.16811299324
560.284808 1.01791000366
561.360309 1.06798696518
562.53548 1.16804814339
563.61086 1.06796312332
564.635744 1.01784110069
565.61065 0.967787981033
566.736085 1.11802506447
567.71091 0.967751979828
568.731431 0.967847108841
569.706377 0.967798948288
570.731247 1.01776003838
571.756157 1.01785302162
572.73139 0.96776509285
573.798978 1.01794600487
574.824487 1.01802706718
575.94962 1.11804389954
576.956777 0.917699098587
578.082113 1.11798405647
579.06997 0.967993974686
580.045274 0.96791100502
581.020143 0.967793941498
581.995018 0.967762231827
582.970409 0.967739105225
584.14558 1.16803812981
585.170498 1.01780986786
586.19598 1.01799798012
587.171034 0.967922925949
588.334382 0.917936086655
589.310655 0.96791601181
590.334526 0.967816114426
591.360171 1.0178809166
592.435198 1.06793117523
593.552488 1.01787614822
594.527721 0.967831134796
595.531305 0.967746019363
596.506692 0.967969179153
597.482002 0.967919111252
598.457096 0.967952013016
599.483023 1.01788401604
600.508026 1.01779413223
601.48297 0.967801094055
602.608528 1.11804699898
603.683602 1.0679731369
604.8093 1.11826682091
605.784252 0.967789888382
606.904031 1.06805896759
608.07956 1.16808485985
609.054442 0.967750072479
610.213196 1.06813502312
611.239238 1.01793217659
612.404422 1.11800503731
613.479921 1.06804990768
614.755388 1.26828193665
615.98092 1.21825790405
616.955838 0.96780705452
618.076461 1.06803894043
619.295303 0.967995882034
620.221743 0.918086051941
621.296846 1.06797719002
622.422441 1.11819815636
623.497958 1.06804680824
624.873702 1.36861586571
625.949386 1.06808400154
627.02466 1.06811690331
628.090426 0.967820167542
629.165958 1.06799578667
630.191016 1.01787304878
631.216458 1.01799798012
632.1916 0.967936038971
633.166589 0.967778921127
634.337054 1.11804103851
635.312543 0.967885017395
636.237429 0.917762041092
637.363233 1.11829090118
638.38838 1.01797413826
639.458818 1.01790595055
640.434237 0.967924118042
641.510148 1.06841111183
642.485639 0.967885971069
643.61088 1.11803889275
644.844438 1.11823701859
645.868901 1.01788902283
646.893935 1.01786017418
647.918867 1.01771187782
648.994424 1.06793785095
650.335784 1.06799197197
651.312145 0.968029022217
652.387538 1.06818008423
653.41316 1.01814293861
654.488634 1.06799411774
655.458503 0.917715072632
656.533988 1.06801509857
657.509067 0.967865943909
658.591873 0.9679210186
659.666983 1.06792402267
660.740883 1.01784992218
661.715905 0.967863082886
662.791054 1.06794404984
663.866553 1.06802606583
664.941671 1.06793308258
666.015032 1.01776885986
667.140457 1.11799001694
668.215444 1.06785011292
669.340944 1.11801218987
670.265774 0.917676925659
671.340891 1.06796002388
672.466688 1.1179831028
673.441801 0.967951774597
674.498654 0.967868089676
675.523808 1.0179131031
676.448699 0.91770195961
677.624261 1.16809105873
678.699403 1.06793498993
679.67442 0.967694044113
680.967979 1.11806702614
682.135104 1.1180357933
683.110061 0.967790842056
684.085001 0.967758893967
685.060233 0.967801094055
686.035361 0.967988014221
687.178286 0.967847108841
688.153335 0.96773982048
689.328546 1.16797804832
690.353735 1.01775598526
692.113816 1.56871700287
693.688741 1.56842780113
695.164047 1.46852684021
696.639093 1.46851205826
698.214234 1.56861805916
699.739821 1.51872491837
701.114663 1.368268013
702.539473 1.41829419136
704.516901 1.96930599213
706.042248 1.51862406731
707.367228 1.31829595566
708.692392 1.31827497482
710.067342 1.36839485168
711.858086 1.51858496666
713.28518 1.41871380806
714.861009 1.56873607635
716.288628 1.26827716827
717.363956 1.06809616089
718.439178 1.06793689728
719.715155 1.26833891869
720.74035 1.01792621613
721.715793 0.967893123627
722.791109 1.06803894043
723.866392 1.06800818443
724.842258 0.967843055725
725.76725 0.917724847794
726.792759 1.01795291901
727.857696 1.01792407036
728.882929 1.01784992218
730.008528 1.11803984642
730.983572 0.967813014984
732.762799 1.41856002808
734.288895 1.51896095276
735.664149 1.36871194839
737.239383 1.56869220734
738.315014 1.06813812256
739.390335 1.06806206703
740.465386 1.06781601906
741.682291 0.96782708168
742.808737 1.1182050705
744.034323 1.21836400032
745.322949 1.01788902283
746.348545 1.01809406281
747.4238 1.06799793243
748.449238 1.01793313026
749.424268 0.967806100845
750.449325 1.01784110069
752.382392 1.56885004044
753.507705 1.11803483963
754.53348 1.01805186272
755.598443 1.01786112785
756.623896 1.01786589622
757.649217 1.01807117462
758.574305 0.917761087418
759.549798 0.967879056931
760.898594 1.06790113449
761.874124 0.967964172363
762.899371 1.01791405678
764.074846 1.16818714142
765.150525 1.06803703308
766.075524 0.917702913284
767.051133 0.967962026596
768.07645 1.01789498329
769.560564 1.16842484474
771.135789 1.56861901283
772.798472 1.4685959816
774.074948 1.26815700531
775.550481 1.46842503548
777.026696 1.46867990494
778.652757 1.61880207062
780.128276 1.46838307381
781.504103 1.36831903458
782.879606 1.36834001541
784.455814 1.56876206398
785.981613 1.51859402657
787.357156 1.36844587326
788.933196 1.56862282753
790.55936 1.61900091171
792.136153 1.56865596771
793.843147 1.41845798492
794.768495 0.917757034302
795.843658 1.06786704063
796.918801 1.06784200668
797.944206 1.01782298088
799.119613 1.16808199883
800.296806 1.16819620132
801.272028 0.967897891998
802.247245 0.967824935913
803.581753 1.06804704666
804.507934 0.917759180069
805.483238 0.967981100082
806.644887 1.11800098419
807.620317 0.967801809311
808.695662 1.0680539608
809.771229 1.067964077
811.311927 1.3683359623
812.337239 1.01786112785
813.412878 1.0680410862
814.488071 1.06786608696
815.51323 1.017827034
816.538706 1.01789808273
817.487787 0.917864084244
818.513383 1.01794695854
819.438569 0.917863845825
820.413665 0.967786073685
821.439174 1.01785492897
822.414515 0.967779159546
823.441498 1.01805901527
824.416758 0.967884063721
825.492468 1.06837296486
827.350468 1.51892089844
829.226479 1.86914896965
830.601565 1.36841201782
832.126983 1.51854801178
833.652219 1.51860809326
835.282221 1.46862888336
836.709233 1.41858887672
838.084908 1.36843395233
839.712759 1.61881613731
841.338724 1.61878395081
842.764488 1.41853404045
844.240611 1.468531847
845.766558 1.51872706413
847.192496 1.41843509674
848.618166 1.41845011711
850.144018 1.51860404015
