2.157712 1.81867194176
3.683626 1.51831793785
5.057776 1.36806702614
15.730673 1.31819200516
23.204564 1.31812906265
29.238515 1.2680850029
38.986268 1.26805496216
42.911589 1.21802687645
72.441479 1.16805291176
114.769436 1.11809587479
127.780075 1.11802387238
136.296883 1.11797881126
148.697636 1.11796188354
159.956786 1.06788277626
173.606201 1.01780486107
333.73581 1.01777291298
481.094409 0.967974901199
498.889168 0.967868089676
509.979436 0.967767000198
521.90626 0.917762994766
542.055224 0.917700052261
576.956777 0.917699098587
670.265774 0.917676925659
