1.71337 1.36784291267
2.939197 1.21765017509
4.313915 1.36806178093
5.63797 1.3177549839
7.162658 1.5180439949
8.587659 1.41811990738
10.012542 1.41815495491
11.487175 1.46827101707
13.012151 1.51824688911
14.437247 1.41820597649
16.012257 1.56836485863
17.687382 1.66843891144
19.21194 1.51813697815
20.536211 1.31805896759
22.010405 1.46805787086
23.33521 1.3178858757
24.641421 1.21788692474
25.866244 1.21783685684
27.19109 1.31806898117
28.465788 1.26797413826
29.690841 1.21794295311
30.915531 1.21782898903
32.343214 1.21797299385
33.568891 1.21784591675
34.79349 1.21789503098
36.01841 1.21797084808
37.242924 1.21787905693
38.467505 1.21796298027
39.6924 1.21794605255
40.91697 1.21794295311
42.192304 1.26806211472
43.567152 1.36819791794
45.203908 1.56850886345
46.478494 1.26818013191
47.952824 1.46825098991
49.327075 1.36815810204
50.851704 1.5183031559
52.226389 1.36828613281
53.800922 1.56845188141
55.275275 1.46828007698
56.800067 1.51837086678
58.124209 1.3180308342
59.648775 1.51850605011
61.073132 1.41824102402
62.59846 1.51836204529
64.19616 1.36822080612
65.822398 1.61853408813
67.24726 1.41822004318
69.254198 1.8692920208
70.728683 1.46837902069
72.153159 1.41836810112
73.727767 1.56840395927
75.352822 1.61860895157
76.790042 1.41839003563
78.364816 1.56866788864
79.789686 1.41833996773
81.364305 1.56847214699
82.839006 1.46857500076
84.263529 1.41841316223
85.738511 1.46854782104
87.162885 1.418227911
88.802351 1.61860394478
90.177195 1.36838412285
91.801986 1.61862587929
93.412987 1.51851701736
94.801796 1.16818904877
96.077827 1.26818203926
97.352775 1.26814103127
98.577473 1.21798300743
99.885848 1.26811981201
101.160592 1.26804590225
102.585918 1.41833019257
103.810591 1.2179980278
105.218356 1.36826300621
106.643462 1.41837596893
107.86835 1.21814990044
109.093236 1.21792292595
110.403985 1.26812815666
111.729192 1.31823301315
113.090228 1.26818108559
114.465573 1.36825489998
115.790543 1.31827497482
117.215938 1.41836214066
118.440698 1.21801614761
119.665402 1.21799111366
120.871893 1.16800189018
122.146679 1.26804280281
123.472004 1.31825494766
124.646671 1.16793704033
126.126012 1.21803188324
127.352202 1.218075037
128.677182 1.31820082664
130.10273 1.4185321331
131.463625 1.21804285049
132.738404 1.26805305481
134.255236 1.41834688187
135.530109 1.2680990696
136.755099 1.21799111366
137.979786 1.21791911125
139.255375 1.26854085922
140.479597 1.21805596352
141.654273 1.1679019928
142.828888 1.16787314415
144.054532 1.21812105179
145.329471 1.26819705963
146.604631 1.26811504364
147.779445 1.16804790497
148.954174 1.16796803474
150.229378 1.26815605164
151.454172 1.21808505058
152.761661 1.21800708771
154.137051 1.36829805374
155.412072 1.26817798615
157.295162 1.61867904663
158.621253 1.31822395325
159.846158 1.21803998947
161.12143 1.26833486557
162.346526 1.21802282333
163.571333 1.21804594994
164.946859 1.36847805977
166.260206 1.2681620121
167.535118 1.26814198494
168.710161 1.16793203354
169.935019 1.2181198597
171.21027 1.26814198494
172.485293 1.26824593544
173.814655 1.21800494194
175.089741 1.26829314232
176.364632 1.26809883118
177.872024 1.46844387054
179.147154 1.26833200455
180.37245 1.21821689606
181.547056 1.1678571701
182.85422 1.26815199852
184.129169 1.26819801331
185.404348 1.26811790466
186.629089 1.21798086166
188.135126 1.21795606613
189.361059 1.21803593636
190.585769 1.21793317795
191.7607 1.16791200638
192.935359 1.16790986061
