2.697679 1.86868882179
4.174361 1.46841001511
5.799152 1.61862301826
7.423766 1.61845898628
8.899141 1.46837902069
10.724194 1.8188829422
12.199053 1.46842694283
14.024151 1.81892204285
15.548974 1.5185790062
17.424226 1.86896300316
19.250164 1.81889796257
20.975853 1.71893310547
22.501127 1.5185148716
24.026103 1.5184879303
25.650922 1.6186671257
27.126024 1.46833610535
28.962047 1.71884393692
30.587751 1.61864590645
32.711316 1.56884694099
34.237881 1.51859998703
35.925668 1.61881184578
37.601671 1.6689581871
39.177047 1.5686750412
40.70233 1.51856279373
42.378714 1.66892695427
43.954143 1.56870698929
45.5798 1.61871600151
47.205335 1.61880397797
48.680678 1.46843981743
50.106059 1.41841602325
51.881747 1.76900601387
53.557648 1.66890907288
55.29851 1.61891198158
56.774464 1.46850609779
58.299706 1.51852703094
59.825251 1.51854300499
61.550959 1.71889305115
63.426152 1.4185359478
64.95271 1.51868510246
66.446467 1.41845583916
67.921635 1.46843886375
69.497287 1.56865811348
70.972636 1.4686050415
72.698657 1.71901416779
74.123744 1.41837501526
75.749166 1.61864304543
77.374971 1.61880207062
78.750077 1.36837911606
80.343846 1.46858501434
81.7694 1.41854906082
83.395137 1.61881399155
84.883608 1.41830396652
86.359344 1.46856117249
87.884688 1.51859307289
89.360383 1.46853804588
90.801298 1.36831498146
92.226472 1.41842508316
94.399932 1.51859617233
95.799088 1.3186480999
97.324519 1.51864099503
98.749715 1.41845297813
100.125131 1.36839413643
101.659631 1.41843605042
103.085188 1.4185128212
104.600691 1.31836104393
106.025923 1.41845798492
107.651938 1.61888504028
109.077173 1.41850185394
110.502427 1.41848397255
112.028194 1.51868081093
113.353352 1.31826901436
114.728565 1.36840295792
116.104029 1.36837506294
117.379122 1.26828193665
118.947761 1.46867012978
120.373044 1.41847586632
121.798197 1.41838097572
123.373849 1.56862902641
125.365884 1.41852402687
126.742636 1.36849999428
128.444015 1.568805933
129.920257 1.36838412285
131.345529 1.41847085953
132.871204 1.51863503456
134.196262 1.31824803352
135.637852 1.36848497391
137.013164 1.3685259819
138.638757 1.61881518364
140.164672 1.51881885529
141.539809 1.36834001541
142.865006 1.31838989258
144.290708 1.41840100288
145.616358 1.31843996048
146.891845 1.26836490631
148.167077 1.26827311516
149.542223 1.36834812164
150.913903 1.21816802025
152.239369 1.31836009026
153.564618 1.318349123
154.890227 1.31845498085
156.382131 1.26834011078
157.679505 1.26836299896
159.004742 1.31838297844
160.280037 1.26846003532
161.655703 1.36854100227
162.96869 1.26829195023
164.344341 1.36849713326
165.719625 1.36849999428
167.044805 1.3183400631
168.370328 1.31837201118
169.645406 1.2682659626
170.970985 1.31844210625
172.466659 1.36868405342
173.691735 1.2182290554
175.017041 1.3184170723
176.342658 1.3184709549
177.667816 1.31831097603
178.962647 1.26818418503
180.288136 1.31835198402
181.663609 1.36859107018
182.939184 1.26838612556
184.347005 1.3684091568
185.672128 1.31823396683
187.055717 1.16830897331
188.482329 1.41868281364
189.757407 1.26827597618
191.132658 1.36835289001
192.358022 1.21820402145
193.771546 1.268460989
194.946489 1.16811800003
196.171468 1.2182238102
197.396661 1.21807813644
198.571442 1.16802692413
199.796685 1.21813201904
201.021627 1.21813988686
202.346741 1.31827998161
203.672208 1.31828594208
204.997351 1.31836915016
206.20813 1.16831707954
207.433176 1.21821498871
208.658187 1.21819281578
209.883473 1.21817302704
211.208693 1.31837010384
212.484214 1.26843285561
214.073879 1.46883702278
215.449327 1.36834192276
216.674406 1.21822309494
218.180294 1.21818995476
219.406581 1.21835303307
220.631613 1.21818089485
221.856542 1.21809005737
223.104414 1.21809911728
224.329675 1.2183971405
225.505029 1.16824507713
226.730011 1.21822094917
228.055351 1.3185210228
229.28082 1.21818494797
230.55598 1.26827692986
231.781347 1.2182469368
233.006564 1.21836495399
234.299795 1.1682779789
235.575422 1.26835298538
236.900845 1.31840896606
238.125926 1.21822881699
239.351403 1.21825408936
240.576571 1.21824908257
241.85228 1.26854109764
243.077472 1.21830201149
244.302694 1.21835803986
245.478096 1.16822195053
246.703119 1.21814799309
247.978616 1.26831197739
249.362973 1.16819691658
250.639347 1.26841187477
251.864465 1.21820092201
253.139685 1.26833486557
254.682247 1.46866178513
256.207498 1.51861691475
257.832736 1.61893701553
259.507845 1.66883897781
260.832605 1.31841301918
262.357799 1.51859712601
263.932749 1.56866908073
265.407478 1.46840000153
266.932711 1.51863408089
268.557849 1.61874485016
269.832468 1.26829910278
271.307506 1.46846199036
272.832267 1.51842617989
274.357142 1.51856398582
275.731766 1.3683590889
277.20697 1.46852707863
278.541965 1.21822500229
280.003727 1.21826791763
281.280145 1.26842308044
282.555448 1.26834392548
283.880772 1.31839704514
285.151947 1.21815085411
286.377127 1.21823191643
287.602582 1.21829986572
288.827777 1.21822690964
290.153029 1.31832504272
291.328446 1.16821885109
292.603641 1.26827192307
293.879602 1.2683031559
295.155026 1.26835298538
296.355572 1.16831994057
297.630817 1.26834893227
299.374394 1.61890292168
300.799249 1.41849088669
302.123937 1.31835508347
303.448757 1.31845211983
304.923994 1.46864295006
306.348882 1.41852498055
307.924987 1.56868195534
309.500388 1.56873512268
311.1615 1.46853303909
312.437931 1.26833605766
313.913444 1.46862697601
315.439045 1.51857614517
316.814774 1.36849689484
318.290236 1.46849298477
319.565857 1.26833891869
320.99131 1.41854095459
322.338517 1.21823501587
323.514077 1.16821289062
324.68924 1.16815090179
326.014945 1.31846284866
327.290633 1.26868987083
328.566083 1.26845192909
329.942201 1.31835007668
331.217884 1.26835608482
332.493311 1.26845622063
333.819241 1.31862711906
335.094689 1.26841187477
336.419998 1.31833910942
337.59554 1.16825699806
338.870879 1.26830601692
340.116502 1.21825313568
341.49414 1.16822004318
342.796919 1.16839194298
344.0222 1.2182970047
345.197808 1.16831183434
346.523303 1.31852388382
347.698398 1.16807103157
348.873962 1.16822099686
350.149414 1.2684879303
351.425324 1.26861405373
352.65059 1.21825885773
353.975919 1.31834292412
355.201546 1.21832203865
356.533258 1.26839399338
357.858424 1.31820201874
359.084561 1.21842694283
360.259642 1.16806077957
361.619562 1.318349123
