1.850358 1.46801495552
3.32616 1.46816110611
4.701136 1.36806893349
6.175447 1.46816587448
7.799892 1.61833715439
9.224995 1.41820693016
10.699318 1.46819591522
11.923582 1.21790885925
13.398653 1.46830701828
15.223846 1.81878590584
16.999528 1.76870703697
18.554676 1.51832580566
19.929381 1.36801791191
21.405018 1.46815800667
22.98011 1.5683760643
24.505488 1.51834821701
25.913178 1.31809306145
27.388542 1.46832203865
28.76363 1.36829781532
29.988355 1.21794700623
31.363557 1.36810803413
33.092054 1.26810789108
34.268011 1.16786909103
35.492669 1.21800899506
36.867872 1.36831212044
38.142612 1.26803898811
39.61781 1.46844291687
40.915206 1.2680170536
42.340118 1.41832494736
43.615119 1.26808285713
44.990097 1.36836504936
46.214732 1.21800088882
48.030273 1.61870002747
49.557387 1.51864099503
51.031957 1.46840620041
52.55661 1.51855683327
54.081146 1.51842999458
55.555985 1.46841216087
57.080767 1.51864385605
58.455259 1.368309021
59.830021 1.36840486526
61.354608 1.51847410202
62.979303 1.61861014366
64.627296 1.41837716103
66.103469 1.46849894524
67.428411 1.31820607185
68.903744 1.46861004829
70.379347 1.46844291687
72.070801 1.61869502068
73.595855 1.51860117912
74.920187 1.3181707859
76.194533 1.26822304726
77.569042 1.36832404137
79.143953 1.56847810745
80.618724 1.4686319828
81.843142 1.21816682816
83.3682 1.51863694191
84.692428 1.31813597679
85.966833 1.26822805405
87.391659 1.41840481758
88.716276 1.31849002838
90.191063 1.46859097481
91.716111 1.51859402657
93.269965 1.51842594147
94.696632 1.11813688278
95.922584 1.2184240818
97.097364 1.16805005074
98.372639 1.26821994781
99.597461 1.21813607216
100.872829 1.26833415031
102.147821 1.26825380325
103.372713 1.21811699867
104.597897 1.21814393997
105.822775 1.21813797951
106.997558 1.16806197166
108.222806 1.21807098389
109.447675 1.21814393997
110.672956 1.21826481819
111.847978 1.16815710068
113.072861 1.21817111969
114.38014 1.21817708015
115.555164 1.16800308228
116.78017 1.21820998192
118.05553 1.26832818985
119.330523 1.26826286316
120.505313 1.16797780991
121.63041 1.11804986
122.855299 1.21808314323
124.130286 1.268242836
125.559467 1.21816420555
126.735784 1.16813707352
127.910753 1.16812992096
129.135629 1.2181391716
130.360886 1.2182290554
131.485626 1.11798906326
132.710972 1.21824002266
133.976493 1.16819405556
135.151764 1.16820192337
136.476844 1.31831717491
137.552298 1.06796908379
138.827229 1.2681748867
140.002371 1.16819095612
141.242498 1.21828913689
142.467553 1.21809911728
143.692419 1.21804904938
144.967406 1.26821208
146.19276 1.21839594841
147.467714 1.26819801331
148.692873 1.21813893318
149.917942 1.21824502945
151.243325 1.3183658123
152.368116 1.1180331707
153.725762 1.26818299294
154.818888 1.06796884537
156.160102 1.01792597771
157.386503 1.21805310249
158.461073 1.06783485413
159.736478 1.26821184158
160.861023 1.1178278923
161.985558 1.11781406403
163.160654 1.16806697845
164.385464 1.21809196472
165.710827 1.31826686859
166.87213 1.1179420948
167.946605 1.06775999069
168.971539 1.01793003082
170.24636 1.26804494858
171.47147 1.21809101105
172.782215 1.21806311607
173.857294 1.06792998314
175.232368 1.36826705933
176.457686 1.21819496155
177.632588 1.16812586784
178.707159 1.06774091721
179.832533 1.1180138588
181.257662 1.41834616661
182.332746 1.06785798073
183.457489 1.11799716949
184.582301 1.11795592308
185.657202 1.06783390045
186.935064 1.06788682938
188.060994 1.11802697182
189.085587 1.01779413223
190.110423 1.01777482033
