1.82259 1.51807999611
3.198712 1.3679189682
4.672867 1.46806406975
6.197343 1.5181760788
7.672158 1.46820211411
8.996808 1.31794500351
10.471738 1.46804690361
12.04625 1.56840777397
13.721192 1.66851115227
15.095428 1.36799001694
16.670459 1.56833195686
18.045449 1.36809206009
19.519882 1.4682161808
21.094262 1.56826496124
22.619445 1.51827502251
24.094293 1.46817708015
25.502249 1.31819796562
26.927621 1.41840386391
28.352454 1.41806316376
29.927898 1.56843090057
31.302748 1.36813497543
32.893988 1.31818699837
34.219771 1.31811213493
35.594544 1.36817288399
36.969767 1.36837792397
38.294571 1.31816101074
39.719659 1.41824102402
41.144585 1.41832590103
42.469311 1.31809306145
43.794841 1.3182849884
45.169571 1.36817884445
46.594791 1.41829895973
48.077758 1.3681769371
49.452969 1.36828017235
50.877909 1.41822600365
52.302153 1.41818785667
53.677393 1.36830401421
55.202338 1.51832103729
56.577915 1.3682038784
57.952658 1.36808395386
59.307098 1.31799888611
60.732327 1.41821718216
62.057118 1.31814813614
63.701724 1.36820006371
65.177906 1.46834897995
66.602726 1.41820597649
68.202115 1.46850991249
69.626665 1.41839790344
71.051274 1.41834712029
72.625983 1.5685839653
74.050911 1.41838693619
75.475516 1.41842293739
76.949943 1.46828508377
78.474949 1.51860809326
79.999667 1.51863002777
81.223863 1.21802806854
82.748764 1.51846003532
84.473998 1.71909499168
85.698207 1.21808481216
87.323263 1.61861491203
88.998137 1.66876411438
90.322442 1.31822705269
91.832119 1.26837706566
93.557059 1.71875190735
95.311414 1.51857089996
96.687963 1.36846804619
98.113112 1.41839504242
99.538652 1.41850781441
101.063941 1.51854801178
102.489732 1.41874289513
104.215568 1.71881389618
105.690849 1.46854901314
107.266615 1.56876397133
108.691767 1.41839385033
110.467418 1.76891422272
111.89305 1.41861987114
113.268238 1.36831116676
114.844003 1.56868600845
116.625258 1.41835808754
117.8505 1.2181968689
119.175609 1.31833696365
120.450595 1.26826000214
121.676002 1.21824598312
122.950968 1.26819705963
124.226231 1.26819109917
125.726933 1.31837415695
126.953021 1.21824288368
128.127831 1.16804885864
129.4123 1.26835918427
130.637575 1.21825098991
131.81262 1.16826915741
133.338356 1.51866197586
134.513389 1.16829895973
135.839876 1.31855893135
137.321947 1.31828212738
138.646903 1.31822514534
139.979469 1.21823716164
141.204339 1.21811318398
142.429257 1.21811079979
143.604412 1.16811013222
144.829418 1.21816301346
146.054976 1.21848082542
147.279969 1.21810293198
148.604898 1.31817698479
149.830136 1.2181429863
151.005289 1.11797499657
152.480971 1.46861290932
153.705918 1.21814990044
154.880705 1.16803598404
156.503075 1.21828079224
157.772588 1.16804385185
158.946966 1.16808009148
160.172278 1.21814990044
161.347145 1.16809487343
162.522086 1.1681599617
163.6973 1.16810202599
164.82214 1.11803388596
166.046936 1.21804881096
167.272208 1.21811199188
168.39686 1.1178689003
169.521977 1.11799311638
170.69683 1.16806411743
171.872106 1.16816091537
172.997693 1.11801505089
174.322822 1.31832504272
175.678909 1.26819705963
176.804092 1.11809301376
178.029092 1.21816205978
179.304517 1.26832008362
180.479337 1.16804695129
181.654156 1.16802310944
182.929391 1.26815390587
184.104217 1.16802191734
185.380433 1.26833987236
186.768185 1.11799192429
187.944328 1.1681740284
189.119386 1.16819882393
190.317956 1.16804099083
191.543275 1.21823596954
192.718298 1.16822099686
193.843469 1.11803197861
