1.906296 1.51864385605
3.332039 1.4182639122
4.806932 1.46856307983
6.231301 1.41823506355
7.707197 1.46852302551
9.282793 1.56860303879
10.708719 1.41868495941
12.384013 1.66893601418
13.859807 1.46854186058
15.335011 1.46842503548
16.860161 1.51840305328
18.23541 1.36828398705
19.76008 1.51849794388
21.485699 1.71872806549
23.010936 1.51851201057
24.486005 1.46839499474
26.266551 1.66881799698
27.842701 1.56977200508
29.4676 1.61871004105
31.094158 1.61890292168
32.881649 1.61891412735
34.308351 1.4187040329
35.733728 1.41864085197
37.309746 1.56899309158
38.885308 1.56883597374
40.360825 1.46870493889
41.536517 1.1683781147
42.911692 1.36851716042
44.387821 1.46889710426
45.763344 1.36868906021
47.539128 1.76896905899
49.114792 1.56870603561
50.48724 1.26843714714
51.612491 1.11848592758
52.838193 1.21858811378
53.963681 1.11831188202
55.28943 1.31868004799
56.464647 1.16837596893
57.590103 1.11823606491
58.81569 1.21853017807
59.941564 1.11849808693
61.16663 1.21836495399
62.341629 1.16826701164
63.723154 1.16863703728
64.849899 1.11849498749
66.075156 1.21846795082
67.25083 1.1685860157
68.376516 1.11831307411
69.819035 1.3690559864
71.293841 1.46863794327
72.81899 1.51883888245
74.244181 1.41877508163
75.76954 1.51880502701
77.495171 1.71917104721
79.070644 1.568983078
80.446093 1.36868000031
81.871313 1.41879200935
83.396067 1.51860594749
84.921274 1.5187420845
86.195766 1.26833796501
87.570319 1.36837720871
88.894719 1.31828999519
90.269693 1.36847996712
91.644397 1.36853003502
92.866965 1.11854600906
94.129696 1.06819701195
95.356054 1.21856403351
96.481531 1.1180870533
97.656531 1.16826581955
98.931929 1.26841592789
100.156916 1.21826815605
101.332598 1.16845393181
102.558152 1.21860408783
103.733584 1.16846394539
104.859387 1.11855316162
106.03462 1.16832208633
107.059855 1.01822113991
108.185108 1.118268013
109.410464 1.21845316887
110.536575 1.11836099625
111.706225 1.06810688972
112.83146 1.11821579933
113.956432 1.11818790436
115.082016 1.11832904816
116.157338 1.06827807426
117.23205 1.06799197197
118.357349 1.11822891235
119.432879 1.06839299202
120.659594 1.21859288216
121.73507 1.06833982468
122.810537 1.068349123
123.886573 1.06838202477
125.138893 1.06848812103
126.214942 1.06810688972
127.339836 1.11808109283
128.464744 1.11819195747
130.063953 1.46879601479
131.338489 1.26830482483
132.813502 1.46861791611
134.288319 1.4686319828
135.663455 1.3686401844
137.088268 1.41860818863
138.51292 1.41847109795
139.937985 1.4185769558
141.212664 1.26845908165
142.737699 1.51873898506
144.313844 1.56956601143
145.788779 1.46870493889
147.314153 1.51912283897
148.788964 1.46861696243
150.064495 1.26895904541
151.489341 1.41862392426
152.673175 1.06854915619
153.69803 1.01810097694
154.823162 1.11815309525
156.154618 1.11821198463
157.180374 1.01790690422
158.305402 1.11822915077
159.376326 1.01804304123
160.551779 1.16828799248
161.776731 1.2182199955
162.801842 1.01800298691
163.876693 1.06809306145
165.002322 1.11835098267
166.127809 1.11842918396
167.152583 1.01793313026
168.228214 1.06829094887
169.403181 1.16821312904
170.572966 1.06810307503
171.648424 1.06824088097
172.823932 1.16845703125
174.099141 1.26839113235
175.224923 1.11835193634
176.349901 1.11816191673
177.625381 1.26839780807
178.700178 1.06805920601
179.774991 1.06804609299
181.000594 1.2184278965
182.076145 1.06828689575
183.201901 1.11842179298
184.427145 1.21847987175
185.451922 1.01801300049
186.729276 1.0181889534
187.756316 1.01823616028
189.037086 1.16825890541
190.162258 1.1181409359
191.337538 1.16833209991
192.463424 1.11834096909
193.638992 1.16845417023
194.765201 1.11836695671
195.840231 1.06819987297
197.066078 1.21860194206
198.191727 1.11835598946
199.266595 1.06803584099
200.541857 1.26837491989
201.717414 1.16835904121
202.893044 1.16846704483
203.968892 1.06834197044
205.04431 1.0683350563
206.270168 1.21863102913
207.440161 1.06836390495
208.516012 1.06835699081
209.691837 1.16864204407
210.717261 1.0181620121
211.842235 1.1181499958
212.917123 1.06805109978
213.993077 1.06839394569
215.068651 1.06837391853
216.144351 1.06839799881
217.554765 1.16848087311
218.630812 1.06809401512
219.75573 1.11808300018
221.081014 1.31841397285
222.25698 1.16850399971
223.38259 1.1184630394
224.508471 1.11835598946
226.064624 1.41890597343
227.690777 1.61919403076
229.21636 1.51890707016
230.691464 1.46874594688
232.216716 1.51883506775
233.742221 1.51872706413
235.317728 1.56898593903
236.893239 1.56893801689
238.268256 1.36853790283
239.843379 1.56883811951
241.268647 1.4187169075
243.04454 1.76917695999
244.619859 1.56896281242
246.245098 1.61888408661
247.720334 1.46869111061
249.437537 1.51876688004
251.123023 1.51880502701
252.698805 1.56923890114
254.224425 1.51901698112
255.850633 1.61921286583
257.225985 1.36874914169
258.851177 1.61885023117
260.276339 1.41848421097
261.751287 1.46862387657
263.37641 1.61878299713
264.901743 1.51868605614
266.326685 1.41862297058
268.001874 1.66887807846
269.427196 1.4187040329
271.002299 1.56882214546
272.477331 1.46865200996
273.902589 1.41864085197
275.120387 1.11822104454
276.245842 1.11820793152
277.320948 1.06812095642
278.396405 1.06824302673
279.728343 1.11821293831
280.854706 1.11831212044
282.030325 1.16842508316
283.106013 1.06840586662
284.282137 1.16853880882
285.407431 1.11832523346
286.583102 1.1684319973
287.75875 1.16847896576
288.934605 1.1685628891
289.95992 1.01813101768
291.135148 1.16827011108
292.260671 1.11831688881
293.50133 1.1186299324
294.626578 1.11823487282
295.651783 1.01797795296
296.726938 1.06807112694
297.752359 1.01822400093
298.827472 1.06810808182
300.053029 1.2183740139
301.078044 1.01805114746
302.153391 1.06815600395
303.279085 1.11831402779
304.354043 1.06806898117
305.462231 1.06807994843
306.537736 1.06825089455
307.613044 1.06818509102
308.738867 1.11834001541
309.994882 1.0685300827
311.87659 1.46899199486
313.552671 1.66940617561
314.777882 1.21826696396
315.903295 1.11819911003
316.978543 1.0682759285
318.054027 1.06817317009
319.129173 1.06816005707
320.254245 1.11812090874
321.379972 1.11837100983
322.455064 1.06807994843
323.580609 1.11828184128
324.706099 1.11835312843
325.881606 1.16835308075
327.007223 1.11829519272
328.132693 1.11831212044
329.208425 1.06831693649
330.887945 1.46922492981
332.313292 1.41868901253
333.738363 1.41855406761
335.413724 1.66906094551
336.689237 1.26862692833
338.164301 1.46879005432
339.589512 1.41870307922
341.302417 1.46864295006
342.729051 1.4186770916
343.904278 1.16837716103
345.279648 1.36853098869
346.605208 1.31839609146
348.081202 1.46881604195
349.557686 1.46901416779
351.056162 1.46902084351
352.732539 1.66907596588
355.118427 1.56892800331
356.296825 1.1686630249
357.472746 1.16851902008
358.598931 1.11850905418
359.774475 1.16841697693
360.900412 1.11854720116
362.026659 1.11846709251
363.102293 1.06832194328
364.277979 1.16839194298
365.403219 1.11819982529
366.578653 1.16833996773
367.754627 1.16843295097
368.980924 1.21857905388
370.206339 1.21837806702
371.487703 1.06827688217
372.514297 1.01822781563
