1.924422 1.56874108315
3.351261 1.41846990585
4.825928 1.46832108498
6.25128 1.41842293739
7.577125 1.31844806671
9.103161 1.51894903183
10.729159 1.61866188049
12.103773 1.3683052063
13.478694 1.36797308922
14.953939 1.46850705147
16.428424 1.46833491325
17.903178 1.46826791763
19.478316 1.56861305237
20.953557 1.46848511696
22.378403 1.41835784912
23.803725 1.41834211349
25.383846 1.4684689045
26.759166 1.36828899384
28.034213 1.26805901527
29.409738 1.36848282814
30.935313 1.51875591278
32.644343 1.3184928894
33.970361 1.31825399399
35.896578 1.91951107979
37.772688 1.86918377876
39.348074 1.56869411469
40.623593 1.26824688911
42.098873 1.46845006943
43.824684 1.7190220356
45.300198 1.46857500076
47.126146 1.81920695305
48.80243 1.6691339016
50.297517 1.36851286888
51.722299 1.41857218742
53.247018 1.51849007607
54.77165 1.51844787598
56.146488 1.36831593513
57.421149 1.26825904846
58.881463 1.4188849926
60.806843 1.91920089722
62.282595 1.46886491776
63.986642 1.46850013733
65.362824 1.3683412075
66.837979 1.4685189724
68.162799 1.31815695763
69.638445 1.4685781002
71.515062 1.86952614784
73.040895 1.51875281334
74.957224 1.81957197189
76.733213 1.7692399025
78.059025 1.3186750412
79.384663 1.31852793694
80.710125 1.3184568882
82.035937 1.31852793694
83.31111 1.26838302612
84.586568 1.26840090752
85.861972 1.26843810081
87.186982 1.31829094887
88.512276 1.31829500198
89.73729 1.21823000908
91.012646 1.26827597618
92.237678 1.21818780899
93.562843 1.31832098961
95.013383 1.21825814247
96.383601 1.26834321022
97.658441 1.26808810234
98.983793 1.31828713417
100.35893 1.36837601662
101.734463 1.36849617958
103.109968 1.36837410927
104.384905 1.26815915108
105.760356 1.36839818954
107.135563 1.36842107773
108.411123 1.2684879303
109.686101 1.26820492744
111.010528 1.31824707985
112.335558 1.31825184822
113.561084 1.21803808212
114.835986 1.26818919182
116.242738 1.31847906113
117.467707 1.21816205978
118.742564 1.2680850029
120.018158 1.26843690872
121.29336 1.26830005646
122.593293 1.2684981823
124.018452 1.41837906837
125.63209 1.36867284775
126.858901 1.21828699112
128.084006 1.21820688248
129.459878 1.36849594116
130.835182 1.36849308014
132.210283 1.36829400063
133.435677 1.21814012527
134.861211 1.41864204407
136.338397 1.46939706802
137.978863 1.56903600693
139.354282 1.36854600906
140.979374 1.61889314651
142.404105 1.41852498055
144.129338 1.71896004677
145.554626 1.41875886917
147.229825 1.66895103455
148.704703 1.46856498718
149.979357 1.26835012436
151.304367 1.31842803955
152.779362 1.46878004074
154.554632 1.76902508736
156.057454 1.26818203926
157.534026 1.46866202354
159.309747 1.76884698868
160.58465 1.26816487312
162.096259 1.36858797073
163.371367 1.26831507683
164.646843 1.26835608482
165.922126 1.26836514473
167.147356 1.21830797195
168.372788 1.2183110714
169.748424 1.36861777306
171.023474 1.26822495461
172.198878 1.16818499565
173.473863 1.26815700531
174.749427 1.26839184761
176.074577 1.31833004951
177.299568 1.21812295914
178.625068 1.31838583946
180.349375 1.61939001083
181.52437 1.16813921928
182.699693 1.16826987267
184.07509 1.36853885651
185.450907 1.36855220795
186.931334 1.26827311516
188.157329 1.21808290482
189.382312 1.21816802025
190.507394 1.11799192429
191.632165 1.11802506447
192.857118 1.2180762291
194.182491 1.31830406189
195.457682 1.26839709282
196.73314 1.26833200455
197.907991 1.16803693771
199.132779 1.21804308891
200.39674 1.16832900047
201.721948 1.31841897964
202.897023 1.16813707352
204.122392 1.21824383736
205.34759 1.2184138298
206.67258 1.31819200516
207.69747 1.01780581474
208.922498 1.21823596954
210.147729 1.21815705299
211.372738 1.21815896034
212.798048 1.41846179962
213.973652 1.16816806793
215.148598 1.16807293892
216.374157 1.21818685532
217.769716 1.2183098793
218.895733 1.11808109283
220.068661 1.01809597015
221.19374 1.11815595627
222.318398 1.11785888672
223.443504 1.11800503731
224.468305 1.01801609993
225.593632 1.11800599098
226.668321 1.06785392761
227.793682 1.11817502975
228.868659 1.06785798073
229.893323 1.01783013344
231.168329 1.26824712753
232.243578 1.06802797318
233.368882 1.11816477776
234.444511 1.06810212135
235.519459 1.0680270195
236.644616 1.117882967
237.902583 1.16803789139
239.027726 1.11804986
240.152691 1.11807703972
241.277837 1.11801600456
242.553237 1.26850104332
243.627978 1.06787204742
244.703056 1.06793117523
245.779142 1.06787204742
246.85384 1.06782603264
248.553001 1.31849813461
249.729109 1.16811704636
250.80415 1.06801986694
251.928967 1.1179420948
253.154446 1.21823000908
254.429746 1.26817202568
255.605097 1.16821694374
256.822909 1.11807584763
258.098065 1.26824617386
259.323477 1.21823215485
260.348017 1.01767206192
261.423142 1.06794309616
262.748302 1.31827783585
263.823014 1.06782579422
264.948244 1.1180100441
266.023005 1.06792402267
267.398457 1.36853718758
268.473526 1.06792902946
269.648562 1.16813182831
270.82403 1.16816306114
271.898835 1.06792187691
273.023636 1.11795401573
274.433129 1.31846499443
275.558115 1.11813783646
276.632885 1.06787800789
277.808288 1.1682138443
279.216402 1.06821012497
280.542826 1.31838297844
281.717874 1.16813802719
282.692962 0.967885017395
283.968247 1.26842308044
284.992965 1.01779007912
286.16881 1.16826415062
287.193533 1.01780700684
288.418993 1.21824908257
289.543874 1.11800909042
290.568601 1.01780986786
292.033957 1.36860799789
293.109158 1.06799316406
294.584793 1.4687461853
295.659804 1.06796693802
296.735742 1.06816196442
297.660506 0.917793989182
298.886137 1.21832299232
299.91185 1.01841807365
300.937196 1.01808309555
302.062706 1.11819195747
303.037483 0.967818975449
304.263108 1.21841597557
305.288063 1.01790308952
306.413203 1.11807322502
307.588587 1.1681368351
308.96421 1.36862707138
310.570932 1.26854586601
311.64744 1.06817007065
312.87307 1.21835899353
313.848253 0.967896938324
314.974164 1.11843681335
316.049291 1.06808304787
317.074781 1.01814293861
318.201637 1.1188352108
319.227552 1.01825213432
320.30322 1.0683350563
321.378657 1.06808686256
322.354384 0.968034029007
323.429563 1.0680770874
324.554979 1.11818003654
325.579899 1.01798605919
326.604725 1.01782989502
327.815111 1.11797690392
328.84089 1.01813292503
329.969832 1.11893606186
331.095903 1.11841392517
332.120777 1.01789188385
333.245764 1.11799001694
334.371495 1.11822581291
335.496766 1.11811995506
336.5222 1.0180439949
337.572061 1.01799297333
338.59764 1.01826405525
339.572791 0.967885017395
340.784982 0.967986106873
341.761213 0.967993021011
342.736084 0.967887878418
344.074128 1.21831893921
345.251053 1.16924905777
346.42708 1.1684949398
347.551931 1.11789298058
348.577076 1.01788210869
349.702033 1.11803793907
350.677591 0.967778205872
351.752903 1.06839799881
352.727513 0.967694044113
353.752624 1.01783490181
354.877853 1.11813592911
355.853062 0.967851161957
357.128767 1.2684879303
358.288614 1.06831002235
359.363871 1.06793785095
360.439308 1.06815099716
361.665657 1.21845602989
362.74107 1.06831097603
363.866394 1.11809802055
364.891111 1.01778078079
366.016704 1.11828708649
367.092266 1.06812500954
368.167206 1.06794905663
369.343172 1.16827917099
370.521855 1.16959095001
371.728124 1.01791405678
372.704256 0.967855930328
373.87994 1.1684319973
374.955245 1.06833696365
