2.012328 1.41864299774
3.689709 1.66880989075
5.164881 1.46843504906
6.790414 1.61899805069
8.315998 1.51889610291
9.891228 1.56883406639
11.416256 1.51854801178
12.891512 1.4688141346
14.116635 1.21870088577
15.642164 1.51881289482
17.168149 1.51889610291
18.64405 1.46880507469
19.969651 1.31851196289
21.444664 1.46851396561
22.919535 1.46862006187
24.394211 1.46848607063
25.869862 1.41882610321
27.245062 1.36870002747
28.87069 1.61906719208
30.196711 1.31906080246
31.803673 1.41900420189
33.230608 1.41865515709
34.806911 1.56921005249
36.233157 1.41904997826
37.65845 1.4186091423
39.284586 1.61904811859
40.810886 1.51897096634
42.436999 1.61912798882
43.913254 1.46894598007
45.439177 1.51895093918
47.015014 1.56915903091
48.441688 1.41869592667
49.882794 1.31882095337
51.159069 1.26865291595
52.434683 1.26855421066
53.61081 1.16869592667
54.836326 1.21850204468
56.111362 1.26827216148
57.388046 1.26858687401
58.613267 1.21832299232
59.889154 1.26872205734
61.164843 1.26861715317
62.594343 1.26872181892
63.821291 1.2185549736
65.047068 1.21868896484
66.372764 1.3186750412
67.598412 1.2184741497
68.873959 1.26851391792
70.273337 1.26886200905
71.448978 1.16851496696
72.674484 1.21847915649
73.849797 1.16827607155
75.025132 1.168446064
76.251132 1.21857404709
77.477049 1.21885490417
78.652716 1.16852903366
79.828386 1.16821098328
81.104143 1.26866197586
82.379807 1.26862311363
83.605101 1.21826887131
84.880574 1.26849007607
86.056635 1.16859793663
87.38254 1.31876301765
88.558065 1.16843819618
90.04813 1.36880111694
91.324112 1.26856899261
92.844598 1.31887888908
94.120971 1.26838493347
95.346007 1.21832323074
96.621062 1.26831221581
97.89646 1.26837301254
99.072099 1.16854000092
100.297642 1.21840906143
101.523304 1.21859812737
102.748858 1.21851110458
104.074395 1.31847405434
105.350284 1.2687690258
106.726595 1.36884713173
107.902159 1.16848993301
109.277901 1.36864590645
110.870324 1.46879792213
112.545887 1.66916489601
113.770361 1.21826195717
115.245892 1.46882891655
116.621064 1.36870789528
118.196563 1.56905794144
119.5714 1.36840605736
120.946169 1.36857700348
122.571453 1.61891317368
124.110056 1.36860108376
125.686758 1.56892609596
127.162448 1.4688949585
128.537886 1.36860513687
129.913542 1.36857700348
131.339101 1.4188170433
132.815172 1.46885514259
134.258807 1.31872701645
135.684967 1.41902279854
136.860411 1.16830205917
138.085747 1.21853399277
139.31108 1.21842694283
140.586732 1.26852202415
141.862176 1.26857614517
143.08784 1.21846389771
144.363204 1.26852703094
145.688565 1.31854200363
146.964432 1.26848006248
148.240361 1.26875805855
149.466158 1.21858119965
150.742479 1.26866889
151.968382 1.21864008904
153.194509 1.21857094765
154.752219 1.21873903275
156.078837 1.3186340332
157.405019 1.31873202324
158.580778 1.16860890388
159.806878 1.2186589241
161.182859 1.36884593964
162.358698 1.1684820652
163.68438 1.31860303879
164.960648 1.26872301102
166.186452 1.21857595444
167.412204 1.21852707863
168.838658 1.41896915436
170.214623 1.36878919601
171.440226 1.2183470726
172.665384 1.21832418442
174.041473 1.36895298958
175.5457 1.3685901165
176.870495 1.31852293015
178.295516 1.41865706444
179.870829 1.56879997253
181.396442 1.5190141201
182.721776 1.3187520504
184.19761 1.46893286705
185.635367 1.26850295067
187.112065 1.46878600121
188.637582 1.51876878738
190.213508 1.56891202927
191.538899 1.31856393814
192.764265 1.21864295006
194.290121 1.5187420845
195.66551 1.36860394478
197.041152 1.36860609055
198.465044 1.268460989
199.690896 1.21844696999
200.966239 1.26848697662
202.191664 1.21853804588
203.517427 1.31859302521
204.742678 1.21839308739
205.96821 1.21833515167
207.143772 1.16837978363
208.369516 1.21853995323
209.645196 1.26845812798
210.870459 1.21839904785
212.146279 1.26862287521
213.321493 1.16835093498
214.546798 1.21839308739
216.042885 1.26873087883
217.31981 1.26868891716
218.71638 1.26875591278
219.941911 1.21838712692
221.12938 1.16816687584
222.405613 1.26872181892
223.731063 1.31853604317
224.956314 1.21835303307
226.232017 1.26846504211
227.457238 1.21837496758
228.682837 1.2184278965
230.05828 1.3685529232
231.28354 1.21822690964
232.50893 1.21854019165
233.735297 1.2186460495
234.9113 1.16858100891
236.137517 1.21869111061
237.313386 1.16855096817
238.598294 1.16863393784
239.774299 1.16849517822
240.949511 1.16834592819
242.125956 1.16866898537
243.301861 1.16860604286
244.577886 1.26879501343
245.85418 1.26868414879
247.28569 1.26857995987
248.563008 1.26871299744
249.73864 1.16838502884
251.014586 1.26868987083
252.240551 1.21862888336
253.516413 1.26867794991
254.843277 1.31873202324
256.119221 1.26871991158
257.344637 1.21837997437
258.73564 1.26853108406
259.961026 1.21848297119
261.136805 1.16850304604
262.363064 1.21866512299
263.538316 1.16832184792
264.764073 1.21848607063
265.990039 1.21836590767
267.215322 1.21832919121
268.491195 1.26864314079
269.766562 1.26844096184
270.941843 1.16827011108
272.218116 1.26872706413
273.393943 1.16855502129
274.620209 1.21861982346
275.845626 1.21842503548
277.071018 1.21841192245
278.746271 1.36894392967
280.172333 1.41869616508
281.547193 1.36849999428
282.972506 1.41868305206
284.297239 1.31843185425
285.672554 1.36872887611
287.09816 1.4187669754
288.573247 1.46871185303
290.198362 1.61884689331
291.773824 1.56876182556
293.199973 1.41953396797
294.725028 1.51868796349
296.100379 1.36861205101
297.6255 1.51876807213
299.000353 1.36852812767
300.425238 1.41856098175
302.321885 1.66942882538
303.746655 1.41846299171
305.171572 1.41861104965
306.546676 1.36856913567
308.121715 1.56872391701
309.777408 1.46872711182
311.204781 1.41879796982
312.930561 1.71894907951
314.506517 1.56883692741
316.032043 1.51871991158
317.658047 1.61902594566
319.134371 1.46887993813
320.66062 1.51906514168
322.237344 1.56922602654
323.562582 1.31843209267
324.937938 1.36855888367
326.334956 1.21864509583
327.610701 1.26848196983
328.835947 1.21832513809
330.011586 1.16826581955
331.236892 1.21835613251
332.462149 1.21833395958
333.637869 1.16839814186
334.863704 1.21857404709
336.039395 1.16839504242
337.314706 1.2683570385
338.53995 1.21828699112
339.885675 1.16854715347
341.162252 1.26852488518
342.437643 1.268419981
343.6635 1.21860814095
344.889528 1.21869492531
346.183321 1.16842794418
347.459099 1.26851391792
348.785157 1.31865787506
350.010966 1.2185151577
351.236284 1.21832203865
352.461555 1.21829390526
353.838007 1.36881899834
355.113378 1.2683429718
356.289233 1.16853785515
357.464929 1.16829514503
358.690741 1.2184741497
359.916738 1.21849894524
361.242484 1.31851601601
362.517926 1.26843595505
363.744246 1.21861886978
365.070279 1.31867289543
366.66107 1.46886992455
368.236347 1.56883788109
369.711965 1.46892881393
371.362277 1.46900606155
372.689109 1.31856894493
374.015118 1.31870603561
375.641633 1.61915802956
377.167782 1.51880979538
378.543494 1.36863684654
380.11972 1.56890487671
381.645482 1.51879692078
383.221469 1.56901693344
384.547664 1.31864595413
386.12336 1.5687661171
387.449168 1.31856584549
388.974964 1.51882815361
390.656621 1.46868491173
392.181622 1.51873898506
393.708496 1.51884484291
395.133453 1.4186360836
396.608865 1.46908092499
397.950215 1.31900501251
399.325136 1.36858296394
400.900657 1.56892895699
402.652879 1.51886701584
404.079994 1.41876506805
405.405366 1.3184940815
406.881876 1.46895885468
408.257187 1.36840510368
409.582646 1.3184440136
411.308746 1.71898889542
412.684219 1.36863589287
414.029063 1.16829705238
415.254859 1.21846199036
416.430213 1.16834521294
417.707148 1.26876592636
418.982724 1.26854491234
420.258078 1.26830506325
421.483761 1.21832203865
422.709103 1.21835708618
423.834819 1.11824417114
425.110408 1.26853203773
426.285835 1.1682100296
427.611695 1.31854009628
428.937565 1.31873607635
430.163344 1.21847820282
431.338665 1.16830611229
432.752772 1.21838712692
434.100806 1.21843004227
435.226188 1.118268013
436.401859 1.16829109192
437.627378 1.21844100952
438.853065 1.21834206581
439.97829 1.11817097664
441.15359 1.16829204559
442.329242 1.16828799248
443.554493 1.21826791763
444.780371 1.21853208542
445.955737 1.16826796532
447.181098 1.21828985214
448.356784 1.16831493378
449.532163 1.16834402084
450.657919 1.11847305298
451.883647 1.21836996078
453.267547 1.26845097542
454.543397 1.268460989
455.768755 1.21832299232
456.994662 1.21834206581
458.119993 1.118268013
459.295329 1.16824197769
460.421544 1.11849212646
461.597015 1.16823601723
462.885337 1.11815285683
464.011968 1.11835408211
465.187321 1.16827988625
466.41335 1.21847510338
467.588745 1.1683781147
468.764217 1.1683678627
469.990401 1.21861195564
471.166264 1.16856884956
472.607848 1.31864905357
473.783456 1.16828608513
474.958704 1.16818904877
476.184554 1.21851015091
477.410392 1.21873402596
478.585972 1.16826605797
479.812109 1.2187371254
481.088121 1.26845693588
482.313549 1.21838593483
483.539435 1.21850991249
484.66483 1.1182949543
485.890768 1.21852517128
487.116984 1.21846914291
488.292965 1.16855788231
489.468828 1.16839003563
490.644239 1.16834712029
492.077847 1.31849598885
493.449577 1.1683588028
494.576075 1.11835598946
495.801596 1.21844911575
496.927113 1.11836194992
498.1034 1.16827893257
499.328899 1.21842598915
500.555 1.21867203712
501.781278 1.2186999321
503.057377 1.26874685287
504.283921 1.21865606308
505.509451 1.2184689045
506.735582 1.21864390373
507.96136 1.21860313416
509.086957 1.11851286888
510.262934 1.16845488548
511.651115 1.26846504211
512.876947 1.21840500832
514.052511 1.16835808754
515.228274 1.16834402084
516.454052 1.21849489212
517.680608 1.21839499474
518.856504 1.16847300529
520.031927 1.1683151722
521.157921 1.11832714081
522.283331 1.11823010445
523.724939 1.21874189377
524.951879 1.21857404709
526.177587 1.21861886978
527.403146 1.21839594841
528.628965 1.21843409538
529.804493 1.16841602325
531.149414 1.21856403351
532.325151 1.16829991341
533.550826 1.21851015091
534.726617 1.16840100288
535.852549 1.11855697632
537.027916 1.16826510429
538.203847 1.1682639122
539.329392 1.11832284927
540.505501 1.16861009598
541.781786 1.26880002022
542.957677 1.16839814186
544.08338 1.11827087402
545.208757 1.11813592911
546.4347 1.21852302551
547.71034 1.26848316193
548.885738 1.16827011108
550.170061 1.16828489304
551.395933 1.21843481064
552.67142 1.26837205887
553.998919 1.11836194992
555.225788 1.21843290329
556.402089 1.16881680489
557.628208 1.21854305267
558.853803 1.21841692924
559.979738 1.1184630394
561.15617 1.16859102249
562.381684 1.21831583977
563.60789 1.21851396561
564.833663 1.21845698357
566.009172 1.16832995415
567.185567 1.16850399971
568.411339 1.21838998795
569.716276 1.16867613792
570.992072 1.26854419708
572.168544 1.16851997375
573.494644 1.31865096092
574.67118 1.16840314865
575.79721 1.11854100227
577.023436 1.21860098839
578.299897 1.26867198944
579.425637 1.11836791039
580.617458 1.16838407516
581.843597 1.21864008904
583.119213 1.26841688156
584.477766 1.11865496635
585.655148 1.16873002052
586.881079 1.21858000755
588.057068 1.16847205162
589.353674 1.16868805885
590.48016 1.11862897873
591.605662 1.11829614639
592.782157 1.16864204407
593.957619 1.16831111908
595.133649 1.16851615906
596.310067 1.1685500145
597.486214 1.16858506203
598.712319 1.21859288216
599.888806 1.16858005524
601.11484 1.21849584579
602.241142 1.11843085289
603.366773 1.1183359623
604.592438 1.21844983101
605.718113 1.11817598343
606.893548 1.16826581955
608.178172 1.16835308075
609.404163 1.21834516525
610.629644 1.21830391884
611.755579 1.11841607094
612.880934 1.1181910038
614.10645 1.21831798553
615.46478 1.16837406158
616.641625 1.16857194901
617.817354 1.16853308678
618.993063 1.1683318615
620.218969 1.21840786934
621.39477 1.16844582558
622.570576 1.16837000847
623.746377 1.16837000847
624.922495 1.16848683357
626.047808 1.11813592911
627.293258 1.11837506294
628.519256 1.21847391129
629.695401 1.16866898537
631.021395 1.31861877441
632.246874 1.218282938
633.422759 1.16837501526
634.64895 1.2186768055
635.825037 1.16847205162
637.051125 1.21855807304
638.176395 1.11806201935
639.453655 1.26874804497
640.729301 1.26845407486
641.955798 1.21861100197
643.081166 1.11815500259
644.256703 1.16831898689
645.532661 1.26839995384
647.026114 1.16870713234
648.403279 1.36881494522
649.679298 1.26852202415
650.954914 1.26841306686
652.130914 1.16843104362
653.357134 1.21864199638
654.583292 1.2186601162
655.85994 1.26871991158
657.086267 1.21868681908
658.312806 1.21868300438
659.539084 1.21873402596
660.715225 1.16858291626
661.940869 1.21842718124
663.116933 1.16830801964
664.292455 1.16832113266
665.618627 1.31860995293
667.008738 1.26853299141
668.184717 1.16836214066
669.360828 1.16851115227
670.537362 1.16855287552
671.813748 1.26878094673
672.989784 1.16836810112
674.265951 1.26858091354
675.49211 1.21858596802
676.668526 1.16859507561
678.040954 1.16863584518
679.218459 1.16868805885
680.444053 1.21838307381
681.669894 1.21856808662
682.896627 1.21876382828
684.072493 1.16844296455
685.349139 1.26876115799
686.696824 1.21836805344
687.972285 1.26826095581
689.148141 1.16830301285
690.324214 1.16843891144
691.600388 1.26862311363
692.876191 1.26852798462
694.101742 1.21832704544
695.377985 1.26858115196
696.554191 1.16858792305
697.830493 1.2686920166
699.106602 1.26850819588
700.332801 1.21861195564
701.508613 1.16839718819
702.684587 1.16837692261
703.960373 1.26850104332
705.187393 1.21862196922
706.948317 1.56936812401
708.548073 1.36899995804
710.125593 1.56903815269
711.60145 1.46875405312
713.027558 1.41869497299
714.453295 1.41856503487
715.88045 1.41875910759
717.306721 1.41891002655
718.782843 1.46880984306
720.309814 1.51912212372
721.83635 1.51899003983
723.162207 1.31843018532
724.688059 1.51874303818
726.314057 1.618901968
727.890407 1.56889009476
729.416686 1.5188729763
730.733137 1.16835594177
731.959208 1.21848392487
733.134722 1.16824102402
734.410767 1.26851582527
735.636386 1.21830010414
736.863598 1.21877598763
737.989862 1.11846899986
739.420594 1.16863298416
740.597529 1.16844201088
741.773131 1.1683318615
742.948685 1.16829609871
744.275496 1.31885504723
745.451722 1.16857409477
746.628123 1.16851401329
747.854151 1.21850895882
749.179801 1.31841278076
750.527931 1.21875786781
751.753956 1.21843004227
752.930124 1.16846513748
754.156241 1.21846103668
755.482017 1.31848692894
756.657605 1.16827583313
757.783512 1.11819577217
758.959181 1.16838693619
760.085727 1.11870908737
761.261256 1.1682331562
762.43704 1.16845297813
763.612947 1.16826105118
764.78853 1.16824007034
766.014713 1.21849393845
767.240429 1.21838784218
768.366124 1.11832714081
770.257298 1.51910591125
771.733518 1.4687538147
773.05901 1.31848192215
774.634529 1.56882500648
776.059863 1.41866803169
777.485681 1.41881489754
778.810928 1.31852698326
780.336402 1.51879501343
781.962475 1.61892223358
783.337668 1.36848092079
784.662822 1.31847286224
786.338875 1.66902804375
787.764112 1.41855192184
789.139273 1.36841702461
790.566535 1.41877698898
791.791753 1.21846294403
793.384206 1.46875119209
794.759563 1.36864495277
796.184817 1.41851997375
797.588735 1.36871194839
799.214567 1.6190431118
800.830671 1.36910200119
802.308055 1.46876311302
803.684 1.36855506897
805.059983 1.36860799789
806.486207 1.41858911514
807.812094 1.31856799126
809.288506 1.46874499321
810.914912 1.6190571785
812.29106 1.36870908737
813.868051 1.5690779686
815.394915 1.51916193962
817.133616 1.51919412613
818.609381 1.46878814697
820.134865 1.51867103577
821.510415 1.36867403984
822.886672 1.36889100075
824.412287 1.51881599426
825.887576 1.46860814095
827.315223 1.41898083687
828.690757 1.36875700951
830.066197 1.36878991127
831.677412 1.36910581589
833.204454 1.51874184608
834.630698 1.41884112358
836.057178 1.41881513596
837.533662 1.46896696091
838.860253 1.31874299049
840.651097 1.51926398277
842.126501 1.46877002716
843.451744 1.31851911545
845.027694 1.56899404526
846.503618 1.46894407272
847.829438 1.31886196136
849.205752 1.36894607544
850.631812 1.41904401779
852.007239 1.3685798645
853.282822 1.26863288879
854.858246 1.56876707077
856.383649 1.51872897148
857.859884 1.46893501282
859.435544 1.56895208359
860.911306 1.46891593933
862.624829 1.5191628933
