2.107013 1.5186920166
3.533124 1.41834306717
4.857958 1.31812095642
6.332883 1.46841311455
7.607084 1.26807498932
8.981762 1.36827301979
10.406195 1.41828107834
11.931431 1.51849389076
13.356789 1.41840100288
14.781784 1.41827607155
16.157198 1.36837911606
17.632347 1.46841406822
19.007206 1.36839604378
20.532608 1.5185918808
21.957118 1.41835093498
23.483006 1.51850700378
24.905816 1.36840200424
26.380581 1.46855902672
27.855143 1.4683778286
29.43031 1.56861996651
30.904998 1.46844983101
32.439075 1.31844806671
33.865615 1.41852903366
35.240935 1.36866998672
36.766611 1.51870703697
38.242033 1.46878409386
39.767187 1.51850795746
41.292721 1.51858210564
42.767982 1.46858310699
44.193365 1.41847896576
45.768686 1.56864500046
47.344075 1.56872296333
48.791036 1.31843709946
50.116109 1.31837296486
51.341004 1.21816182137
52.666356 1.31833696365
53.941412 1.26829504967
55.366932 1.41848182678
56.691982 1.31832194328
57.96693 1.26822900772
59.26714 1.26832890511
60.542078 1.26821613312
61.867543 1.31841492653
63.410298 1.31838011742
64.736671 1.31848478317
66.061795 1.31840395927
67.436889 1.36835718155
68.762239 1.31836104393
70.410508 1.51887392998
71.985315 1.56863880157
73.410037 1.41858887672
74.884829 1.46853899956
76.409947 1.51868796349
77.984744 1.56864881516
79.359315 1.36844205856
80.884481 1.5187690258
82.209093 1.31841182709
83.633951 1.4187309742
85.058651 1.41855597496
86.533931 1.46875500679
88.008747 1.46855092049
89.533533 1.51864814758
91.008511 1.46853590012
92.333103 1.31845402718
93.966903 1.26847195625
95.192776 1.21833491325
96.518337 1.31843996048
97.793629 1.26853895187
99.069118 1.26838994026
100.394276 1.31838989258
101.719527 1.31845593452
103.045052 1.31842398643
104.270172 1.21830010414
105.5459 1.26840591431
106.821114 1.26841497421
108.146449 1.31850600243
109.421673 1.26836514473
110.697183 1.26840305328
111.972281 1.26830482483
113.247925 1.26853609085
114.686797 1.31840801239
116.06274 1.36864995956
117.338009 1.26844191551
118.663831 1.31867313385
119.938994 1.26838803291
121.314325 1.36849594116
122.590645 1.2691719532
124.136987 1.26860189438
125.363374 1.21834778786
126.738732 1.36855101585
128.064081 1.31856107712
129.340015 1.26845097542
130.615401 1.26857089996
131.941124 1.31851196289
133.16626 1.21834206581
134.441391 1.26835894585
136.185808 1.61889600754
137.460401 1.26838302612
139.085237 1.6186439991
140.459846 1.36841821671
141.935152 1.46877503395
143.309858 1.36844706535
144.834805 1.51880097389
146.510138 1.66883897781
147.984962 1.46862006187
149.459659 1.46848201752
150.884636 1.41858005524
152.209098 1.31833600998
153.683743 1.46856093407
155.277324 1.41866087914
156.703774 1.41865587234
158.129189 1.41869115829
159.620121 1.3186788559
160.89564 1.26841282845
162.120738 1.21831607819
163.346133 1.21831607819
164.721558 1.36858391762
165.946708 1.21832299232
167.321985 1.36847090721
168.647528 1.31833100319
169.922665 1.26832294464
171.198155 1.26837110519
172.523464 1.31843590736
173.848502 1.31822705269
175.124016 1.2683031559
176.399264 1.26840114594
177.624824 1.21827697754
178.849935 1.21833491325
180.439297 1.46874904633
181.864077 1.41857004166
183.288885 1.41857099533
184.763604 1.46849608421
186.460842 1.4686999321
187.987734 1.51875782013
189.463163 1.46859812737
190.838839 1.36849999428
192.164155 1.31847381592
193.53949 1.36847710609
195.065304 1.51871204376
196.791051 1.71892285347
198.31693 1.51868104935
199.79252 1.46876692772
201.268089 1.46864390373
202.593777 1.31855106354
203.983636 1.26841402054
205.208849 1.21835494041
206.434093 1.21840310097
207.65957 1.21826410294
208.984913 1.31847214699
210.210189 1.21836495399
211.485733 1.26838111877
212.711044 1.21837306023
213.986711 1.26845502853
215.262123 1.26849508286
216.865125 1.31850600243
218.141636 1.26843905449
219.366828 1.21830701828
220.74298 1.36856389046
222.06835 1.31851577759
223.343565 1.2683608532
224.978398 1.41861009598
226.503523 1.51859712601
227.928369 1.41867399216
229.453059 1.51855492592
230.927804 1.46853899956
232.302923 1.36861991882
233.828014 1.51872992516
235.202645 1.3684232235
236.727781 1.51860380173
238.302711 1.56874704361
239.727578 1.41862893105
241.202627 1.46855807304
242.677409 1.46857500076
244.202344 1.51876211166
245.777862 1.56902503967
247.309257 1.31857800484
248.767574 1.26861381531
250.092942 1.31844377518
251.368107 1.26833701134
252.693947 1.31854510307
253.969466 1.26856207848
255.295351 1.31862592697
256.570676 1.26847100258
257.845995 1.26842498779
259.021831 1.1684949398
260.297135 1.26843810081
261.672951 1.36857390404
262.898319 1.21847987175
264.230992 1.26836013794
265.456551 1.21835780144
266.781958 1.31850290298
268.008095 1.21850204468
269.447048 1.31846809387
270.672795 1.21841692924
271.998299 1.31854104996
273.323921 1.31868886948
274.499426 1.16826581955
275.774709 1.26834917068
277.000266 1.21830320358
278.451464 1.26856398582
279.628491 1.1685090065
280.903913 1.26850700378
282.179368 1.26849007607
283.421168 1.21875715256
284.646609 1.2183380127
285.921854 1.26831412315
287.197283 1.2684648037
288.422716 1.21826291084
289.719487 1.16834497452
290.94479 1.21830892563
292.119916 1.16824197769
293.295422 1.16826486588
294.620728 1.31841492653
295.846167 1.21837186813
297.071799 1.21836900711
298.247032 1.16831588745
299.522679 1.26841807365
300.748098 1.21845793724
302.073692 1.31868696213
303.299278 1.21837997437
304.424385 1.11813282967
305.649931 1.2183740139
307.075569 1.41866898537
308.250768 1.16823196411
309.794681 1.21828985214
310.970968 1.16828393936
312.296353 1.31850385666
313.421787 1.11817908287
314.596954 1.16820001602
315.872254 1.26833701134
317.097735 1.21824812889
318.272835 1.16818499565
319.498342 1.21830606461
320.623422 1.11813402176
321.798554 1.1682510376
323.024551 1.21874499321
324.249751 1.21828508377
325.425363 1.16840314865
326.600543 1.16824388504
327.825721 1.21819400787
329.215721 1.26836800575
330.441218 1.21825003624
331.616373 1.16821408272
332.792239 1.16866588593
334.067617 1.26845788956
335.242806 1.16823983192
336.468641 1.2185690403
337.693975 1.21835708618
338.919663 1.21830797195
340.334363 1.21853709221
341.511121 1.16834306717
342.686353 1.1682498455
344.01167 1.31839108467
345.187238 1.16824507713
346.362461 1.16828203201
347.537897 1.16824412346
348.835189 1.16830682755
350.060467 1.21828889847
351.236422 1.16830801964
352.411564 1.16820502281
353.637133 1.21828603745
354.812408 1.16829895973
355.98755 1.16820406914
357.213229 1.21832513809
358.438478 1.21832084656
359.714058 1.26837205887
360.939751 1.21834802628
362.115127 1.16830706596
363.340365 1.21825289726
364.565963 1.21829295158
365.791223 1.21825313568
367.016914 1.21840691566
