2.046021 1.66868686676
3.471774 1.41810011864
4.896272 1.41840195656
6.270536 1.36799097061
7.694934 1.41830515862
9.1192 1.41811490059
10.844718 1.71859097481
12.318967 1.46812105179
13.944398 1.61848783493
15.56947 1.61837697029
16.844203 1.26802110672
18.219288 1.3681268692
19.594079 1.36807894707
21.018242 1.41802215576
22.693208 1.66857886314
24.36843 1.66851210594
25.776378 1.31822085381
27.101254 1.3180809021
28.376053 1.26804280281
29.650984 1.26792407036
30.875761 1.21795105934
32.370869 1.2681210041
33.646623 1.26801490784
34.921084 1.26784706116
36.296136 1.36812901497
37.62086 1.31802606583
38.946187 1.31807684898
40.270893 1.31807804108
41.4954 1.21790599823
42.77031 1.26799297333
44.195163 1.41822600365
45.47008 1.26800990105
46.985541 1.41830587387
48.309943 1.31801891327
49.834399 1.51836299896
51.208509 1.36800408363
52.783349 1.56850504875
54.407962 1.6184720993
55.882286 1.46823501587
57.257366 1.36836409569
58.831914 1.56846404076
60.206332 1.36829400063
61.831077 1.61868190765
63.422802 1.36826992035
64.848768 1.41824579239
66.123449 1.2679810524
67.648573 1.51843595505
69.123891 1.4684009552
70.397348 1.16794109344
71.772756 1.36824798584
73.047422 1.26802682877
74.272423 1.21800804138
75.683127 1.36818599701
76.857881 1.16799402237
78.18269 1.31815814972
79.457799 1.26808309555
80.768758 1.26803088188
82.093929 1.31817603111
83.468858 1.36823701859
84.844025 1.36843705177
86.142919 1.26799201965
87.418072 1.26808714867
88.793252 1.36819410324
89.96781 1.16786789894
91.479085 1.36826491356
92.953748 1.46829986572
94.789486 1.31826210022
96.265834 1.46849799156
97.690973 1.41838097572
99.216592 1.51856207848
100.591626 1.36829710007
102.11693 1.51853990555
103.792869 1.66886901855
105.318204 1.51856303215
106.793775 1.46853303909
108.168875 1.36833095551
109.644225 1.46859908104
111.019617 1.36838698387
112.344542 1.31818795204
113.821252 1.46860814095
115.378246 1.41867613792
116.6534 1.26810693741
117.928307 1.26812005043
119.203632 1.26821899414
120.428428 1.21797299385
121.653263 1.21806693077
123.078673 1.41836309433
124.303435 1.21799302101
126.169928 1.56873679161
127.4465 1.26820492744
128.871724 1.41849184036
130.247078 1.36823391914
131.47203 1.21818804741
132.696775 1.21798801422
133.922023 1.21821403503
135.24729 1.31851696968
136.862655 1.51849603653
138.138449 1.26805782318
139.313192 1.16794610023
140.488389 1.16803312302
141.705799 1.1680021286
142.930564 1.21797204018
144.155369 1.21799993515
145.430699 1.26816415787
146.605564 1.16808795929
147.981195 1.36854505539
149.20608 1.21808791161
150.430991 1.21809983253
151.706351 1.26808691025
153.231842 1.51860880852
154.507102 1.26816701889
155.882189 1.36826610565
157.471814 1.26828479767
158.697421 1.2180659771
159.922362 1.2181429863
161.09747 1.16799998283
162.272326 1.16807103157
163.497661 1.21818780899
164.672455 1.16798090935
165.947494 1.26810216904
167.222781 1.26817893982
168.447928 1.21825194359
169.673206 1.21810984612
170.898126 1.2180891037
172.173265 1.2683069706
173.348662 1.16813993454
174.623523 1.26806116104
175.898508 1.26813006401
177.422326 1.41834211349
178.597439 1.16804218292
179.972576 1.36824512482
181.197577 1.21795105934
182.47253 1.26814889908
183.998166 1.51854586601
185.222921 1.21800398827
186.447885 1.21802306175
187.962723 1.21800088882
189.238683 1.2681491375
190.563553 1.31809806824
191.688163 1.11782288551
192.913234 1.21800994873
194.238141 1.31815004349
195.463201 1.21798110008
