1.703471 1.36797499657
3.179823 1.46819400787
4.704634 1.51849317551
6.129577 1.41818404198
7.604483 1.46821093559
8.979508 1.36811494827
10.554495 1.56827497482
12.079758 1.51831793785
13.604265 1.51834487915
15.129328 1.51842713356
16.704467 1.56843304634
18.179378 1.46818804741
19.754666 1.5683350563
21.229089 1.46825289726
22.604248 1.36820411682
24.07859 1.46820783615
25.636865 1.46840000153
27.012261 1.36823296547
28.387329 1.3682281971
29.762536 1.36825203896
31.24991 1.46853590012
32.78242 1.36826300621
34.158612 1.36825609207
35.533522 1.36828804016
36.858556 1.31810998917
38.185934 1.31816506386
39.560842 1.36831688881
40.93603 1.36829185486
42.310931 1.36825895309
43.686125 1.3682641983
45.011069 1.31827306747
46.385947 1.36818504333
47.727473 1.21812701225
49.101818 1.36824297905
50.576575 1.4684009552
52.000982 1.4182908535
53.576126 1.56876397133
54.902294 1.31821203232
56.476873 1.56846094131
58.251873 1.76890993118
59.726775 1.46848988533
61.30135 1.56849813461
62.675821 1.36833286285
64.115608 1.26822185516
65.441785 1.3184440136
66.967138 1.51848077774
68.292003 1.31819200516
69.717441 1.41833686829
71.106354 1.26834201813
72.431542 1.31815910339
73.80658 1.36833882332
75.131981 1.31839418411
76.406848 1.26820611954
77.681697 1.26813006401
78.956863 1.26814079285
80.331869 1.36831498146
81.975774 1.36828994751
83.30108 1.31825399399
84.626162 1.31832790375
85.851269 1.21804499626
87.094723 1.21818900108
88.319571 1.21811008453
89.895331 1.56872200966
91.12012 1.21808004379
92.666188 1.26809215546
93.891289 1.21808195114
95.407426 1.26821303368
96.583416 1.16802716255
97.944788 1.31817007065
99.219648 1.2681210041
100.544849 1.31817698479
101.819755 1.26815319061
103.020716 1.16805815697
104.295563 1.26808810234
105.620376 1.3181078434
106.945647 1.31823706627
108.170508 1.21808314323
109.495757 1.31824684143
110.670519 1.16804790497
111.895354 1.21806383133
113.329183 1.36820101738
114.703975 1.36832690239
116.379003 1.6688349247
117.953738 1.56854295731
119.528351 1.56844210625
121.053317 1.51848483086
122.577993 1.51850295067
124.053101 1.46859693527
125.528041 1.46848297119
127.358016 1.61868286133
128.784325 1.41842007637
130.209438 1.41834402084
131.684766 1.46848201752
133.010119 1.31829690933
134.33497 1.31811785698
136.161354 1.81927108765
137.483354 1.21806001663
138.758643 1.2682287693
140.033572 1.2681581974
141.308894 1.26823091507
142.526474 1.16808795929
143.851589 1.31813287735
145.377221 1.51855993271
146.602204 1.218075037
147.898838 1.16817998886
149.123812 1.21819591522
150.348762 1.21814107895
151.573929 1.21809196472
152.848776 1.26805281639
154.124163 1.26827692986
155.69965 1.56865000725
156.875081 1.16826105118
158.461135 1.2680990696
159.777469 1.2681248188
161.002325 1.21805214882
162.177469 1.16801691055
163.352353 1.16803503036
164.777931 1.41851186752
166.15303 1.36828899384
167.327751 1.16796112061
168.553021 1.2181699276
169.827834 1.26805686951
171.071821 1.21812701225
172.246722 1.16808700562
173.471647 1.2181251049
174.746991 1.268253088
176.021899 1.26812291145
177.246798 1.21809101105
178.568109 1.2182700634
179.943366 1.36842393875
181.118702 1.16814494133
182.530863 1.36822009087
183.755949 1.21806001663
185.131139 1.36839103699
186.556627 1.41848182678
187.816619 1.21809315681
189.155649 1.11796808243
190.281514 1.11788702011
191.706582 1.41832709312
192.881733 1.16800308228
194.106527 1.21805715561
195.281249 1.16792821884
196.606438 1.31815910339
197.731045 1.11788010597
198.994722 1.1679918766
200.320001 1.31822395325
201.444867 1.11809420586
202.670083 1.21811389923
203.895045 1.21817517281
205.069799 1.16792011261
206.194341 1.11778283119
207.369476 1.16796088219
208.594314 1.21807599068
209.76945 1.16795921326
211.14453 1.36821579933
212.269262 1.11791086197
213.394444 1.11800909042
214.61923 1.21795797348
215.894517 1.26821398735
217.169509 1.26816487312
218.425678 1.16803407669
219.9308 1.26841402054
221.056589 1.11791110039
222.281959 1.16821217537
223.506873 1.21810388565
224.682078 1.16807985306
225.806876 1.11792492867
226.982008 1.16806507111
228.006708 1.01784586906
229.182525 1.16824817657
230.207192 1.01785302162
231.281928 1.06792902946
232.40758 1.11821103096
233.606877 1.16790914536
234.932379 1.31840586662
236.107815 1.16823291779
237.315842 1.11801600456
238.39094 1.06797504425
239.465744 1.06792807579
240.641809 1.16807889938
241.766667 1.11795687675
242.892523 1.11828994751
244.117459 1.21813106537
245.242318 1.11799001694
246.617777 1.36833906174
247.792747 1.16814303398
248.967986 1.16807103157
250.288564 1.11800503731
251.465229 1.16829299927
252.590654 1.11816620827
253.765506 1.16804385185
254.99082 1.21816396713
256.308614 1.2182071209
257.383367 1.06781291962
258.508219 1.11800003052
259.734241 1.21851110458
260.909263 1.16810917854
262.084601 1.16820597649
263.209717 1.11800312996
264.384619 1.16802406311
265.709717 1.31824493408
266.885117 1.16816902161
267.960317 1.06788802147
269.085723 1.11823391914
270.310738 1.21813106537
271.53576 1.21809315681
272.661543 1.11822104454
273.88656 1.21806406975
275.396079 1.41859006882
276.470927 1.0679359436
277.596436 1.11825203896
278.722067 1.11807990074
279.796895 1.06785082817
281.063838 1.06802010536
282.189999 1.11800909042
283.264908 1.06799197197
284.340062 1.0679500103
285.71539 1.36843204498
286.94066 1.2183368206
288.015789 1.06797814369
289.240938 1.218282938
290.466398 1.21827197075
291.641623 1.16825294495
293.5749 1.56854581833
295.149744 1.56853890419
296.524925 1.36842489243
297.999812 1.46850013733
299.124704 1.11798381805
300.199854 1.06795907021
301.525211 1.3184299469
302.700661 1.16821193695
303.875704 1.16811108589
304.950541 1.06791996956
306.07572 1.11797404289
307.200681 1.11801695824
308.225852 1.01793599129
309.751377 1.51859116554
310.876355 1.11806702614
313.054226 1.61915016174
314.12984 1.06793284416
315.35521 1.21817994118
316.530212 1.1680419445
317.656838 1.1180999279
318.932013 1.26827001572
320.107438 1.16814208031
321.282495 1.1681189537
322.407613 1.11801600456
323.683143 1.26832699776
324.908273 1.21823906898
326.033951 1.11828899384
327.158921 1.11802315712
328.584308 1.41845607758
329.709568 1.11803388596
331.287005 1.41836595535
332.512136 1.2181789875
333.587326 1.06793618202
334.712547 1.11825704575
335.937979 1.2181699276
337.06361 1.11828994751
338.189121 1.11825585365
339.364525 1.16817712784
340.539597 1.1680829525
341.614911 1.06807994843
342.989863 1.16821503639
344.216379 1.21844100952
345.291341 1.06797003746
346.316191 1.01789999008
347.542876 1.21831798553
349.279431 1.46859312057
350.804304 1.51853299141
352.279224 1.46850991249
353.905063 1.61892199516
355.279652 1.36819982529
356.754729 1.46846318245
358.129658 1.36824989319
359.50441 1.36836004257
361.029282 1.51852488518
362.554396 1.5184841156
364.029104 1.46833300591
365.454088 1.4185051918
366.930126 1.46841001511
368.454838 1.51842212677
369.929801 1.46859812737
371.25452 1.31812000275
372.894439 1.46859002113
374.22292 1.11829519272
375.299297 1.06812286377
376.474334 1.16806507111
377.649778 1.16815590858
378.825058 1.168227911
380.022526 1.16812419891
381.147942 1.11815190315
382.27296 1.11805510521
383.448379 1.16813516617
384.523359 1.06798696518
385.719826 1.16810083389
386.895196 1.16808509827
388.220617 1.31840896606
389.446071 1.21818804741
391.126467 1.41846084595
392.20191 1.06798601151
393.27696 1.06794404984
394.502086 1.21816897392
395.677639 1.16819095612
396.852791 1.16815280914
398.178466 1.3183400631
399.453763 1.26830887794
400.578839 1.11805891991
401.654225 1.06797289848
402.779181 1.11794710159
404.054935 1.26840400696
405.331879 1.06802296638
406.408058 1.06807184219
407.432955 1.01788020134
409.225571 1.61859989166
410.350521 1.11796402931
411.47549 1.11789393425
412.602895 1.11826705933
413.749005 1.11799883842
414.974092 1.21803808212
416.164536 1.16791510582
417.290157 1.1181230545
418.465281 1.16807794571
419.891205 1.41859006882
421.166749 1.26827406883
422.342059 1.16827011108
423.517569 1.16822290421
424.662664 1.11809515953
426.152583 1.31842303276
427.377614 1.21844696999
428.702729 1.3184530735
429.928114 1.21845293045
431.252744 1.31828808784
432.577342 1.31819105148
434.103093 1.5187728405
435.527881 1.41843700409
436.948215 1.21831178665
438.12475 1.16832590103
439.299956 1.16820287704
440.719116 1.11810708046
441.844344 1.1182820797
443.020026 1.16842722893
444.246065 1.21845602989
445.622071 1.36873221397
447.232064 1.4184179306
448.80701 1.56859707832
450.33195 1.5184969902
451.857113 1.51862502098
453.431978 1.56845998764
454.906983 1.46844696999
456.232512 1.31856703758
457.807973 1.56884717941
459.332878 1.51850700378
460.757817 1.41829299927
462.432997 1.66875314713
463.807543 1.36822509766
465.218466 1.36853981018
466.593441 1.36852407455
468.266489 1.46876907349
469.894682 1.61873793602
471.171567 1.11822390556
472.34678 1.16812109947
473.471836 1.11804795265
474.597418 1.11816692352
475.82276 1.2182469368
476.848714 1.01803398132
478.075085 1.21854996681
479.300567 1.21817183495
480.426154 1.11818289757
481.602003 1.16837596893
482.801164 1.16807699203
484.026965 1.21836805344
485.152068 1.11804103851
486.32814 1.16826105118
487.403301 1.06811594963
488.635291 1.11806917191
489.961229 1.3185069561
490.986166 1.01786398888
492.111284 1.11802411079
493.236809 1.11810493469
494.412467 1.16832494736
495.588115 1.16823101044
496.71373 1.1182410717
497.689272 0.968072891235
499.017196 1.06824612617
500.143658 1.11816692352
501.469188 1.31844878197
502.594394 1.11794495583
503.820111 1.21829605103
505.14575 1.31843781471
506.515796 1.26837301254
507.591823 1.06848597527
508.768161 1.16848993301
509.944095 1.16841387749
511.069732 1.11820006371
512.095157 1.01796483994
513.421319 1.31867694855
514.497126 1.06821513176
515.623421 1.11829686165
516.798855 1.16836309433
517.774434 0.968033075333
518.999838 1.21829390526
520.074994 1.06802511215
521.100403 1.01795506477
522.175776 1.06811213493
523.379131 1.16824579239
524.703761 1.21818709373
525.778867 1.0680398941
526.804151 1.01794695854
527.930715 1.11829710007
529.006092 1.06804919243
530.200002 1.01792383194
531.226678 1.01803612709
532.302283 1.06816792488
533.328115 1.01809978485
534.497099 1.11813688278
535.597079 1.06786179543
536.672387 1.0680167675
537.998452 1.31865000725
539.174533 1.16841101646
540.299796 1.11805295944
541.374675 1.06785106659
542.5895 1.11813592911
543.614387 1.01781010628
544.689407 1.06793189049
545.664754 0.967841148376
546.740299 1.06813192368
547.765735 1.01799201965
548.89183 1.11828303337
549.967363 1.06811380386
551.042868 1.06814813614
552.168201 1.11796593666
553.243141 1.06783485413
554.368545 1.11808300018
555.443759 1.06811308861
556.491386 1.01779603958
557.567453 1.06833600998
558.643087 1.06820607185
559.937195 1.1683921814
561.317777 1.11794805527
562.494733 1.16836905479
563.619867 1.11807203293
564.845111 1.21813321114
565.920432 1.0679500103
566.996071 1.06822419167
568.122151 1.11830401421
569.197758 1.0681450367
570.273248 1.06806612015
571.349535 1.0682489872
572.374752 1.01787805557
573.383527 0.967886924744
574.4587 1.06801605225
575.433513 0.967748165131
576.408804 0.967901945114
577.568711 1.06791305542
578.894554 1.31836509705
580.069735 1.16808009148
581.195818 1.11806797981
582.220767 1.01781487465
583.195684 0.967788934708
584.271007 1.06792902946
585.396364 1.1180369854
586.421695 1.01786994934
587.44664 1.0178360939
588.521744 1.06794905663
589.59742 1.06811499596
590.67246 1.06792211533
592.051256 1.11816287041
593.177736 1.11804485321
594.152589 0.967732906342
595.221676 0.967764139175
596.297357 1.06816601753
597.423145 1.11830306053
598.449099 1.01812005043
599.574618 1.1181371212
600.670747 1.06808400154
601.695991 1.0178091526
602.670969 0.967858076096
603.746541 1.06813979149
604.771575 1.0178630352
605.881895 1.06794118881
606.957478 1.0680770874
608.082612 1.11798191071
609.157979 1.06802916527
610.233653 1.06822395325
611.258622 1.01783514023
612.317134 0.967847824097
613.442676 1.11796188354
614.518424 1.06818294525
615.794835 1.26860308647
616.889905 1.06812810898
617.915555 1.01808190346
619.091581 1.16817903519
620.217353 1.118268013
621.292472 1.06796193123
622.634656 1.11799097061
623.711329 1.06826996803
624.736807 1.01801204681
625.812088 1.06809687614
626.937657 1.118090868
627.96276 1.01788711548
628.938236 0.96790599823
630.056728 1.01811289787
631.131836 1.06793618202
632.207405 1.06805419922
633.182357 0.967782974243
634.157334 0.967738866806
635.232961 1.06798315048
636.308115 1.06798887253
637.333164 1.01787614822
638.426049 1.06788182259
639.501192 1.06792712212
640.526834 1.01810002327
641.501837 0.967793941498
642.527484 1.01810216904
643.679424 1.11833405495
644.705052 1.01815104485
645.813268 1.01776981354
646.788553 0.967747926712
647.81351 1.01775312424
648.864428 1.01797389984
650.240012 1.3683719635
651.265121 1.01791501045
652.490929 1.21817016602
653.727053 1.01802802086
654.739651 0.967804908752
655.714541 0.967693090439
656.839911 1.11813902855
657.9152 1.06787395477
658.940281 1.01792502403
660.015894 1.06801199913
661.041069 1.01802492142
662.066124 1.01782202721
663.330864 1.16815400124
664.356923 1.01801395416
665.357078 0.967990875244
666.382708 1.01804614067
667.508041 1.11811709404
668.483052 0.967801094055
669.608735 1.1180729866
670.834266 1.21834588051
671.859409 1.01785182953
672.985082 1.11808800697
674.010208 1.01790785789
675.436345 1.4185988903
676.561589 1.11807203293
677.686869 1.11807012558
678.962807 1.26840996742
679.987975 1.01793193817
681.762658 1.36842489243
683.387897 1.61869215965
684.876302 1.26836299896
686.20475 1.31840181351
687.229897 1.01788210869
688.255369 1.01793885231
689.230501 0.967789173126
690.305746 1.06801104546
691.331029 1.01778817177
692.356204 1.01793289185
693.478033 1.06807208061
694.603503 1.11814808846
695.678586 1.06788897514
696.804246 1.11808204651
697.780319 0.967741012573
699.003868 1.16808199883
700.834156 1.46865606308
701.859546 1.01802396774
703.085377 1.21821713448
704.160641 1.0679910183
705.186151 1.01801013947
706.262292 1.06810688972
707.337645 1.06805896759
708.412892 1.06793785095
709.488499 1.06800293922
710.51362 1.01776814461
711.739391 1.21817016602
712.764557 1.01792097092
713.789749 1.01792097092
715.077039 1.01799821854
716.203564 1.1180999279
717.228902 1.01796317101
718.827913 1.31841611862
720.403199 1.56867408752
721.978634 1.56856393814
723.453729 1.46845197678
724.829214 1.36861896515
726.204511 1.36840581894
727.579333 1.3682320118
729.104402 1.5185110569
730.531571 1.41852498055
732.10702 1.56864118576
733.532107 1.41847395897
735.057953 1.51868486404
736.533017 1.46844792366
738.008113 1.46845698357
739.43332 1.41832399368
740.908436 1.46853208542
742.499882 1.31878304482
743.62532 1.11799502373
744.801091 1.16816091537
746.268961 1.1682639122
747.245434 0.967948913574
748.270856 1.0180439949
749.397903 1.11817002296
750.823722 1.41850495338
751.899053 1.06800103188
752.875267 0.96821808815
753.901081 1.01817703247
754.977551 1.06862092018
756.053248 1.06817698479
757.078444 1.01783680916
758.304901 1.21846103668
759.743732 1.26842093468
760.819088 1.06804394722
762.122532 1.26827192307
763.198077 1.06790804863
764.323336 1.11794304848
765.449063 1.118090868
766.524276 1.0678999424
767.62163 1.06786203384
768.647098 1.01781105995
769.872674 1.21821379662
770.998434 1.11812901497
771.973684 0.967787981033
773.157227 1.11800813675
774.232882 1.0680038929
775.208605 0.968037843704
776.49422 1.06813693047
778.619316 1.76887202263
780.244919 1.61859703064
781.670017 1.41844797134
783.195103 1.51841211319
784.721874 1.51857495308
786.247092 1.5185508728
787.622169 1.36844587326
788.947468 1.31830000877
790.372622 1.41849184036
791.797798 1.41849303246
793.173104 1.36829280853
794.648232 1.46851611137
795.923347 1.26829814911
797.348715 1.41840720177
798.824199 1.46884202957
800.299356 1.46847105026
802.072964 1.56879496574
803.098546 1.01796507835
804.223981 1.11806988716
805.349745 1.11838006973
806.325328 0.967862844467
807.668958 1.06825494766
808.783851 1.06820702553
809.80913 1.01795697212
810.834259 1.01779603958
811.859822 1.01796197891
812.985316 1.11816096306
814.010811 1.0179131031
815.086593 1.0684568882
816.111862 1.01789903641
817.238067 1.1182179451
818.463631 1.2182199955
819.663702 1.01792001724
820.83905 1.16832900047
822.217114 1.36880898476
823.392573 1.16849207878
824.667687 1.26836800575
825.84286 1.1681599617
827.068018 1.21833515167
828.142844 1.0681180954
829.318108 1.16825795174
830.543234 1.2183599472
831.918328 1.36838698387
833.24373 1.31840896606
834.518815 1.26837706566
835.643936 1.11812400818
836.848106 1.1683049202
838.45222 1.41857886314
839.84535 1.0179541111
840.920266 1.06798791885
842.195224 1.26826810837
843.570806 1.36859893799
844.698097 1.1180870533
845.823602 1.11807394028
846.848913 1.01789689064
848.075336 1.21840000153
849.100582 1.01784110069
850.276405 1.16812205315
851.301672 1.0178771019
852.377378 1.06830406189
853.432087 1.01796793938
854.507907 1.06810188293
855.583758 1.06812691689
