2.450743 1.86878681183
4.027673 1.56864905357
5.303146 1.26844501495
6.946475 1.61857700348
8.321113 1.36825203896
9.746045 1.41874599457
11.320994 1.56859779358
12.746108 1.41840910912
14.371395 1.61853313446
15.746711 1.36828303337
17.121293 1.36831998825
18.496745 1.36842918396
19.92195 1.41845083237
21.397188 1.46846699715
22.722407 1.31820702553
24.247704 1.51851201057
25.732367 1.3684399128
27.007712 1.26832485199
28.332831 1.31832909584
29.808462 1.46849894524
31.083677 1.26842308044
32.532518 1.26848912239
33.809131 1.26835489273
35.084142 1.26836895943
36.409496 1.31837797165
37.834743 1.41853785515
39.159908 1.31849312782
40.485266 1.31835913658
41.860482 1.36848020554
43.18589 1.31844115257
44.511002 1.31843709946
45.836233 1.31834697723
47.27325 1.36849617958
48.59784 1.31846094131
50.172652 1.56864285469
51.597718 1.41862797737
53.07281 1.46864914894
54.59791 1.51874089241
56.022574 1.41852498055
57.447269 1.41857886314
58.972421 1.51865720749
60.397068 1.41853189468
61.671432 1.26828598976
63.214592 1.36861586571
64.841156 1.61881089211
66.366458 1.5185611248
67.891824 1.51864886284
69.26714 1.36836099625
70.739471 1.36873102188
72.164359 1.41843891144
73.689145 1.51862597466
75.164167 1.4688179493
76.539015 1.36846804619
78.063804 1.51860594749
79.538309 1.46840500832
80.913281 1.36850905418
82.337855 1.4184551239
83.712534 1.36859583855
85.137537 1.41855716705
86.462158 1.31843400002
88.037413 1.56912708282
89.612187 1.56870102882
91.037125 1.41857194901
92.361668 1.31833720207
94.018426 1.26861286163
95.3444 1.31843400002
96.620501 1.26862597466
97.995783 1.36851382256
99.271273 1.268419981
100.546496 1.26841902733
101.82167 1.26837110519
103.197359 1.36851406097
104.472669 1.26855301857
105.747766 1.26835012436
107.073277 1.31833815575
108.348649 1.2685520649
109.674278 1.31852388382
110.899506 1.21828508377
112.124698 1.21832990646
113.350186 1.21836590767
114.696391 1.16818118095
115.971938 1.26847887039
117.197015 1.21828484535
118.422495 1.21836805344
119.697672 1.2684109211
120.972789 1.26835298538
122.148301 1.16842103004
123.323588 1.16847586632
124.757646 1.16829180717
125.933942 1.16824388504
127.159046 1.21830105782
128.334571 1.16830897331
129.5097 1.16831994057
130.735202 1.21849107742
131.810477 1.06823205948
132.985602 1.16829204559
134.281108 1.16820001602
135.406472 1.11827707291
136.531486 1.11817908287
137.706973 1.16835618019
138.832099 1.11827778816
140.057398 1.21833491325
141.182325 1.11814904213
142.307744 1.11825799942
143.432791 1.11823010445
144.608386 1.16843080521
145.733484 1.11829209328
146.808386 1.06804990768
147.983774 1.16827702522
149.108837 1.11822891235
150.234321 1.11836791039
151.459452 1.21834588051
152.698527 1.11812400818
153.873868 1.1682369709
155.273398 1.11837601662
156.399824 1.11826515198
157.574953 1.16833591461
158.700173 1.11833620071
159.875613 1.16829013824
161.050754 1.16829109192
162.276241 1.21837711334
163.551536 1.26841521263
164.730154 1.16825199127
165.905593 1.16834306717
167.080823 1.1683909893
168.256803 1.16833686829
169.482001 1.21836400032
170.607165 1.11821103096
172.164439 1.41888093948
173.689704 1.51874494553
174.914343 1.21838903427
176.339145 1.41860795021
177.763868 1.41844892502
179.089137 1.31870412827
180.564025 1.4686870575
182.139071 1.56878685951
183.664444 1.51882815361
185.089205 1.41854691505
186.939941 1.56878018379
188.266394 1.31842708588
189.741835 1.46859717369
191.117428 1.36854720116
192.692949 1.5687251091
194.068288 1.36851906776
195.417736 1.21832990646
196.642961 1.21832203865
197.868644 1.21846199036
199.075147 1.16827893257
200.200104 1.11812710762
201.325471 1.11824703217
202.550637 1.21830201149
203.676055 1.11824584007
204.801462 1.1181781292
206.076632 1.26834893227
207.202112 1.11830019951
208.427249 1.21829485893
209.652502 1.21840786934
210.727736 1.06806707382
211.952978 1.21839809418
213.178464 1.21834015846
214.462142 1.1682498455
215.587581 1.11827707291
216.954785 1.11815309525
218.181379 1.21856212616
219.306532 1.1181781292
220.481616 1.16825294495
221.657312 1.16831493378
222.782345 1.11820316315
223.907936 1.11845207214
225.083011 1.16820502281
226.358391 1.26855802536
227.533779 1.1682100296
228.708865 1.16821599007
229.834364 1.11827111244
231.009516 1.16830611229
232.171704 1.11814308167
233.514566 1.21822595596
234.690008 1.16824412346
235.965252 1.26839709282
237.190819 1.21837282181
238.31591 1.11814594269
239.49109 1.16819405556
240.716709 1.21836495399
241.941886 1.21832299232
243.067688 1.11820292473
244.192714 1.11816811562
245.417839 1.21821403503
246.59339 1.16833591461
247.95476 1.11823296547
249.131178 1.16835284233
250.356431 1.21837997437
251.581646 1.21831989288
253.318792 1.51862502098
254.743616 1.41859602928
256.218435 1.46858811378
257.793584 1.56872606277
259.218254 1.41847109795
260.692978 1.46855902672
262.218057 1.5186009407
263.642795 1.4185218811
265.01748 1.3684720993
266.594012 1.56879901886
268.219177 1.61892795563
269.693897 1.46849799156
271.319223 1.61882090569
272.694035 1.36852312088
274.01884 1.31849908829
275.49404 1.46864295006
276.772454 1.11821007729
277.948071 1.16831707954
279.296736 1.11845493317
280.523302 1.21839809418
281.74871 1.21850204468
282.873907 1.11825799942
283.999431 1.11832785606
285.174715 1.16827297211
286.300329 1.11838102341
287.575739 1.26847481728
288.750985 1.16827082634
289.926556 1.16831088066
291.051807 1.11828708649
292.177331 1.11829018593
293.352723 1.16839790344
294.628073 1.26839089394
296.2857 1.51867794991
297.810581 1.51858592033
299.185446 1.36833715439
300.760669 1.56883597374
302.337624 1.56882596016
303.712663 1.36856508255
305.137436 1.41844987869
306.762697 1.61893510818
308.338209 1.56890702248
310.037773 1.51872396469
311.514442 1.46857190132
312.939875 1.41855597496
314.365362 1.41856002808
315.791007 1.41849398613
317.366595 1.5687019825
318.942951 1.56888699532
320.286762 1.21847891808
321.411922 1.11817312241
322.537424 1.11824393272
323.762721 1.21837210655
324.937874 1.16819787025
326.113621 1.16846394539
327.289056 1.16850113869
328.514742 1.21843695641
329.84041 1.3186750412
331.015671 1.16830611229
332.241342 1.21839213371
333.466652 1.21836185455
334.641808 1.16822004318
335.767309 1.11824798584
336.942681 1.1683819294
338.118323 1.16835999489
339.845271 1.51881790161
341.588772 1.51874113083
342.915392 1.3185532093
344.491213 1.56878805161
345.966697 1.46862602234
347.342396 1.36855506897
348.71779 1.36848497391
350.143585 1.41862297058
351.619204 1.46875786781
352.994534 1.36841416359
354.570574 1.5688688755
355.995942 1.4185230732
357.321656 1.31857395172
358.597248 1.26875114441
360.122688 1.51859402657
361.598834 1.46896886826
