2.126619 1.51827716827
3.502475 1.36822986603
4.877752 1.36824703217
6.352928 1.46842908859
7.578038 1.21812295914
9.052629 1.46841788292
10.578091 1.51842904091
12.052693 1.46836900711
13.527229 1.46836709976
15.452655 1.91891312599
17.077972 1.61854410172
18.452537 1.36831998825
20.128198 1.66860485077
21.653411 1.51839518547
23.028258 1.36834907532
24.453386 1.4182870388
25.934104 1.36841511726
27.509158 1.56856489182
28.833754 1.31836295128
30.15875 1.31845998764
31.683765 1.51852989197
33.331997 1.46849703789
34.75848 1.41857814789
36.183767 1.41858386993
37.709516 1.51870417595
39.084858 1.36857104301
40.560118 1.46852207184
41.836591 1.26824498177
43.262012 1.41862797737
44.837671 1.56864500046
46.463212 1.61882305145
47.988916 1.51893115044
49.379038 1.2683429718
50.704337 1.31829118729
51.979529 1.26829600334
53.254586 1.26825809479
54.530378 1.2683031559
55.705343 1.16820406914
56.880686 1.16822290421
58.105911 1.21829009056
59.381052 1.26839590073
60.606379 1.2183110714
61.981701 1.36854696274
63.382123 1.21827793121
64.708644 1.31851196289
65.983742 1.26836180687
67.258894 1.26836299896
68.484057 1.21814084053
69.828123 1.21831798553
71.304018 1.46884298325
72.629305 1.31851005554
73.854796 1.21842098236
75.029829 1.16818618774
76.204777 1.16820478439
77.430107 1.21823596954
78.655032 1.21817302704
79.880033 1.21821117401
81.105445 1.2182598114
82.330382 1.21819806099
83.605815 1.26836514473
84.83088 1.2182970047
86.056048 1.2184150219
87.231291 1.168156147
88.456214 1.21815681458
89.841089 1.26839590073
91.166574 1.31840801239
92.391632 1.21821498871
93.732995 1.11817502975
94.959526 1.218501091
96.184576 1.21824407578
97.410512 1.21860814095
98.68571 1.26844787598
99.960953 1.26831889153
101.286395 1.31838202477
102.511781 1.21857404709
103.887378 1.36850118637
105.062473 1.16826319695
106.387615 1.31837701797
107.563006 1.16836500168
108.83815 1.26831102371
110.175525 1.21827697754
111.450739 1.26841211319
112.625706 1.16810178757
113.80115 1.1683409214
115.076327 1.26833820343
116.351924 1.26846694946
117.627035 1.26829004288
118.852082 1.21818184853
120.077683 1.21848511696
121.302871 1.21834087372
122.478197 1.16817593575
123.753344 1.26828885078
125.194628 1.26829791069
126.420936 1.21832203865
127.595885 1.16814398766
128.821681 1.21827197075
130.082218 1.11820697784
131.257224 1.16817188263
132.432747 1.16837501526
133.758046 1.31832885742
134.983722 1.21853685379
136.158737 1.16819381714
137.383944 1.21814799309
138.609691 1.21824598312
139.834867 1.21835112572
140.959829 1.11814498901
142.185405 1.21831583977
143.360434 1.16822385788
144.585856 1.21830391884
145.760944 1.16830801964
146.986054 1.21830391884
148.211499 1.21831321716
149.550022 1.21836781502
150.725912 1.16823506355
151.951008 1.21827101707
153.141233 1.16838788986
154.36636 1.21829390526
155.74422 1.16817808151
156.870085 1.11800885201
158.045056 1.16821694374
159.220401 1.16820478439
160.395486 1.16828417778
161.570762 1.16819381714
162.74564 1.16808414459
163.920957 1.16819381714
165.095913 1.16812705994
166.270858 1.16811704636
167.395912 1.11801409721
168.68968 1.16826295853
169.864736 1.16819310188
171.089866 1.21823596954
172.215153 1.11812710762
173.39034 1.16836380959
174.515308 1.11808490753
175.640444 1.11805582047
176.765385 1.11805295944
177.940735 1.16816902161
179.165954 1.21840906143
180.340881 1.16806101799
181.516364 1.16826295853
182.641417 1.11810398102
183.816829 1.168186903
185.042053 1.21839189529
186.387142 1.1682510376
