2.035182 1.61864995956
3.511797 1.46829605103
4.986903 1.46823310852
6.511496 1.51840782166
7.936713 1.41828894615
9.511356 1.56844186783
10.737181 1.21809983253
12.111503 1.36811995506
13.567827 1.41838407516
14.943185 1.36830592155
16.417659 1.46829605103
17.843024 1.41828989983
19.067413 1.2179749012
20.342357 1.26810193062
21.967583 1.61874294281
23.44284 1.46846008301
25.017032 1.51854014397
26.341573 1.31834411621
27.71631 1.36829090118
29.090947 1.3684220314
30.465508 1.36831903458
32.060362 1.41847300529
33.436644 1.36839795113
34.761615 1.31834793091
36.187595 1.41843986511
37.812986 1.61871385574
39.288058 1.46841406822
40.813627 1.51854610443
42.238919 1.41864299774
43.664281 1.41841483116
45.189532 1.51860189438
46.664867 1.46853494644
48.09063 1.31837201118
49.465685 1.36833691597
50.740709 1.26832103729
52.066073 1.31825304031
53.341054 1.26823496819
54.616415 1.26833605766
55.841318 1.21817684174
57.166395 1.31836700439
58.441699 1.26827406883
59.666698 1.218282938
60.942039 1.26830101013
62.392337 1.26824903488
63.618389 1.2182559967
64.843218 1.2181661129
66.118162 1.26815605164
67.443474 1.31833910942
68.672349 1.11816716194
69.94771 1.26835799217
71.222627 1.26818990707
72.548023 1.31828308105
73.772939 1.21815514565
75.097919 1.31829690933
76.373668 1.2685739994
77.649124 1.26838994026
78.924473 1.26849913597
80.30001 1.36841917038
81.625066 1.31831884384
82.900486 1.26838898659
84.136919 1.21832609177
85.41194 1.26827692986
86.63735 1.21831393242
87.862862 1.21846699715
89.502721 1.51877880096
90.827821 1.31861400604
92.303357 1.46882200241
93.726568 1.26848912239
95.203942 1.46899390221
96.429389 1.21852588654
98.156266 1.71940898895
99.68181 1.51876616478
101.157242 1.46865105629
102.734697 1.56890106201
104.159776 1.41834712029
105.435417 1.26853609085
106.810503 1.36831212044
108.436034 1.6187620163
109.811644 1.36856389046
111.187191 1.3685438633
112.511452 1.21825480461
113.687551 1.16833496094
114.862582 1.16818094254
116.087619 1.21824502945
117.262952 1.16824102402
118.538052 1.2683069706
119.663381 1.11820697784
120.888583 1.21835494041
122.063626 1.16823005676
123.239634 1.16859984398
124.676656 1.268627882
125.80339 1.1183950901
126.928491 1.11825084686
128.104016 1.16840600967
129.279912 1.16842293739
130.605709 1.31866288185
132.039279 1.3184709549
133.464092 1.41853189468
135.039632 1.56883311272
136.564886 1.51876401901
137.890218 1.31860899925
139.466041 1.56894207001
140.941474 1.46891498566
142.567358 1.61918997765
144.142734 1.5687918663
145.667563 1.51860904694
147.042121 1.36830186844
148.616836 1.56861305237
150.193233 1.56881213188
151.467772 1.26837587357
153.043276 1.56901717186
154.469028 1.41892313957
156.07882 1.31879687309
157.204808 1.11815094948
158.379852 1.16812586784
159.505253 1.11814308167
160.680354 1.16821312904
161.95576 1.26827597618
163.030553 1.06795787811
164.205634 1.1682240963
165.481064 1.268253088
166.656035 1.16811513901
167.881932 1.21839594841
169.107381 1.21834993362
170.232667 1.11836194992
171.357896 1.11816096306
172.63374 1.26867699623
173.809068 1.16823101044
175.026411 1.1180999279
176.152055 1.11826705933
177.277528 1.11828303337
178.403311 1.11828994751
179.528872 1.11833405495
180.653708 1.11798405647
181.778956 1.11807584763
182.853847 1.06803798676
183.9791 1.1181409359
185.104031 1.11808800697
186.468387 1.21830701828
187.694986 1.21843099594
188.770003 1.06805586815
189.945683 1.16838812828
191.121039 1.16835784912
192.346525 1.21846699715
193.524584 1.0682721138
194.600312 1.0684530735
195.726224 1.11836099625
196.901892 1.16843318939
198.027469 1.11829686165
199.153376 1.11839604378
200.27841 1.11810207367
201.503642 1.21820402145
202.630251 1.11846590042
203.856061 1.21852993965
205.032035 1.16843914986
206.157149 1.118227005
207.432961 1.26856899261
208.658995 1.21847105026
209.734442 1.06819105148
210.909797 1.1681830883
212.076217 1.06811594963
213.152074 1.06827998161
214.277077 1.11809921265
215.502582 1.21831798553
216.785151 1.06832098961
217.961883 1.16838502884
219.136952 1.16809082031
220.312148 1.1683280468
221.487539 1.16822195053
222.562338 1.06792092323
223.688274 1.11837601662
224.813256 1.11811995506
225.938125 1.11804795265
227.163522 1.21826314926
228.238428 1.06808805466
229.377426 1.11818909645
230.598642 1.11816883087
231.774015 1.16819214821
233.049214 1.26832103729
234.224752 1.16833400726
235.350478 1.11843204498
236.425861 1.06815505028
237.501749 1.06827497482
238.677437 1.16846704483
239.853137 1.16843700409
240.979003 1.11824297905
242.154516 1.16829800606
243.330329 1.1684319973
244.555874 1.21843695641
245.630723 1.06794404984
246.806079 1.16817784309
248.116539 1.11838197708
249.348148 1.11810708046
250.423351 1.06794691086
251.498152 1.06792807579
252.673584 1.16823983192
253.848795 1.16825509071
255.073836 1.21814703941
256.149173 1.06805992126
257.37433 1.21822500229
258.499805 1.11825799942
259.625479 1.11838912964
260.851232 1.21848893166
262.026875 1.16834306717
263.153062 1.11834597588
264.278781 1.11834692955
265.605561 1.31858611107
266.731228 1.11833691597
268.001932 1.16820311546
269.1774 1.16819906235
270.352559 1.16816616058
271.528032 1.16825413704
272.703434 1.1683318615
274.079041 1.36852002144
275.304566 1.21831297874
276.479598 1.16805791855
277.706018 1.21839189529
279.066056 1.21836614609
280.242301 1.16820788383
281.267301 1.01805901527
282.393151 1.11846089363
283.619262 1.21850299835
284.794641 1.16838598251
285.919912 1.11812806129
287.197973 1.16825795174
288.373568 1.16848897934
289.399208 1.01828598976
290.474692 1.0681540966
291.499843 1.01811695099
292.725773 1.21850705147
293.851591 1.11848115921
294.927157 1.06818985939
296.002529 1.06814718246
297.077523 1.06800198555
298.152965 1.06817698479
299.278227 1.118268013
300.403971 1.11840486526
301.530021 1.11832213402
302.705785 1.16847491264
303.831469 1.11828804016
305.051369 1.11805295944
306.126817 1.06820011139
307.251937 1.11815500259
308.277408 1.01811695099
309.473613 0.967995166779
310.550658 1.06848978996
311.626317 1.06834602356
312.702099 1.06850409508
313.877633 1.16831994057
314.952785 1.06819009781
316.078889 1.11844301224
317.103893 1.01804685593
318.179379 1.06824111938
319.254559 1.06805205345
320.329544 1.06801795959
321.404999 1.06815600395
322.745625 1.21888899803
323.971185 1.21838998795
325.146228 1.16809391975
326.271505 1.11810398102
327.396619 1.11809778214
328.522017 1.11815810204
329.596956 1.06796193123
330.672314 1.06811881065
331.797351 1.11809301376
332.822235 1.01795911789
333.947789 1.11814284325
334.972739 1.01799607277
336.098133 1.11815690994
337.17308 1.06797289848
338.198001 1.01789689064
339.323691 1.11814308167
340.730557 1.11824297905
341.906804 1.16829705238
343.03192 1.11816096306
344.156913 1.11800694466
345.182816 1.01803207397
346.207675 1.01791596413
347.233161 1.01811385155
348.308181 1.06806588173
349.388678 1.0681180954
350.564109 1.1681599617
351.639162 1.06802892685
352.714085 1.06790590286
353.789477 1.06805896759
354.864927 1.06838297844
356.040636 1.1682779789
357.115666 1.06803393364
358.757066 1.51886105537
360.232004 1.46852111816
361.456647 1.21823787689
362.682075 1.21846604347
364.107138 1.41850590706
365.73236 1.6187980175
367.257785 1.51867794991
368.782969 1.5187959671
370.157879 1.36849999428
371.781725 1.41851902008
373.108343 1.31852412224
374.583922 1.46854496002
376.259783 1.66884684563
377.935966 1.66886401176
379.261382 1.31839609146
380.587084 1.31841087341
