2.28621 1.86878800392
3.76292 1.46838402748
5.137749 1.36810994148
6.828812 1.41852498055
8.153088 1.31812095642
9.528803 1.36827111244
10.853235 1.318171978
12.027376 1.16791892052
13.602897 1.56850600243
15.027508 1.418405056
16.652299 1.61862707138
18.177778 1.51842212677
19.602525 1.41846513748
20.926998 1.31827902794
22.502179 1.56878805161
23.927392 1.41840195656
25.197308 1.16816091537
26.423164 1.21839809418
27.548089 1.1180741787
28.823373 1.26813721657
30.048569 1.21835708618
31.273415 1.21805000305
32.65014 1.16808509827
33.937548 1.21814799309
35.16251 1.21828198433
36.337633 1.1681702137
37.562486 1.21814393997
38.787396 1.21818804741
40.012611 1.21826577187
41.187763 1.16842389107
42.412958 1.21823596954
43.587759 1.16806292534
45.501465 1.81914305687
46.976327 1.46870589256
48.451316 1.46868920326
49.926187 1.46848607063
51.651294 1.71893787384
52.975766 1.31833291054
54.350122 1.36825704575
55.7764 1.41850495338
57.401344 1.61882615089
58.725767 1.31830000877
60.000435 1.26815986633
61.525269 1.51868605614
63.193448 1.41854405403
64.670198 1.46866106987
65.995707 1.31858205795
67.571056 1.56865715981
68.951693 1.26829504967
70.177635 1.21854901314
71.402937 1.21854090691
72.628324 1.21836400032
73.803996 1.16850996017
75.079554 1.2685918808
76.40501 1.318379879
77.630045 1.21825814247
78.805101 1.1683409214
80.030595 1.21830511093
81.206084 1.16841983795
82.432066 1.21851396561
83.707746 1.26858496666
84.932726 1.21821594238
86.158101 1.21828103065
87.38322 1.21827793121
89.123216 1.61900687218
90.598228 1.46859097481
92.022908 1.4184679985
93.685216 1.41888189316
95.11201 1.41875696182
96.587799 1.46881699562
98.214111 1.61889100075
99.68968 1.46879291534
101.115096 1.41861701012
102.891334 1.76917099953
104.366815 1.46869707108
105.892612 1.51876497269
107.468516 1.56886792183
109.044049 1.56876802444
110.519895 1.46875
111.895686 1.36881089211
113.170218 1.1684088707
114.395278 1.21824288368
115.620972 1.21862006187
116.846118 1.21828794479
118.271494 1.41851902008
119.547242 1.26867389679
120.722367 1.1683280468
121.947869 1.21835017204
123.173563 1.21874713898
124.608399 1.26861810684
125.785318 1.16836094856
126.910471 1.11836194992
128.08591 1.16836500168
129.260965 1.16827583313
130.436025 1.16828608513
131.711775 1.26861000061
133.351452 1.56882286072
134.976928 1.61890888214
136.451861 1.46866393089
137.976724 1.51864004135
139.451588 1.46864795685
140.977455 1.51871919632
142.403094 1.41925811768
143.778036 1.36869907379
145.354417 1.56920790672
146.779279 1.41861486435
148.404987 1.61907505989
150.080813 1.66925191879
151.556951 1.46901297569
153.081953 1.51876688004
154.657469 1.56905007362
156.343853 1.4687371254
157.648405 1.1684319973
158.823693 1.16822695732
159.99882 1.16827297211
161.174169 1.16825795174
162.299724 1.11838793755
163.474979 1.1681599617
164.700296 1.21852207184
165.875798 1.16841197014
167.050939 1.16826200485
168.225915 1.16812181473
169.401388 1.16829299927
170.627258 1.21867990494
172.052842 1.41867184639
173.278548 1.21836805344
174.704468 1.41881895065
175.980029 1.26844382286
177.519757 1.41858696938
179.094763 1.56873297691
180.769823 1.66879105568
182.194813 1.41850614548
183.719686 1.51867389679
185.444867 1.71895599365
187.059033 1.36864709854
188.535863 1.46866106987
189.961567 1.41879487038
191.337075 1.36845111847
192.863042 1.51880502701
194.338821 1.46896719933
195.766042 1.41871213913
197.241539 1.46863222122
198.86723 1.61889719963
200.243175 1.36857199669
201.619784 1.26871395111
202.794992 1.16829895973
204.020526 1.21839904785
205.195651 1.16823792458
206.520882 1.3183631897
207.697711 1.16864109039
208.923073 1.21840310097
210.098514 1.16828608513
211.274096 1.16836810112
212.499267 1.21824598312
213.724722 1.21828699112
214.949955 1.2183368206
216.226162 1.26861596107
217.727841 1.26863718033
218.904143 1.16829395294
220.079447 1.16840219498
221.850463 1.56904101372
223.475453 1.61881494522
225.000294 1.51871085167
226.575514 1.56876015663
227.900035 1.31835508347
229.525042 1.61883401871
230.901301 1.36847901344
232.226004 1.31847190857
233.600744 1.36853694916
235.126036 1.51878595352
236.450865 1.31847310066
238.026039 1.56878995895
239.351295 1.31868195534
240.926857 1.56899785995
242.452117 1.51887607574
243.827786 1.36870908737
245.235545 1.26866889
246.5111 1.26854610443
247.867122 1.1684949398
249.044627 1.16874289513
250.27013 1.21840691566
251.545957 1.26857304573
252.721773 1.16849303246
253.796846 1.06822085381
254.972504 1.16836690903
256.147624 1.16828203201
257.372847 1.21835684776
258.548313 1.16828989983
259.723408 1.16822600365
260.89905 1.1684589386
262.024212 1.11830496788
263.199519 1.16832494736
264.519508 1.21833109856
265.745735 1.2186498642
266.92155 1.16852903366
267.99706 1.06824493408
269.122428 1.11834692955
270.248155 1.11846399307
271.374228 1.11853408813
272.54995 1.16850805283
273.725864 1.16826295853
274.901612 1.1684949398
276.07667 1.16813206673
277.202106 1.11820793152
278.526894 1.11826395988
279.653356 1.11828613281
280.879002 1.21864700317
282.004083 1.11820006371
283.28247 1.16842508316
284.557805 1.26840615273
285.748439 1.16849994659
287.074139 1.31853103638
288.238848 1.11830186844
289.313877 1.06813406944
290.489287 1.16824817657
291.66449 1.16828918457
292.790287 1.11841487885
293.872747 1.06823015213
295.048398 1.1684319973
296.174051 1.11845088005
297.349546 1.16833209991
298.47473 1.11820602417
299.650419 1.16852593422
300.826639 1.16872096062
302.043628 1.11838889122
303.169735 1.11853098869
304.295253 1.11837315559
305.421921 1.11915493011
306.497559 1.06838703156
307.573594 1.06842708588
308.91035 1.11833405495
310.137435 1.2186460495
311.263148 1.11842489243
312.489099 1.21842002869
313.664627 1.16820406914
314.840637 1.16850209236
316.016078 1.16819620132
317.091098 1.06812286377
318.266629 1.16827321053
319.39213 1.11833310127
320.615642 1.11829900742
321.740647 1.11803388596
322.866282 1.11838102341
324.091539 1.21831703186
325.216745 1.11827588081
326.492498 1.26836395264
327.617554 1.11814117432
328.94349 1.31866598129
330.018575 1.06812810898
331.143694 1.11820602417
332.269832 1.11849594116
333.59573 1.3186480999
334.621094 1.01809406281
335.796382 1.16834282875
336.97174 1.16829395294
338.097471 1.11816501617
339.596349 1.16856384277
340.622756 1.01830816269
341.748153 1.1181640625
342.823597 1.06816411018
343.899958 1.06822395325
345.07531 1.16830396652
346.251258 1.16847515106
347.326368 1.06816196442
348.451592 1.11822795868
349.577832 1.1184899807
350.653058 1.06813311577
351.678551 1.01824617386
352.804369 1.118445158
353.980268 1.16850805283
355.005677 1.0180850029
356.130914 1.11821198463
357.348885 1.11837601662
358.475111 1.11852812767
359.600876 1.11841201782
360.677208 1.06860804558
361.752434 1.06816601753
362.828151 1.0682990551
363.903691 1.06814408302
364.979076 1.06827807426
366.0548 1.06832003593
367.130182 1.06826496124
368.1553 1.01804113388
369.28121 1.11860513687
370.568236 1.0682220459
371.644436 1.06816601753
372.719556 1.06811404228
373.794625 1.06802392006
