1.872229 1.46874403954
3.298209 1.41825604439
4.823018 1.51846408844
6.348247 1.51844906807
7.823285 1.46854400635
9.248986 1.41866922379
10.726126 1.46873521805
12.301436 1.56886601448
13.826431 1.51859784126
15.401506 1.56863999367
16.676451 1.26825380325
18.052035 1.36850500107
19.578118 1.5187830925
21.253644 1.66899609566
22.779932 1.51944184303
24.355017 1.56872606277
26.022767 1.56882810593
27.399675 1.36869907379
28.725324 1.31853890419
30.001418 1.26864218712
31.327156 1.31860995293
32.894736 1.368694067
34.170818 1.26814889908
35.546476 1.36866497993
36.922503 1.36865401268
38.298084 1.36860895157
39.623644 1.31862092018
40.899378 1.26845908165
42.274949 1.36860609055
43.600361 1.31835007668
44.925879 1.31854701042
46.251422 1.31854915619
47.746429 1.36906218529
49.121708 1.36880493164
50.697134 1.56897807121
52.322171 1.61876010895
53.647426 1.31852889061
55.172301 1.5186650753
56.647506 1.46877193451
58.473616 1.8193359375
59.94901 1.46899604797
61.223758 1.2684211731
62.648809 1.41866898537
64.311123 1.46891593933
65.83855 1.51893496513
67.715077 1.86947512627
69.140907 1.41874909401
70.567182 1.41887617111
71.994719 1.31844592094
73.320142 1.31841611862
74.595799 1.26852107048
75.921258 1.3184261322
77.346773 1.41863107681
78.772297 1.41864299774
80.198623 1.41881608963
81.47434 1.26860904694
82.830583 1.3184659481
84.156413 1.31843686104
85.682418 1.51893806458
87.009028 1.31869983673
88.234721 1.21858596802
89.560438 1.31861114502
90.836535 1.2685790062
92.212466 1.36879897118
93.644556 1.31867408752
95.243095 1.26869297028
96.470086 1.21864891052
97.695647 1.21847891808
98.944643 1.21856093407
100.271775 1.31874895096
101.596823 1.31830000877
102.972683 1.36869287491
104.248267 1.26861000061
105.523955 1.26862311363
106.900197 1.36877608299
108.225999 1.31864595413
109.526101 1.26852178574
110.952084 1.41887998581
112.227729 1.26854109764
113.453856 1.21868300438
114.787704 1.21884202957
116.064108 1.26889109612
117.389886 1.31860804558
118.615297 1.21830606461
119.941604 1.31876397133
121.217509 1.26877498627
122.39374 1.16852092743
123.66887 1.26831293106
124.876045 1.16835904121
126.301622 1.21830010414
127.828356 1.51880192757
129.303904 1.46870303154
130.679145 1.36844205856
132.005227 1.31861019135
133.230301 1.21823191643
134.706438 1.46884489059
136.089789 1.26829600334
137.315366 1.21844816208
138.640584 1.31841516495
140.016358 1.36853504181
141.261997 1.21860003471
142.487599 1.21841883659
144.01372 1.51897001266
145.289945 1.26863098145
146.647798 1.31848287582
148.073603 1.41859006882
149.449129 1.36862802505
150.82533 1.36904597282
152.100847 1.26842212677
153.326662 1.21866607666
154.652933 1.31870603561
156.028932 1.36880683899
157.708011 1.31882882118
158.984655 1.26864910126
160.310448 1.31856489182
161.736817 1.41887688637
162.98468 1.21816492081
164.210825 1.21861410141
165.486587 1.26857995987
166.862462 1.36870121956
168.226234 1.3188829422
169.501979 1.26857495308
171.029161 1.5190820694
172.405202 1.36879992485
173.681031 1.26860499382
175.022353 1.31885790825
176.197905 1.16839194298
177.47379 1.26853299141
179.124827 1.56896400452
180.650724 1.51891279221
182.176201 1.51895308495
183.851991 1.6691930294
185.177745 1.31880784035
186.402157 1.21818089485
188.21021 1.56896996498
189.687316 1.46883201599
191.413672 1.71919298172
192.890787 1.4690489769
194.216644 1.31872200966
195.542521 1.31865692139
196.918301 1.36853599548
198.29364 1.3684399128
199.569186 1.26837992668
200.89431 1.31832194328
202.273357 1.2682518959
203.549454 1.26835489273
204.824758 1.26841402054
206.150458 1.31855487823
207.37437 1.16830801964
208.650312 1.2687959671
209.876538 1.21867108345
211.152663 1.26887893677
212.396768 1.21834206581
213.872762 1.46876192093
215.298868 1.41890096664
216.524594 1.21840906143
217.822641 1.26846313477
219.317151 1.21819519997
220.64431 1.3186480999
221.820163 1.16867780685
223.1528 1.21860408783
224.428575 1.26855707169
225.70479 1.268627882
226.930499 1.21851611137
228.184663 1.21843504906
229.510052 1.3184530735
230.735336 1.21833205223
231.961202 1.21840310097
233.208012 1.21830892563
234.483577 1.26844286919
235.709784 1.21849894524
236.985619 1.26862096786
238.294685 1.26860499382
239.570453 1.26858401299
240.796132 1.2184689045
242.121755 1.31846284866
243.402001 1.16820192337
244.677515 1.26837301254
246.052887 1.36853694916
247.329009 1.26859498024
248.585076 1.21825408936
250.117529 1.26852893829
251.394646 1.26861715317
252.61976 1.2182290554
253.919721 1.26874709129
255.195424 1.26852202415
256.470586 1.26827311516
257.696808 1.2185280323
259.003462 1.26842188835
260.279279 1.26852893829
261.555312 1.26868009567
262.831126 1.26858091354
264.205697 1.26843881607
265.480933 1.2683570385
266.806893 1.31881093979
268.032053 1.21829390526
269.280005 1.21849393845
270.555843 1.26858997345
271.781895 1.21853089333
273.006966 1.21820998192
274.282161 1.26825690269
275.659008 1.36877417564
276.93492 1.26854896545
278.211071 1.26859807968
279.487184 1.26864504814
281.048061 1.26864790916
282.275355 1.21862697601
283.550533 1.26832485199
284.93174 1.26828598976
286.182166 1.21822190285
287.357739 1.16832184792
288.533386 1.16838288307
289.75864 1.21829390526
291.033885 1.26836013794
292.109408 1.06811308861
293.334576 1.21825218201
294.560061 1.2182970047
295.835388 1.26840209961
297.061085 1.21843290329
298.237186 1.16847896576
299.513039 1.26858305931
300.789217 1.26857495308
302.065067 1.26854991913
303.318157 1.21847605705
304.539145 1.11845111847
305.765916 1.21909999847
307.09175 1.31858706474
308.185475 1.06837582588
309.311111 1.11834692955
310.436689 1.11828494072
312.013753 1.16847896576
313.190283 1.16826796532
314.365736 1.16838216782
315.541466 1.16840410233
316.667432 1.11839103699
317.943618 1.26883101463
319.069652 1.11837697029
320.195252 1.11832904816
321.471074 1.26857113838
322.647168 1.16847896576
323.9223 1.16829299927
324.998316 1.06836700439
326.174045 1.16834592819
327.299707 1.11838507652
328.576139 1.26856398582
329.701803 1.11833405495
330.82793 1.11843395233
331.903494 1.06829881668
333.078686 1.16823005676
334.204827 1.11846804619
335.280388 1.06826806068
336.456521 1.16842913628
337.531485 1.0679910183
338.656791 1.11814403534
339.783482 1.11843299866
341.00921 1.21845412254
342.564661 1.01808285713
343.840844 1.26834487915
344.96617 1.1180870533
346.141245 1.16819000244
347.317506 1.1682639122
348.442623 1.11817288399
349.884285 1.4191570282
351.060099 1.16846609116
352.185763 1.11825299263
353.311207 1.11830401421
354.386391 1.06798100471
355.561449 1.16804599762
356.736851 1.16841602325
357.862881 1.11833190918
359.088043 1.21821808815
360.313561 1.21827292442
