1.732068 1.31789588928
3.408919 1.66866588593
4.88421 1.4684240818
6.359275 1.46861004829
7.68447 1.3182079792
9.059398 1.36820101738
10.634717 1.56839895248
12.109735 1.46830391884
13.736412 1.61894488335
15.262355 1.51884818077
16.737166 1.46861195564
18.112462 1.3684527874
19.687709 1.56878876686
21.41377 1.71899390221
22.73976 1.31858086586
24.315374 1.56873416901
25.734755 1.31834101677
27.110141 1.36825704575
28.485192 1.36823606491
29.862039 1.3686439991
31.322555 1.41873407364
32.961886 1.36884093285
34.288155 1.31830692291
35.663431 1.36860203743
37.089519 1.41875100136
38.565273 1.46869707108
39.840689 1.26843714714
41.166553 1.31855201721
42.492032 1.3184800148
43.81791 1.31859016418
45.193406 1.36853194237
46.669139 1.46871185303
48.3897 1.56876897812
49.86435 1.46857309341
51.238998 1.36850500107
52.714201 1.46874403954
54.139302 1.41863107681
55.664575 1.51888418198
56.989444 1.31860613823
58.514634 1.51880788803
60.040263 1.51889801025
61.465453 1.41876602173
62.990735 1.51888680458
64.521454 1.36871004105
66.198264 1.66897702217
67.674176 1.46885991096
69.150118 1.4688680172
70.726494 1.56903100014
72.207296 1.36877703667
73.582817 1.36845493317
74.908471 1.31854701042
76.133839 1.21828484535
77.458978 1.31841993332
78.784037 1.31832289696
80.110042 1.31855607033
81.535908 1.41880297661
82.88959 1.3185198307
84.4154 1.51872301102
85.640749 1.21837091446
86.966312 1.31844711304
88.241572 1.26853394508
89.867596 1.61900305748
91.093422 1.21829009056
92.669262 1.56891512871
94.322753 1.56888103485
95.988152 1.46889996529
97.415537 1.41876792908
98.941032 1.51877808571
100.366209 1.41847801208
101.842108 1.46876907349
103.267756 1.41872787476
104.794067 1.51887106895
106.270171 1.46897006035
107.696011 1.41879200935
109.223057 1.51889586449
110.498123 1.26837110519
111.973869 1.4686589241
113.499387 1.51877498627
114.724367 1.21824193001
116.200199 1.46879291534
117.77159 1.46877884865
119.196652 1.41857910156
120.722015 1.51886105537
122.246804 1.51861381531
123.871765 1.61881613731
125.146652 1.26837992668
126.972302 1.61905503273
128.248829 1.2685880661
129.574247 1.31844305992
131.050015 1.46874499321
132.475479 1.41857504845
134.050869 1.56871008873
135.576609 1.51873397827
137.152205 1.56888198853
138.778149 1.61892914772
140.303597 1.51880598068
141.697387 1.26839399338
142.923254 1.2184779644
144.148864 1.21850180626
145.323878 1.16820311546
146.649561 1.31848978996
147.874818 1.21850204468
149.050754 1.16838908195
150.426134 1.36854887009
151.601309 1.16830015182
152.826829 1.21839690208
154.051954 1.21830415726
155.377628 1.31853199005
156.804697 1.16839814186
157.980988 1.16839694977
159.206089 1.2183110714
160.531363 1.31845116615
161.828313 1.16863298416
163.053939 1.21843409538
164.229117 1.16822385788
165.504451 1.26846694946
166.729761 1.21823906898
168.055223 1.3185031414
169.330557 1.26831293106
170.555723 1.21830797195
171.830778 1.26829600334
173.056337 1.21822309494
174.431703 1.36852002144
175.607196 1.16820597649
176.982434 1.36846709251
178.257515 1.2682518959
179.482901 1.21827292442
180.758041 1.26834702492
182.175736 1.31869602203
183.451282 1.26843094826
184.67658 1.21828603745
185.852033 1.16836690903
187.196065 1.16821479797
188.372258 1.16818022728
189.59734 1.21827483177
190.772619 1.16820478439
192.047762 1.26833200455
193.272777 1.21823406219
194.61551 1.31844115257
195.790461 1.1681740284
196.965826 1.16827702522
198.191253 1.21845293045
199.366736 1.16835093498
200.592258 1.21849298477
201.963114 1.26848697662
203.188301 1.21830010414
204.413583 1.21834993362
205.638969 1.21826195717
206.864061 1.21831893921
208.139547 1.26834201813
209.365027 1.21841406822
210.640659 1.26845121384
211.966323 1.31844997406
213.19137 1.21827411652
214.567271 1.36848211288
215.792325 1.21817803383
217.017559 1.21838092804
218.415564 1.2186050415
219.64251 1.21849799156
220.868049 1.21853399277
222.196596 1.21842503548
223.42249 1.21858906746
224.598313 1.16846990585
225.924551 1.31869101524
227.09972 1.16821408272
228.375321 1.26843690872
229.700787 1.31841802597
230.926042 1.21837592125
232.101539 1.16829109192
233.476928 1.36852478981
234.651944 1.16815686226
235.82733 1.16815209389
237.20295 1.36874604225
238.428641 1.2183740139
239.554163 1.11829614639
240.730032 1.16840791702
241.948142 1.11834597588
243.17389 1.21859884262
244.349073 1.16828894615
245.474405 1.11820006371
246.699842 1.21838212013
247.975713 1.26858091354
249.31653 1.16830301285
250.492761 1.16828012466
251.718129 1.21843314171
252.893211 1.16816115379
254.219478 1.3187289238
255.3447 1.11825203896
256.520676 1.1684679985
257.696376 1.16846704483
258.922516 1.21852302551
260.047984 1.11830806732
261.373059 1.21856999397
262.498439 1.11824703217
263.623482 1.11814212799
264.7484 1.1180460453
265.923945 1.16828608513
267.049224 1.11819410324
268.325034 1.26851177216
269.750558 1.41868400574
270.925665 1.16821122169
272.101732 1.16850805283
273.22739 1.11843299866
274.403287 1.16840314865
275.578471 1.16820693016
276.703499 1.11810207367
277.979509 1.26841402054
279.254746 1.26831507683
280.754561 1.16851806641
281.880365 1.11807394028
282.956019 1.06832695007
284.131429 1.16831707954
285.458347 1.31868314743
286.583525 1.1182641983
287.759932 1.1688990593
288.935579 1.16842103004
290.2115 1.26866316795
291.487741 1.26863598824
292.612952 1.11818218231
293.788138 1.16821098328
295.064433 1.26856589317
296.190193 1.11849093437
297.31614 1.11835408211
298.542053 1.21857595444
299.760309 1.1184527874
300.885784 1.11823892593
301.96082 1.06809806824
303.086561 1.11835718155
304.261833 1.16828203201
305.437045 1.16824603081
306.562503 1.11823296547
307.637615 1.06807303429
308.813348 1.16842603683
309.888994 1.06832504272
311.260463 1.16830515862
312.336962 1.0683119297
313.4127 1.06835007668
314.538369 1.118309021
315.66435 1.11844205856
316.79021 1.11856102943
317.967895 1.06826591492
319.043213 1.06822109222
320.118584 1.06814193726
321.244423 1.11832904816
322.319921 1.06830906868
323.445552 1.11827397346
324.670863 1.21836709976
325.745896 1.06803417206
326.87148 1.11826300621
328.046825 1.16838097572
329.172117 1.11831402779
330.39779 1.2183611393
331.673453 1.26858186722
332.799627 1.11849498749
333.875405 1.06842303276
335.001087 1.11827278137
336.385879 1.26878499985
337.511875 1.11837983131
338.586795 1.06795310974
339.662309 1.0681989193
340.83745 1.16821289062
342.217533 1.1181640625
343.444043 1.21837711334
344.518988 1.06800603867
345.594341 1.06817412376
346.719347 1.11808395386
347.844297 1.11800479889
349.01972 1.16809511185
350.194852 1.16824388504
351.320663 1.11827206612
352.445739 1.11819291115
353.620963 1.16827607155
354.845629 1.11821985245
355.970887 1.11819386482
357.146396 1.16824603081
358.372415 1.21902418137
359.447319 1.06791901588
360.573017 1.11812710762
361.74812 1.16820001602
362.873482 1.11813902855
364.048779 1.16834783554
365.173881 1.11816000938
366.349477 1.16823482513
367.575289 1.21859002113
368.700793 1.11816692352
369.876602 1.16843605042
371.002129 1.11823296547
372.227552 1.21825408936
