1.89172 1.56807899475
3.26781 1.36792516708
4.69238 1.41787099838
5.966446 1.26779007912
7.491148 1.51803183556
9.015389 1.51808404922
10.29011 1.26777696609
11.91501 1.61822199821
13.389522 1.46818494797
14.814213 1.41803193092
16.288438 1.46807694435
17.763495 1.4681429863
19.037312 1.26771306992
20.362106 1.31789803505
21.886992 1.51819896698
23.260952 1.36789512634
25.059946 1.51819896698
26.784708 1.71853709221
28.3593 1.56843519211
29.883841 1.51815009117
31.308002 1.41803383827
33.005396 1.46833777428
34.281278 1.2681350708
35.756093 1.46824598312
37.181265 1.41830921173
38.656193 1.46827793121
40.131049 1.46825289726
41.35573 1.21782398224
42.880657 1.51833605766
44.255762 1.36826086044
45.730628 1.46827602386
47.105209 1.3679959774
48.491566 1.26799702644
49.866647 1.36817502975
51.191319 1.31801509857
52.403943 1.16771292686
53.829107 1.4180700779
55.103587 1.26789593697
56.478723 1.36816501617
58.003715 1.51837396622
59.278338 1.26799297333
60.653355 1.36810994148
61.877903 1.21791100502
63.30485 1.16804385185
65.081533 1.76877999306
66.406268 1.31812286377
67.631444 1.21787810326
68.893137 1.2179338932
70.391257 1.36840105057
71.765532 1.36822104454
73.239976 1.46832799911
74.514511 1.26809597015
76.23937 1.71875309944
77.763906 1.51839590073
79.338929 1.56857609749
81.114338 1.76900196075
82.439255 1.31848788261
83.864142 1.41849398613
85.489242 1.61854195595
86.864232 1.36856293678
88.288819 1.41831803322
89.813627 1.51837897301
91.288252 1.46849679947
92.863312 1.56863117218
94.388078 1.21834301949
95.663948 1.26812505722
96.938643 1.26803016663
98.213656 1.26806402206
99.588469 1.36815404892
100.764339 1.16826295853
101.989578 1.21817779541
103.421354 1.11780691147
104.896642 1.46836400032
106.121649 1.21800494194
107.346722 1.21808218956
108.571872 1.21812987328
109.797236 1.21819615364
111.123088 1.31855797768
112.49862 1.36848592758
113.723938 1.2181789875
115.351906 1.51866221428
116.826306 1.46829295158
118.350831 1.51839399338
119.976166 1.61886787415
121.551805 1.56882882118
123.076804 1.51848816872
124.78101 1.46858692169
126.407928 1.61866116524
127.683449 1.26836895943
129.25904 1.56861615181
130.533676 1.26801109314
132.004398 1.41828393936
133.279857 1.2682621479
134.704639 1.41817998886
136.279969 1.56847405434
138.055522 1.76884818077
139.638292 1.46836996078
141.013652 1.36821317673
142.238608 1.21815705299
143.413439 1.16798186302
144.738608 1.31812906265
146.113545 1.36819219589
147.53952 1.41857719421
148.917999 1.1679751873
150.193472 1.26837897301
151.519164 1.31836295128
152.794563 1.26828503609
154.02041 1.21835899353
155.589042 1.11819314957
156.91635 1.31855893135
158.141614 1.21819090843
159.304418 1.11789798737
160.822585 1.41844296455
162.297784 1.46849179268
163.522839 1.21805787086
164.747709 1.21800494194
166.024053 1.26838302612
167.349638 1.31852006912
168.589232 1.21801495552
169.830788 1.16790485382
171.205902 1.3682179451
172.581248 1.36839199066
173.856901 1.26837611198
175.131792 1.26813006401
176.857591 1.71880483627
178.032951 1.16821289062
179.258638 1.21831798553
180.584256 1.31847786903
182.181052 1.41828012466
184.006225 1.81880688667
185.330511 1.31807112694
187.136075 1.5690779686
188.463463 1.31811785698
190.088912 1.61872887611
191.414684 1.31848192215
192.839734 1.41840600967
194.264796 1.41838717461
195.53981 1.26805686951
197.065553 1.51869511604
198.591581 1.51872611046
200.06723 1.46860694885
201.442802 1.36854982376
202.918704 1.46857690811
204.444469 1.51873707771
206.105104 1.5186522007
207.480731 1.36854314804
208.605451 1.11781311035
209.841442 1.06788492203
211.066856 1.21823501587
212.242164 1.16822481155
213.618676 1.36859488487
214.794153 1.16823410988
216.069352 1.26813197136
217.530542 1.2180929184
219.007247 1.46855688095
220.282294 1.26810002327
221.406852 1.11778688431
222.782188 1.36827993393
223.906827 1.11783099174
225.282207 1.36830711365
226.547686 1.16795492172
227.57259 1.01777887344
228.797376 1.21801495552
230.122971 1.31836795807
231.448613 1.31847310066
232.623885 1.16813707352
233.949441 1.3183760643
235.124618 1.16801095009
236.449595 1.31816101074
237.574761 1.11802005768
238.94985 1.36828112602
240.27486 1.31819105148
241.550646 1.26827192307
242.726044 1.16818714142
244.10231 1.36881017685
245.277091 1.16796994209
246.583883 1.21822595596
247.933656 1.0678331852
249.259813 1.31824016571
250.484787 1.21814489365
251.610061 1.11805701256
252.785124 1.16789197922
253.859752 1.06778311729
255.084905 1.21804189682
256.359854 1.26813006401
257.534649 1.16798186302
258.810306 1.26825499535
259.885308 1.06799292564
261.211272 1.31846308708
262.486842 1.26836705208
263.861891 1.36823797226
265.177771 1.16794800758
266.537522 1.26812791824
267.662549 1.11790204048
268.987691 1.31825089455
270.098381 1.06792593002
271.37364 1.26832199097
272.548563 1.16798377037
273.624067 1.06798386574
274.699529 1.06812000275
275.775242 1.06815695763
277.050715 1.26832294464
278.373164 1.06822991371
279.650322 1.26857614517
280.875316 1.21809101105
282.050319 1.16807985306
283.326957 1.2684879303
284.602369 1.26824307442
286.315762 1.41837000847
287.604075 1.26845598221
288.679098 1.0678999424
289.90416 1.21813321114
290.981974 1.06814599037
292.307115 1.31826210022
293.782735 1.46846199036
294.957667 1.16802597046
296.082433 1.11792588234
297.508078 1.41845798492
298.607558 1.06802105904
299.933131 1.3183619976
301.058066 1.11795687675
302.13287 1.06788706779
303.308254 1.16808819771
304.383156 1.0679910183
306.209034 1.41861510277
307.734757 1.51880407333
309.273983 1.31863808632
310.701194 1.41881394386
312.177145 1.46875500679
313.853386 1.6691160202
315.279074 1.41853404045
316.504544 1.21832585335
318.23061 1.71894407272
319.556221 1.31846880913
321.182231 1.61886620522
322.408037 1.21828198433
323.88398 1.46872282028
325.459649 1.56856012344
327.185376 1.71887588501
328.761354 1.56880998611
330.706535 1.71881890297
331.781683 1.06789088249
332.956419 1.16785597801
334.132937 1.16819500923
335.307897 1.16810488701
336.382951 1.06790590286
337.557816 1.16794610023
338.882869 1.31817793846
340.19751 1.11800503731
341.373506 1.16806387901
342.648918 1.26822590828
343.82428 1.1681830883
345.199958 1.36837697029
346.32527 1.1181139946
347.701359 1.36857295036
348.92672 1.21822690964
350.426518 1.31860899925
351.801116 1.36822199821
353.075934 1.26829099655
354.553641 1.4686961174
355.828631 1.2684340477
357.153835 1.31862306595
358.529373 1.36857700348
360.054424 1.51861000061
361.329344 1.26833987236
362.654756 1.31845092773
363.879635 1.21829199791
365.154712 1.26850986481
366.430001 1.26836109161
367.725358 1.26824498177
369.150317 1.41846704483
370.681251 1.26812696457
372.153039 1.36865210533
373.328309 1.16814899445
374.554314 1.21837520599
375.930095 1.36851811409
377.105577 1.16819906235
378.481802 1.36859893799
379.757427 1.26836800575
381.083613 1.31857514381
382.15907 1.06819415092
383.283985 1.11792802811
384.459992 1.16828012466
385.685009 1.21803379059
386.859922 1.16791200638
388.085443 1.21808886528
389.110752 1.0180079937
390.236677 1.11827301979
391.401461 1.06783604622
392.527016 1.11809587479
393.702618 1.1682498455
394.87873 1.16834521294
395.904044 1.01795506477
397.080297 1.16847300529
398.255784 1.16818189621
399.381293 1.11816287041
400.457146 1.06816482544
401.824745 1.11837887764
403.001594 1.16830992699
404.177169 1.16825294495
405.452947 1.26842308044
406.578388 1.11817884445
407.904235 1.3184659481
409.030157 1.11823701859
410.88977 1.41871094704
412.415361 1.5187690258
413.790494 1.36857509613
415.165875 1.36851811409
416.64117 1.468708992
418.015623 1.36813402176
419.591352 1.56883502007
420.8664 1.26838803291
422.391685 1.51867794991
423.819415 1.41876196861
425.34473 1.51870417595
427.070715 1.71928215027
428.395788 1.31841087341
429.921526 1.51875805855
431.296648 1.36845088005
432.899591 1.36881709099
434.611169 1.31849193573
435.736255 1.1180229187
436.911537 1.16801404953
437.986336 1.06777715683
439.062202 1.06806898117
440.388107 1.31853508949
441.714288 1.31845498085
443.090288 1.36862611771
444.165726 1.06807398796
445.24101 1.06800317764
446.566672 1.31829118729
447.842366 1.26832318306
448.918237 1.06816387177
450.093861 1.16825604439
451.169192 1.06798291206
452.296898 1.11833691597
453.873253 1.31867218018
455.298743 1.41856908798
456.874125 1.56876516342
458.449445 1.56870388985
459.925025 1.4686331749
461.199983 1.26831007004
462.725288 1.51866602898
464.43394 1.46871900558
465.813079 1.36841511726
467.188869 1.36852788925
468.464942 1.26845502853
470.091199 1.61901187897
471.417044 1.31858110428
472.843219 1.41859912872
474.118848 1.26835107803
475.545073 1.41861891747
477.143745 1.3687210083
478.269027 1.11826896667
479.458069 1.16835808754
480.532928 1.06814289093
481.808456 1.26845693588
482.983449 1.16833591461
484.108381 1.11827611923
485.38389 1.26848983765
486.609099 1.21849894524
487.884133 1.26832199097
488.909242 1.01809096336
490.184407 1.26847290993
491.359505 1.16835904121
492.634467 1.26825094223
493.759172 1.11809015274
495.091467 1.06813979149
496.264544 1.06802296638
497.590483 1.31848788261
498.715863 1.11800289154
499.840931 1.11801505089
501.266318 1.418364048
502.49181 1.2181289196
503.5668 1.06793403625
504.893163 1.31857299805
506.118858 1.21831917763
507.193717 1.06781101227
508.269606 1.06809520721
509.594976 1.31830406189
510.720596 1.11820602417
511.846725 1.11817097664
513.172542 1.31844091415
514.381995 1.11827111244
515.707723 1.31827306747
516.883442 1.16826891899
517.959066 1.06816792488
519.084746 1.11825704575
520.160328 1.06815004349
521.486635 1.31852197647
522.862633 1.36855697632
524.138949 1.26853895187
525.442098 1.06807994843
526.518905 1.06790399551
527.894508 1.36847305298
529.220312 1.31841397285
530.546623 1.31853795052
531.772574 1.2184882164
533.53093 1.31860303879
534.655869 1.11819291115
535.830424 1.16798186302
537.00709 1.168197155
538.532594 1.51872611046
540.308596 1.76923704147
541.884613 1.56888508797
543.309383 1.41831207275
544.634149 1.31829214096
546.059807 1.41864919662
547.385057 1.31843709946
548.884466 1.46837186813
550.259662 1.3684129715
551.68504 1.41864919662
553.109962 1.41842103004
554.385117 1.26819300652
556.549585 1.31839895248
557.778969 1.21856403351
558.854599 1.06811499596
560.046367 1.16815900803
561.222026 1.16818594933
562.347836 1.11816906929
563.523504 1.16823983192
564.849806 1.31849694252
566.126337 1.26899790764
567.502263 1.3684489727
568.828738 1.31862616539
570.054634 1.21826910973
571.361288 1.16822910309
572.587037 1.21830821037
574.016481 1.26890397072
575.241588 1.2179441452
576.530865 1.2183380127
577.606048 1.0678319931
578.881332 1.26812791824
580.057057 1.16805100441
581.232743 1.16828107834
582.358246 1.11807799339
583.533781 1.16804909706
584.65944 1.11818408966
585.885792 1.218501091
587.135797 1.06820201874
588.264033 1.11830592155
589.639734 1.36842298508
591.389064 1.41884303093
592.915033 1.5188729763
594.490533 1.56869411469
595.965958 1.46871399879
597.54188 1.56890010834
599.017362 1.46875882149
600.44264 1.4185590744
601.81977 1.36845302582
603.144563 1.3183221817
604.469546 1.3183400631
605.945478 1.46866416931
607.270725 1.31847596169
608.746356 1.46882295609
610.021373 1.26824116707
611.547186 1.51898097992
612.822418 1.26842212677
614.245159 1.21862888336
615.371032 1.11832404137
616.776101 1.218542099
618.177341 1.16804599762
619.303359 1.11794996262
620.428294 1.11792802811
621.603724 1.16804718971
622.778797 1.16794705391
623.904607 1.11809802055
625.130055 1.21819710732
626.455996 1.31842303276
627.530799 1.06778693199
628.605708 1.06785702705
630.26549 1.41879582405
631.391111 1.1181538105
632.666915 1.26832008362
633.792785 1.11810994148
634.917648 1.1177380085
635.992772 1.06776809692
637.368123 1.36825299263
638.593727 1.21809887886
639.656782 1.01808404922
640.832469 1.16811203957
642.110203 1.26816511154
643.38556 1.26812314987
644.661718 1.26836395264
645.787428 1.11818099022
647.253905 1.21797013283
648.887808 1.41867589951
650.214479 1.31844592094
651.910437 1.41850495338
653.486795 1.5689098835
655.065813 1.56895804405
656.591701 1.51884913445
658.2181 1.61877417564
659.844364 1.61880803108
661.470379 1.61880397797
662.746555 1.26835608482
664.2227 1.46876692772
665.649221 1.41876912117
667.175484 1.51877498627
668.551451 1.3685541153
669.82774 1.268460989
671.497059 1.36847400665
672.722592 1.21807909012
674.098119 1.36831092834
675.173973 1.06804180145
676.55018 1.36869716644
677.675832 1.11813902855
679.095985 1.16832900047
680.194213 1.06822800636
681.319157 1.11780500412
682.594321 1.26806688309
683.97089 1.36871695518
685.046617 1.06830501556
686.172535 1.11812019348
687.598541 1.4185628891
688.723931 1.11792707443
690.063523 1.16812801361
691.138597 1.06786394119
692.213601 1.06778597832
693.489823 1.26830792427
694.716778 1.21835899353
695.892449 1.16819310188
697.067905 1.16797184944
698.243117 1.16798019409
699.668996 1.41837906837
700.794179 1.11797714233
702.170171 1.36844801903
703.296234 1.11817193031
704.421961 1.1181678772
705.798422 1.36858701706
707.349267 1.31821298599
708.525018 1.16825604439
709.971751 1.21829605103
711.198254 1.2182431221
712.484322 1.0680270195
713.759901 1.26836109161
714.835465 1.06805992126
716.060847 1.21811795235
717.436811 1.36849093437
718.662685 1.21830701828
719.988588 1.31839394569
721.063748 1.0679268837
722.188912 1.1179728508
723.618134 1.16812086105
725.193491 1.56853795052
726.769218 1.56886100769
728.144735 1.36861300468
729.52266 1.36867809296
730.848163 1.31849598885
732.273634 1.41862797737
733.814262 1.51845884323
735.088828 1.26796507835
736.514551 1.41859507561
737.989658 1.468531847
739.315143 1.3183529377
741.072609 1.5688791275
742.399672 1.318390131
744.125467 1.71869707108
745.501079 1.36829590797
747.318791 1.51869702339
748.34419 1.01782798767
749.71975 1.36831212044
750.84489 1.11786413193
751.920486 1.06793999672
752.996024 1.06796693802
754.121754 1.1180999279
755.497835 1.36852383614
756.823929 1.31848096848
757.900038 1.06816101074
759.125985 1.21836996078
760.40189 1.26835393906
761.627741 1.2183201313
763.008717 1.06809711456
764.434094 1.41841697693
765.759468 1.31846618652
767.135068 1.36867189407
768.710838 1.56881809235
770.286929 1.56882190704
772.165234 1.51897788048
773.592763 1.41863107681
775.169091 1.56884598732
776.495583 1.31864213943
777.820953 1.3181579113
779.297139 1.46870017052
780.72364 1.41865706444
782.35007 1.61890816689
783.776632 1.41870093346
785.052601 1.26843690872
786.814635 1.36831212044
788.290281 1.46876382828
789.615757 1.31851100922
790.991727 1.36859703064
792.417387 1.41872310638
793.742755 1.31845903397
795.168861 1.41863012314
796.62166 1.41845202446
797.89652 1.26819086075
799.222311 1.31853699684
800.747735 1.51875495911
802.239624 1.31861186028
803.81672 1.56874704361
805.342497 1.51860404015
807.019369 1.66902899742
808.295243 1.26839709282
809.691706 1.16836714745
810.766832 1.06782102585
811.992744 1.21816182137
813.067757 1.06778311729
814.242982 1.16795420647
815.36851 1.11795496941
816.593912 1.21807909012
817.719543 1.11800193787
818.844685 1.11789107323
820.019864 1.16792607307
821.195408 1.16798901558
822.520911 1.31813287735
823.647906 1.11820006371
824.97356 1.31835007668
826.098949 1.11807990074
827.683899 1.26838898659
829.009085 1.31829690933
830.234329 1.21814894676
831.610168 1.31822705269
833.358183 1.46881508827
834.935846 1.5687110424
836.511733 1.5686879158
838.037915 1.51862406731
839.563693 1.51852893829
840.889284 1.31834602356
842.116257 1.21809506416
843.641992 1.51850008965
845.117949 1.4684510231
846.544082 1.41854810715
847.869637 1.31837081909
849.245532 1.36837887764
