2.188182 1.61851191521
3.865041 1.66855716705
5.439748 1.56842398643
6.964241 1.51823091507
8.389219 1.41802787781
9.863594 1.46823310852
11.187707 1.31797504425
12.713102 1.51834416389
14.238257 1.51840400696
15.71353 1.46829819679
17.188596 1.46828222275
18.680263 1.46840620041
20.205019 1.51828193665
21.729658 1.51844882965
23.154617 1.41822099686
24.755212 1.56839299202
26.285997 1.41850113869
27.810992 1.51856207848
29.235564 1.41834115982
30.760326 1.51851987839
32.569171 1.56869506836
34.245628 1.6686861515
35.770879 1.51854491234
37.446662 1.6687939167
38.721598 1.26821899414
40.19716 1.46855306625
41.672306 1.46845197678
43.047508 1.36848092079
44.574111 1.51857614517
46.099355 1.51856708527
47.52494 1.41852688789
48.900094 1.36842989922
50.334879 1.36834001541
51.709849 1.36855101585
53.184651 1.4686498642
54.609215 1.41840195656
56.383998 1.76864719391
57.909021 1.51855611801
59.333566 1.41842484474
60.758289 1.41859793663
62.282961 1.51851892471
63.7264 1.2683069706
65.202751 1.46855711937
66.67798 1.46850919724
68.103162 1.41847491264
69.378447 1.26829886436
70.903674 1.51849484444
72.279013 1.36835002899
73.77574 1.36844205856
75.1012 1.31834602356
76.476529 1.36840391159
77.852008 1.36842799187
79.227187 1.36842012405
80.552178 1.31827187538
81.927733 1.36848115921
83.202781 1.26826882362
84.527763 1.31823301315
85.853224 1.31832909584
87.178233 1.31821703911
88.45365 1.26828598976
89.828756 1.36837100983
91.054015 1.21821379662
92.379484 1.3184030056
93.65439 1.26814699173
95.282849 1.26843500137
96.559013 1.26832079887
98.084324 1.5185379982
99.309739 1.21826910973
100.584745 1.26823782921
101.859858 1.2683300972
103.135308 1.26830506325
104.460401 1.31825613976
105.835955 1.36846017838
107.061069 1.21832299232
108.336383 1.26829791069
109.611792 1.26827096939
110.886828 1.26822710037
112.162282 1.26833701134
113.487457 1.31836390495
114.712537 1.21825504303
116.302846 1.4686460495
117.777763 1.46871590614
119.152243 1.36827588081
120.577092 1.41841506958
122.001655 1.41832089424
123.476656 1.46875405312
125.05342 1.56869006157
126.676678 1.41855788231
128.153312 1.46867203712
129.728791 1.56870698929
131.154106 1.41853380203
132.729901 1.56865692139
134.15521 1.4185359478
135.730978 1.56863999367
137.256484 1.51869606972
138.781738 1.51847696304
140.14282 1.218542099
141.518105 1.36844921112
142.843618 1.31850194931
144.118721 1.26830720901
145.39405 1.26825904846
146.819368 1.41849207878
148.09441 1.26819801331
149.469986 1.36852002144
150.745084 1.26829504967
152.020553 1.26841115952
153.245681 1.21826004982
154.57085 1.31830978394
155.84634 1.26840400696
157.384374 1.31837105751
158.660586 1.26832103729
160.085811 1.41840815544
161.702859 1.46859908104
163.227964 1.5186150074
164.602594 1.36837697029
165.977143 1.36835694313
167.451859 1.4685280323
168.976888 1.51851606369
170.401811 1.41853904724
171.826531 1.41847705841
173.351169 1.51852607727
174.826056 1.46842098236
176.300701 1.46851420403
177.825332 1.51850199699
179.45054 1.61876797676
181.025446 1.56872391701
182.399939 1.36837697029
183.774911 1.36842989922
185.229124 1.31834506989
186.554663 1.31841993332
188.018168 1.2188179493
189.294478 1.26823115349
190.569659 1.26832485199
191.845196 1.26840400696
193.170605 1.31851911545
194.596005 1.41847801208
195.821352 1.21819210052
197.196775 1.36858105659
198.472274 1.26834917068
199.797585 1.31838703156
201.07269 1.26823806763
202.398611 1.31829190254
203.623722 1.21818685532
204.849164 1.21827411652
206.385744 1.41847491264
207.61115 1.21824193001
208.836183 1.21811413765
210.061814 1.21847701073
211.487145 1.41849303246
212.862464 1.36841893196
214.138362 1.26826500893
215.66377 1.51856684685
216.989507 1.31839990616
218.708991 1.36860013008
220.035452 1.31845021248
221.31061 1.26826906204
222.685902 1.36839818954
224.011468 1.31840896606
225.236454 1.21809720993
226.762388 1.51876306534
228.155375 1.26865506172
229.38051 1.2182469368
230.655635 1.26822519302
231.881072 1.21819901466
233.15623 1.26830196381
234.381355 1.2182059288
235.556861 1.16821503639
236.781886 1.21813797951
238.007513 1.2183868885
239.232906 1.21822595596
240.458044 1.21823191643
241.733542 1.26830887794
243.008621 1.26822113991
244.234218 1.21835303307
245.509419 1.26830887794
246.734603 1.21818685532
248.119043 1.2683069706
249.475271 1.16843390465
250.701632 1.2183508873
251.926883 1.2183008194
253.101926 1.16809797287
254.377491 1.26833796501
255.552453 1.16807699203
256.828078 1.26839089394
258.103344 1.26834702492
259.328475 1.21821403503
260.503816 1.16815018654
261.678892 1.16819405556
262.904763 1.21866512299
264.13004 1.21835303307
265.405247 1.26826715469
266.63084 1.21841096878
268.117597 1.36846494675
269.343194 1.21832609177
270.518256 1.16812396049
271.743763 1.21828198433
272.918965 1.16824483871
274.09387 1.16796088219
275.319417 1.21835708618
276.494419 1.16811800003
277.720088 1.21844100952
278.945285 1.21823382378
280.33184 1.16828799248
281.558541 1.21831703186
282.733742 1.16821599007
283.90977 1.16832900047
285.084877 1.16814184189
286.259949 1.16814398766
287.604619 1.21834492683
288.829759 1.21815085411
290.105936 1.26890587807
291.381573 1.26837110519
292.657604 1.26842999458
293.983044 1.31850600243
295.258308 1.26827907562
296.383348 1.11807203293
297.608878 1.21822094917
298.783935 1.16811919212
300.009479 1.21825695038
301.334835 1.3183991909
302.610022 1.26826286316
303.88561 1.26829695702
305.160906 1.26835799217
306.436691 1.26850104332
307.771307 1.21821093559
308.961961 1.16824293137
310.137345 1.16823387146
311.52412 1.16816210747
312.800543 1.26831293106
314.025856 1.21835803986
315.201474 1.16838502884
316.376423 1.16801309586
317.551364 1.16806006432
318.826865 1.2682890892
320.001918 1.16811108589
321.177221 1.16808390617
322.302272 1.11803293228
323.477233 1.16806387901
324.65254 1.16808700562
325.827589 1.1681470871
327.215422 1.26836490631
328.390937 1.16816186905
329.515908 1.11805105209
330.641266 1.11818099022
331.816452 1.16823887825
333.041632 1.21823906898
334.06674 1.01793599129
335.191686 1.11798787117
336.317063 1.11810994148
337.4421 1.11807584763
338.567096 1.11803197861
339.742483 1.1681637764
341.067705 1.31825494766
342.562909 1.16812705994
343.739284 1.16819000244
344.914347 1.16808414459
346.111125 1.06799602509
347.186243 1.0680129528
348.311623 1.11813879013
349.386687 1.06794691086
350.461828 1.06798505783
351.537102 1.06799507141
352.612101 1.06799507141
353.687523 1.06809401512
354.712511 1.01797890663
355.737342 1.01784276962
356.812198 1.06792593002
357.887481 1.06797504425
359.162729 1.26822304726
360.288449 1.11807012558
361.313345 1.01789188385
362.488637 1.16823410988
