2.033874 1.41828012466
3.610387 1.56843519211
5.034937 1.41829204559
6.468589 1.41829299927
7.793672 1.31815004349
9.167911 1.36808609962
10.49246 1.31821799278
11.916974 1.41830515862
13.391988 1.46830582619
14.967604 1.56870412827
16.492194 1.51838994026
17.916615 1.41830015182
19.292025 1.36841487885
20.766631 1.46847295761
22.291593 1.51860308647
23.816741 1.51840186119
25.251165 1.31840801239
26.626668 1.36832714081
27.901667 1.26819109917
29.327096 1.41837692261
30.752311 1.4184319973
32.378618 1.41850090027
33.804894 1.41853117943
35.079888 1.26823306084
36.455209 1.3683719635
37.83023 1.36827397346
39.256063 1.41853713989
40.58114 1.31838011742
41.906249 1.31834816933
43.23158 1.31836795807
44.506473 1.26822710037
45.781991 1.2683660984
47.326702 1.41851592064
48.701732 1.36828899384
50.126761 1.41832900047
51.552711 1.41855502129
52.877671 1.31822395325
54.253195 1.3685529232
55.678361 1.4184551239
57.153663 1.46859788895
58.428962 1.26827907562
59.804045 1.36839079857
61.179586 1.36853408813
62.718546 1.36853504181
64.095087 1.36859488487
65.420356 1.31857013702
66.845454 1.41835904121
68.220891 1.36843109131
69.869036 1.51881790161
71.39374 1.51856708527
72.76826 1.36834311485
74.092653 1.31827902794
75.417439 1.31838107109
76.992246 1.56867599487
78.416807 1.41841101646
79.941779 1.51853084564
81.466622 1.51870393753
82.841161 1.36838698387
84.316225 1.4686050415
85.790758 1.46843314171
87.165391 1.36848306656
88.640153 1.46854496002
90.015142 1.36855196953
91.389647 1.36835598946
93.073107 1.3685297966
94.448999 1.36836385727
95.724471 1.26865696907
97.050034 1.31841206551
98.425164 1.36841893196
99.750695 1.31844806671
101.075844 1.31837296486
102.50102 1.41837882996
103.926652 1.41855812073
105.351867 1.41847300529
106.677605 1.31866812706
108.053041 1.36855506897
109.428261 1.36842703819
110.854301 1.41855311394
112.279632 1.41855216026
113.654678 1.36829090118
115.086075 1.3684489727
116.561343 1.46874284744
118.186464 1.6189250946
119.561106 1.36846399307
121.08595 1.51864123344
122.410786 1.31836414337
124.100708 1.46864008904
125.527193 1.41857409477
126.85244 1.31849384308
128.17763 1.31841802597
129.55365 1.36854696274
131.029126 1.46863293648
132.354578 1.31838989258
133.880044 1.51871204376
135.305391 1.41858792305
136.931347 1.61888098717
138.479558 1.41859102249
139.905972 1.41871500015
141.231273 1.31847405434
142.656579 1.41850805283
144.03217 1.36841201782
145.407441 1.36844587326
146.783136 1.36852788925
148.208546 1.41860079765
149.534074 1.31868314743
150.809617 1.26842808723
152.285063 1.46864700317
153.610889 1.31848311424
155.133939 1.31846499443
156.510656 1.36881995201
157.936048 1.41854405403
159.261228 1.31830191612
160.721219 1.31840205193
162.196538 1.46850395203
163.622085 1.41846084595
164.997617 1.3686811924
166.373184 1.36844706535
167.748421 1.36842489243
169.173961 1.41840696335
170.549125 1.36841583252
171.924269 1.36833906174
173.299937 1.3685028553
174.725317 1.41852688789
176.063971 1.31834506989
177.439462 1.36836695671
178.764586 1.31831288338
180.14011 1.36844205856
181.515345 1.36839699745
183.154158 1.51870298386
184.628878 1.46850895882
186.25866 1.41863679886
187.584999 1.31845498085
189.010373 1.41856908798
190.485745 1.46851301193
192.011583 1.51870703697
193.436869 1.41845798492
194.814589 1.36901402473
196.340082 1.5187060833
197.715794 1.36860609055
199.141068 1.41843295097
200.76678 1.61886191368
202.242531 1.4686870575
203.71791 1.46855783463
205.293691 1.56869697571
206.994126 1.56883406639
208.218688 1.2182970047
209.593247 1.36835885048
211.068341 1.46858119965
212.543058 1.46851801872
213.817565 1.26825499535
215.442827 1.61876392365
217.008061 1.3685400486
218.534841 1.51874804497
219.960065 1.41847109795
221.437011 1.46862602234
222.912389 1.46863102913
224.387921 1.46864700317
225.863664 1.46871304512
227.288905 1.41849088669
228.764542 1.46860480309
230.563625 1.5687251091
231.938145 1.36832499504
233.363131 1.41855883598
234.78781 1.41848993301
236.212526 1.41847801208
237.687305 1.46853494644
239.013596 1.31846189499
240.338213 1.31834101677
241.762894 1.41850590706
243.288074 1.51868796349
244.662728 1.36847400665
246.237726 1.56877779961
247.925055 1.46901011467
249.501714 1.56876516342
251.227326 1.71886992455
252.50246 1.26834893227
254.185409 1.41856694221
255.710268 1.51864886284
257.335221 1.61877799034
258.8103 1.46860384941
260.385083 1.56856417656
261.709522 1.3182220459
263.134625 1.4185860157
264.659441 1.51860404015
266.08412 1.41846299171
267.50926 1.41864800453
268.984183 1.46871805191
270.308586 1.31818795204
271.683629 1.36848211288
273.258503 1.56862902641
274.833443 1.56869006157
276.208412 1.36836695671
277.706575 1.31845092773
279.149391 1.26837992668
280.425686 1.26832699776
281.650903 1.21827197075
282.976183 1.31838512421
284.301731 1.31843805313
285.576953 1.26836895943
286.852472 1.26836800575
288.177821 1.3184940815
289.402921 1.21822810173
290.628269 1.21820378304
291.903593 1.26834106445
293.27934 1.36857891083
294.554656 1.26842284203
295.829815 1.26831007004
297.105274 1.26834011078
298.546283 1.31841516495
299.972028 1.41854000092
301.247199 1.26829409599
302.622872 1.36848807335
303.898145 1.26839709282
305.123224 1.21817398071
306.39886 1.26841688156
307.574015 1.16821718216
308.799607 1.21818995476
310.241094 1.21826195717
311.617682 1.36854100227
312.842973 1.21826601028
314.16832 1.31841516495
315.443948 1.26840686798
316.669028 1.21813392639
317.89478 1.21846008301
319.343438 1.31844902039
320.618848 1.26818609238
321.793851 1.16809296608
323.069632 1.26847910881
324.394976 1.31844997406
325.620031 1.21816802025
326.745372 1.11806988716
327.970698 1.21818089485
329.346943 1.36865305901
330.772325 1.41847896576
331.947556 1.16825008392
333.223136 1.2683532238
334.498618 1.26833200455
335.724184 1.21835303307
337.099725 1.36845993996
338.274842 1.1681740284
339.563493 1.1681098938
340.96603 1.2183611393
342.242512 1.26845812798
343.417859 1.16822314262
344.593001 1.16820597649
345.81852 1.21826195717
346.993741 1.1682600975
348.269438 1.26844191551
349.494664 1.21828603745
350.669741 1.16811585426
351.795162 1.11820411682
353.020436 1.21830892563
354.296066 1.26838588715
355.521291 1.21824884415
356.746591 1.21828889847
358.022082 1.26826620102
359.364369 1.21825504303
360.589927 1.21821403503
361.815201 1.21826696396
362.990993 1.16834688187
364.216203 1.21824502945
365.391134 1.16799807549
366.666753 1.2683570385
367.841945 1.16821694374
369.117586 1.26834797859
370.342867 1.21831321716
371.807381 1.21836709976
372.983973 1.16826796532
374.309365 1.31842398643
375.585189 1.26842784882
376.810582 1.21838903427
378.035847 1.2182328701
