2.163068 1.51876878738
3.639661 1.46834397316
5.214579 1.56856393814
6.662271 1.41819000244
8.28719 1.61854290962
9.661478 1.36810612679
11.086509 1.41829109192
12.461762 1.36824893951
13.887217 1.41826701164
15.111999 1.21831297874
16.737294 1.61854481697
17.911668 1.1681599617
19.386987 1.46833014488
20.912191 1.51844191551
22.337487 1.41822290421
23.812673 1.46843791008
25.486058 1.61867594719
26.960756 1.46829509735
28.535459 1.56851315498
29.910205 1.36826896667
31.334721 1.41830921173
33.039119 1.46859312057
34.465474 1.41839909554
35.940659 1.4684650898
37.416308 1.46870994568
38.991688 1.56866908073
40.566917 1.56859016418
41.992355 1.41847109795
43.317379 1.31835198402
44.742777 1.41841602325
46.268008 1.51854610443
47.761494 1.46847510338
49.359489 1.46864795685
50.784086 1.41844701767
52.208651 1.41843318939
53.633376 1.41850399971
55.108372 1.468501091
56.583033 1.46853399277
58.057639 1.46846199036
59.432618 1.36853694916
60.807146 1.36838889122
62.332186 1.51891684532
63.854929 1.31840515137
65.281255 1.41850113869
66.75667 1.4687128067
68.131989 1.36863398552
69.657582 1.51861095428
71.082702 1.418364048
72.479998 1.26823496819
73.705273 1.2182700634
74.980267 1.26825213432
76.205862 1.21826982498
77.48092 1.26828694344
78.70593 1.21813607216
80.031406 1.31837797165
81.306448 1.2682390213
82.481817 1.1682600975
83.656687 1.16812586784
84.881676 1.21820807457
86.10695 1.21822190285
87.431984 1.31829810143
88.657442 1.21839594841
89.93242 1.26825809479
91.257568 1.31836795807
92.596209 1.21820402145
94.138184 1.26850509644
95.364416 1.21835684776
96.639573 1.26841711998
98.064855 1.41853117943
99.390191 1.31832003593
100.565097 1.16810393333
101.740394 1.16821289062
102.915528 1.16819787025
104.191068 1.26848697662
105.316096 1.11822605133
106.591028 1.26814985275
107.866464 1.26837110519
109.09146 1.21818900108
110.317212 1.21828699112
111.542211 1.21822094917
112.882827 1.21827888489
114.057879 1.16822910309
115.282991 1.21831393242
116.458346 1.16828298569
117.683662 1.21830511093
118.959182 1.26845812798
120.134287 1.16815519333
121.410454 1.26845312119
122.635521 1.21829199791
123.760541 1.11820101738
125.111431 1.11816000938
126.33766 1.2183110714
127.562701 1.21828699112
128.637469 1.06794500351
129.912939 1.26834177971
131.137963 1.21825408936
132.385358 1.11819601059
133.460596 1.06807494164
134.635662 1.1682009697
135.861107 1.21831607819
137.136269 1.26837897301
138.31121 1.16812205315
139.48656 1.16822695732
140.761721 1.26834511757
141.887088 1.11819601059
143.011969 1.11804294586
144.086898 1.06804895401
145.212366 1.11828398705
146.43768 1.21836590767
147.562566 1.11805915833
148.687865 1.11809706688
149.862961 1.16828894615
151.268391 1.26883983612
152.393286 1.11808919907
153.518414 1.11806511879
154.693272 1.16805386543
156.18814 1.16808915138
157.464189 1.268242836
158.639172 1.16820502281
159.814247 1.1679661274
160.939429 1.11816000938
162.164501 1.21810293198
163.339784 1.16818404198
164.614786 1.268201828
165.739912 1.11804485321
166.964873 1.21815395355
168.039704 1.06801509857
169.215368 1.16811490059
170.554875 1.21827793121
171.680036 1.11802506447
172.754783 1.06797909737
173.88001 1.11812615395
174.954862 1.06802082062
176.18011 1.21816706657
177.254949 1.06802392006
178.330039 1.06825304031
179.405221 1.06804299355
180.580124 1.16808009148
181.755583 1.16820311546
182.930625 1.16819381714
184.055457 1.11797189713
185.130965 1.06807899475
186.502986 1.16812419891
187.579027 1.06807780266
