2.07062 1.61821603775
3.497497 1.41820693016
5.272118 1.76849102974
6.697494 1.41827392578
8.222503 1.51826286316
9.696721 1.46811914444
11.071801 1.36812114716
12.49615 1.41815781593
14.020703 1.51833295822
15.64533 1.61847901344
17.220676 1.56834816933
18.996158 1.76874613762
20.671202 1.66858911514
22.395911 1.71853709221
23.920973 1.51829195023
25.345561 1.41814899445
26.811714 1.36823296547
28.137005 1.31817293167
29.412097 1.26827597618
30.787486 1.36833000183
32.369459 1.36828804016
33.745489 1.36827611923
35.120503 1.36833620071
36.495741 1.36824202538
37.820519 1.31812381744
39.195682 1.36822199821
40.720856 1.51846599579
42.146172 1.41838407516
43.421395 1.26830196381
44.746399 1.31808400154
46.071604 1.31821489334
47.39669 1.3182451725
48.832722 1.36828494072
50.407939 1.56860494614
51.882459 1.46844983101
53.3569 1.4683098793
54.831348 1.46831393242
56.456347 1.61858296394
58.03098 1.56854295731
59.505439 1.46835708618
61.02987 1.51833820343
62.687683 1.46836090088
64.063724 1.36831903458
65.438568 1.36824202538
67.063771 1.61855387688
68.38892 1.31812691689
70.014275 1.61865210533
71.539723 1.51851391792
73.020495 1.36827993393
74.445858 1.41838717461
75.820769 1.36818003654
77.246361 1.41844391823
78.571249 1.31812405586
79.796413 1.21822190285
80.971457 1.16800117493
82.346355 1.36818695068
83.621628 1.26812601089
84.946866 1.31823301315
86.27202 1.26835179329
87.697745 1.41839003563
89.02281 1.31835889816
90.398083 1.36828994751
91.722937 1.31814289093
93.271457 1.36822605133
94.751524 1.36834287643
96.026295 1.26809692383
97.502469 1.46853613853
98.727411 1.21817421913
100.002809 1.26838803291
101.227626 1.21806812286
102.502551 1.26812887192
103.777712 1.2681119442
105.15278 1.36829400063
106.528248 1.36829900742
107.793098 1.21806502342
109.117991 1.3181540966
110.444489 1.31832289696
111.66943 1.21809506416
112.894225 1.21805500984
114.119509 1.21817111969
115.710444 1.4688680172
117.28549 1.5688290596
118.76023 1.4685959816
120.184684 1.41825294495
121.759759 1.56862807274
123.334574 1.56862688065
125.280803 1.76899194717
126.707334 1.41855597496
128.432842 1.71874308586
129.880419 1.41855788231
131.405858 1.51855993271
132.881322 1.46863007545
134.457061 1.5687289238
135.832292 1.36848306656
137.207746 1.36839699745
138.633224 1.41866207123
140.046676 1.26831412315
141.272018 1.21824193001
142.546923 1.26812887192
143.871981 1.31823515892
145.1474 1.26825785637
146.422355 1.26816296577
147.747806 1.31833386421
148.922611 1.16800999641
150.147626 1.21814513206
151.473066 1.31833791733
152.697918 1.21807599068
154.123602 1.41856908798
155.621649 1.31837201118
156.848103 1.21821188927
158.223317 1.36840295792
159.448119 1.21801590919
160.878406 1.26825881004
162.203614 1.31824493408
163.52898 1.31829190254
164.803995 1.26817393303
166.079877 1.26838994026
167.204678 1.11800503731
168.479974 1.26843690872
169.71971 1.21819019318
170.994762 1.26825094223
172.270078 1.26828598976
173.645181 1.36827993393
174.870318 1.21806788445
176.095303 1.21812987328
177.320852 1.21847891808
178.545765 1.21809697151
179.820722 1.26817083359
181.13664 1.21821808815
182.211411 1.06793999672
183.386183 1.1679661274
184.51191 1.11820697784
185.895598 1.16805100441
187.121687 1.21817994118
188.346601 1.21813678741
189.67206 1.31833004951
190.796805 1.11791801453
191.921601 1.1179702282
193.146806 1.21814703941
194.471927 1.31828808784
195.647064 1.16812396049
196.871944 1.21809601784
198.0968 1.21810603142
199.322009 1.21819114685
200.644597 1.21812295914
201.819731 1.16802000999
202.944495 1.11795091629
204.119589 1.16797804832
205.244403 1.11801791191
206.419242 1.1680188179
207.644585 1.2181661129
208.769345 1.11794614792
209.84442 1.06796503067
211.12044 1.26815485954
212.245328 1.11806702614
213.320343 1.06795787811
214.445107 1.11795902252
215.520121 1.06789302826
216.930964 1.21819806099
218.106979 1.16813397408
219.385583 1.16805696487
220.510615 1.1179151535
221.635418 1.11794805527
222.81069 1.16811203957
223.935532 1.11794304848
225.060739 1.1180870533
226.235677 1.16808605194
227.360599 1.11792993546
228.536172 1.16806101799
229.711105 1.16808986664
230.88602 1.16808795929
231.961148 1.06795406342
233.085962 1.11779808998
234.161152 1.06804609299
235.336118 1.16807103157
236.511025 1.16809391975
237.727428 1.11794495583
238.852866 1.11798405647
239.877565 1.01784014702
241.002737 1.11798501015
242.127805 1.11818385124
243.252593 1.11794281006
244.427811 1.16805911064
245.652772 1.21809101105
246.727418 1.0677959919
248.021955 1.11799192429
249.197929 1.16810703278
250.372887 1.16795611382
251.447693 1.06795597076
252.572828 1.11802482605
253.697749 1.11807894707
254.823084 1.11814212799
256.149122 1.21830701828
257.273898 1.11795902252
258.399135 1.11807107925
259.524041 1.11803817749
260.598778 1.06786298752
261.673945 1.06795501709
262.798768 1.1179728508
263.823916 1.01797580719
264.848841 1.01791405678
265.923519 1.06781291962
267.048711 1.11790513992
268.173611 1.11799383163
269.248803 1.06799793243
270.323627 1.06796598434
271.398321 1.06778812408
272.523599 1.11808586121
273.743893 1.11805105209
274.819221 1.06795811653
275.894055 1.06793999672
276.918772 1.01779580116
278.204229 1.06797099113
279.230251 1.01796984673
280.35512 1.11801695824
281.430301 1.06800794601
282.605518 1.16802191734
283.681164 1.06830811501
284.756609 1.06807303429
285.831766 1.06822299957
286.956753 1.11802697182
288.232243 1.2682659626
289.50742 1.26822805405
290.583688 1.06820082664
291.905544 1.21820902824
293.030592 1.11814379692
294.105319 1.06781077385
295.180515 1.06796097755
296.305412 1.11789488792
297.380601 1.06802010536
298.505609 1.11809206009
299.680554 1.16790318489
300.806099 1.11797380447
301.880936 1.06791400909
303.006462 1.11829209328
304.181467 1.16807198524
305.256291 1.06785798073
306.331413 1.06785511971
307.406155 1.06786298752
308.695975 1.06806898117
310.233312 1.41840696335
311.908385 1.66870594025
313.633446 1.71874189377
314.958351 1.31829595566
316.433081 1.46838593483
317.957866 1.51844000816
319.482953 1.51847505569
320.957607 1.46832895279
322.682719 1.71878480911
324.10778 1.418446064
325.532471 1.41831898689
326.957114 1.41838002205
328.331512 1.36816000938
330.00679 1.66866993904
331.281067 1.26802992821
332.805719 1.51841592789
334.099752 1.16818404198
335.174681 1.06797599792
336.299822 1.11800599098
337.474711 1.16797709465
338.600305 1.11801600456
340.029417 1.16827297211
341.15555 1.11800193787
342.230271 1.06781601906
343.305073 1.06784486771
344.430255 1.11796498299
345.505136 1.06795978546
346.730498 1.21816802025
347.90549 1.16805005074
349.03034 1.11792302132
350.205635 1.16811990738
351.280459 1.06782722473
352.505195 1.11807703972
353.580405 1.06799006462
354.705199 1.1178188324
355.830208 1.11802196503
356.855436 1.01784801483
357.930295 1.06791591644
359.055657 1.11812400818
360.180505 1.11793589592
361.305548 1.1180369854
362.430737 1.1179459095
363.60572 1.16801905632
364.831285 1.21812391281
366.006352 1.16814112663
367.081112 1.06776809692
368.156345 1.067923069
369.331342 1.16800403595
371.139039 1.4684150219
372.514374 1.36821913719
373.93931 1.41834712029
375.564219 1.61856484413
377.03897 1.468334198
378.463953 1.41831588745
380.038802 1.56847691536
381.363574 1.31820201874
382.788481 1.41830086708
384.313339 1.51848101616
385.637925 1.31819009781
387.11297 1.46838402748
388.537772 1.41837906837
390.162612 1.61842489243
391.589277 1.41850209236
393.014129 1.41841387749
394.181151 1.06793308258
395.206307 1.01783204079
396.281516 1.06814002991
397.406829 1.11798095703
398.531951 1.11809396744
399.656917 1.1180100441
400.945074 1.06796598434
402.134077 1.11829590797
403.309323 1.16821813583
404.434352 1.11806702614
405.609744 1.16810488701
406.684689 1.06798100471
407.86005 1.16802501678
409.035237 1.1682009697
410.210303 1.16803503036
411.385631 1.16807389259
412.658848 1.16808795929
413.784206 1.11802911758
414.859206 1.06800484657
415.98432 1.11803889275
417.009642 1.01793718338
418.184742 1.16808009148
419.310172 1.11804699898
420.435384 1.1180961132
421.560412 1.11804699898
422.635769 1.0679910183
423.710754 1.06798195839
424.836209 1.11805605888
425.961279 1.11805105209
427.186443 1.21813583374
428.311774 1.11801886559
429.386633 1.06783294678
430.949102 1.36861610413
432.697064 1.5185751915
434.17373 1.46858382225
435.749198 1.56852006912
437.424864 1.66872501373
438.800398 1.36836218834
440.225895 1.4185230732
441.702065 1.46891903877
443.07758 1.36857104301
444.352657 1.2681581974
446.078891 1.71881818771
447.60448 1.51865887642
449.180417 1.56872391701
450.555742 1.36842608452
452.08127 1.51860904694
453.5072 1.41871500015
454.792237 1.11824679375
455.867268 1.06794905663
457.043116 1.16811704636
458.268607 1.2184650898
459.343847 1.06793093681
460.418795 1.06790399551
461.493611 1.06781387329
462.785385 1.01788711548
464.011799 1.21822285652
465.137368 1.11823391914
466.212344 1.06795597076
467.387839 1.16814494133
468.462722 1.06786799431
469.588164 1.11818099022
470.663034 1.06784415245
471.744166 1.01785302162
473.087139 1.16819596291
474.362419 1.26815891266
475.537415 1.16794300079
476.662852 1.11810684204
477.838096 1.16810297966
478.963112 1.11797690392
480.038615 1.06803297997
481.16382 1.11811804771
482.289897 1.11831212044
483.415099 1.11816191673
484.590114 1.16795110703
485.765547 1.16811490059
486.940769 1.16813087463
488.167191 1.2186498642
489.242158 1.06792092323
490.367055 1.11782002449
492.198013 1.36844396591
493.834924 1.41843509674
495.511773 1.66876411438
497.087573 1.56874299049
498.513239 1.4183909893
499.938696 1.41841816902
501.514934 1.56884098053
502.990594 1.46861600876
504.466096 1.46841907501
505.841858 1.36840105057
507.167253 1.31839203835
508.593052 1.41848421097
509.668231 1.06811618805
510.693046 1.01778101921
511.819434 1.1180741787
512.994611 1.16812396049
514.162737 1.06803107262
515.287967 1.11815690994
516.413263 1.11801791191
517.538654 1.11802983284
518.864119 1.31831002235
519.989565 1.11811304092
521.11496 1.11812591553
522.291484 1.16815805435
523.466767 1.16819906235
524.735557 1.06799411774
525.761809 1.01789498329
526.836924 1.06803321838
527.961925 1.11796498299
529.087469 1.11815190315
530.212695 1.1181230545
531.338276 1.11823415756
532.464934 1.01802587509
533.539951 1.06792616844
534.665385 1.11807608604
535.690365 1.0178630352
536.815624 1.11808514595
537.840885 1.01787281036
538.916094 1.06806898117
539.991512 1.06799602509
541.016628 1.0180170536
542.041523 1.01782202721
543.066915 1.01791381836
544.142142 1.06802511215
545.217204 1.06790113449
546.292643 1.06802082062
547.317728 1.01789212227
548.393295 1.06812787056
549.509728 1.01789498329
550.585249 1.06808495522
551.760519 1.16809296608
552.7359 0.9679479599
553.760978 1.01790189743
555.06846 1.11811590195
556.194932 1.11811208725
557.320105 1.11804795265
558.345469 1.01796388626
559.470718 1.11811494827
560.596147 1.11803412437
561.77162 1.16809988022
562.796813 1.01796293259
563.922354 1.11804795265
564.897428 0.967960119247
565.92252 1.01794695854
567.246537 1.21834897995
568.221582 0.96784901619
569.246572 1.01777005196
570.221559 0.967798948288
571.247011 1.0179309845
572.322253 1.06810998917
573.347755 1.01803803444
574.372895 1.017993927
575.447975 1.06793999672
576.52351 1.0680911541
577.548644 1.01797699928
578.474024 0.917875051498
579.549217 1.06805419922
580.724672 1.16827583313
581.75008 1.01798391342
582.775093 1.01787400246
583.891952 1.01788496971
584.967508 1.06801915169
586.192852 0.967928886414
587.269245 1.06804800034
588.344394 1.06798410416
589.370029 1.01809382439
590.395247 1.01804018021
591.420299 1.0179040432
592.495871 1.0680949688
593.471295 0.968108892441
594.624632 1.06815123558
595.649787 1.01800584793
596.724936 1.06798410416
597.800427 1.0680410862
598.875579 1.06797003746
599.94952 1.01810407639
601.170539 1.11805701256
602.246062 1.06794691086
603.27133 1.01787900925
604.297086 1.01786398888
605.322327 1.01785707474
606.447861 1.11803889275
607.523468 1.06818890572
608.598712 1.06803703308
609.624245 1.01803898811
610.599324 0.967836141586
611.675006 1.06816101074
612.700172 1.01797294617
613.775388 1.06800484657
614.850994 1.06810688972
615.826046 0.967789888382
617.075731 0.967947006226
618.256582 1.06794404984
619.38226 1.11809897423
620.507704 1.11808490753
621.583432 1.06811904907
622.658708 1.06804800034
623.683701 1.01778888702
624.709227 1.01795005798
625.784444 1.06800794601
626.759927 0.967853069305
627.835556 1.06832194328
628.8107 0.96791100502
629.78565 0.96777009964
630.861234 1.06798100471
632.015601 1.11807918549
633.091251 1.0681219101
634.116399 1.01791906357
635.233654 1.01787400246
636.209048 0.967869997025
637.234305 1.01790213585
638.259973 1.01811289787
639.28518 1.0179901123
640.410447 1.11804389954
641.436172 1.01797795296
642.511457 1.06797790527
643.587041 1.06808400154
644.612374 1.01811599731
645.637482 1.01786804199
646.713311 1.06830811501
647.908526 1.01798796654
648.884985 0.968052148819
649.910357 1.01813697815
650.985625 1.06806111336
652.17931 1.06811213493
653.304649 1.11807894707
654.279958 0.967874765396
655.25491 0.967769145966
656.230352 0.96795296669
657.455754 1.21821522713
658.555433 1.06798911095
659.580761 1.01792097092
660.655947 1.0679461956
661.682099 1.0180311203
662.857463 1.1680970192
664.015042 1.11804699898
664.990435 0.967925071716
666.116015 1.11836600304
667.191164 1.06795907021
668.216718 1.01801896095
669.282843 0.967841148376
670.30839 1.01804494858
671.333612 1.01801609993
672.409789 1.06809401512
673.434985 1.01795291901
674.583473 1.11810302734
675.7093 1.11816906929
676.734513 1.01797294617
677.860269 1.11814594269
679.108889 0.967839002609
680.18538 1.06813907623
681.21044 1.01789712906
682.185434 0.96778011322
683.210707 1.01776790619
684.285944 1.06801486015
685.311267 1.01779079437
687.082801 1.56886792183
688.407679 1.31826996803
690.032825 1.61861109734
691.531441 1.46863603592
693.056634 1.51858901978
694.732082 1.66886997223
696.557619 1.81894493103
697.982892 1.4183409214
699.508052 1.51857709885
700.782871 1.26822280884
702.208265 1.41846489906
703.833578 1.61875200272
705.108518 1.26830101013
706.7342 1.61879897118
708.259386 1.51855587959
709.941617 1.46848392487
711.081248 0.968031167984
712.106448 1.01791286469
713.131761 1.01789498329
714.357183 1.21818900108
715.4329 1.06796908379
716.458021 1.01785898209
717.484036 1.01800394058
718.459261 0.967920780182
719.4845 1.01797413826
720.460053 0.967890024185
721.535429 1.06800889969
722.560975 1.01797890663
723.536127 0.967877864838
724.561451 1.01795697212
725.637001 1.06795692444
726.662217 1.01794886589
729.074798 1.56913399696
730.100282 1.01788496971
731.198421 1.06797790527
732.324499 1.1182808876
733.399843 1.0680501461
734.425176 1.01794695854
735.400748 0.96797990799
736.476159 1.06807518005
737.501751 1.01798415184
738.476911 0.967854976654
739.657819 0.96795797348
740.635493 0.967941999435
741.610754 0.967895030975
742.636363 1.0180079937
743.661655 1.01797294617
744.686861 1.01788210869
746.339511 1.46865105629
747.364853 1.01802897453
748.390108 1.01788377762
749.365255 0.967824935913
750.390957 1.01803612709
751.366145 0.967887878418
752.442072 1.06807088852
753.517429 1.06799793243
754.542673 1.01788377762
755.618645 1.0681078434
756.744232 1.11823701859
757.770036 1.01812601089
758.795375 1.01795697212
759.820633 1.01792097092
760.896214 1.06796813011
761.971595 1.06804609299
763.809003 1.46870493889
764.884313 1.06804895401
766.010057 1.11818504333
767.035457 1.01802897453
768.06109 1.01798892021
769.086322 1.01787495613
770.332193 1.0679090023
771.308753 0.968030929565
772.384012 1.06796908379
773.459645 1.06802892685
774.484833 1.01790308952
775.510036 1.01794695854
776.535556 1.01798796654
777.710916 1.16810202599
778.736516 1.01804208755
779.811836 1.06799006462
781.600903 1.5185880661
783.07598 1.46845293045
784.651275 1.56860899925
786.176786 1.51860690117
787.551804 1.36838507652
788.926763 1.36830401421
790.402356 1.46860313416
791.777467 1.36846590042
793.102361 1.31825995445
794.727945 1.61861205101
796.152922 1.41834306717
797.678151 1.51858496666
799.205033 1.51865100861
800.630258 1.41858410835
802.316342 1.4684150219
803.84358 1.51871395111
805.874407 1.66880106926
807.399635 1.51851010323
808.775 1.36837291718
810.14996 1.36832809448
811.625011 1.46840000153
813.000482 1.36849594116
814.375676 1.36841893196
815.800704 1.41840291023
817.227752 1.41850304604
818.603212 1.36861109734
820.078539 1.46859693527
821.50424 1.4186270237
823.029601 1.51870203018
824.404665 1.36842393875
825.880385 1.46872401237
827.405821 1.51874709129
828.938534 1.41846990585
830.263399 1.31814217567
831.590611 1.3184530735
833.083056 1.26830410957
834.47571 1.368445158
835.801441 1.31841611862
837.277546 1.46866297722
838.55308 1.268253088
839.928905 1.36830711365
841.204416 1.26827192307
842.68036 1.46848201752
844.105973 1.41840600967
845.281672 1.16811800003
846.707284 1.41838884354
848.065063 1.31822800636
849.390899 1.31831598282
