1.704578 1.43316292763
3.129978 1.41818904877
4.5548 1.41812300682
5.979869 1.41817498207
7.354652 1.36811685562
8.679281 1.31797003746
10.304607 1.61831712723
11.679356 1.36807799339
13.053879 1.36814904213
14.528778 1.46820902824
15.903218 1.36808109283
17.678044 1.76866602898
19.202934 1.51820492744
20.777995 1.56838107109
22.103128 1.31814789772
23.477631 1.36812591553
25.007251 1.41835212708
26.381821 1.36825799942
28.05697 1.66873216629
29.581541 1.51840186119
31.056026 1.46832299232
32.597077 1.36830306053
34.123263 1.51846504211
35.698426 1.56848406792
37.123653 1.41831898689
38.748988 1.61870098114
40.173793 1.41826295853
41.649013 1.46833395958
43.073817 1.4182369709
44.549024 1.46836614609
45.973942 1.418364048
47.448922 1.4683611393
48.990991 1.41837191582
50.365749 1.36811304092
51.940913 1.56851792336
53.31612 1.36826705933
54.712958 1.36810994148
56.138416 1.41851186752
57.7638 1.61873006821
59.088601 1.31803798676
60.714525 1.61869311333
62.239533 1.51840209961
64.147121 1.66875600815
65.493348 1.31814694405
67.068615 1.56859207153
68.4435 1.36828684807
69.818784 1.36831402779
71.243699 1.41826987267
72.708025 1.36812901497
74.083977 1.36835503578
75.759338 1.66870307922
77.084562 1.31823801994
78.659767 1.56857514381
80.084898 1.4184679985
81.360254 1.26836109161
82.808799 1.41830515862
84.0841 1.26820683479
85.659327 1.56854605675
87.03437 1.36839699745
88.359525 1.31817603111
89.73444 1.36826896667
91.109685 1.36824417114
92.684899 1.56853508949
94.296953 1.36831307411
95.667409 1.26823306084
96.942435 1.26808190346
98.217184 1.26809096336
99.61732 1.36832380295
100.892219 1.26819801331
102.166918 1.26803708076
103.441999 1.26810717583
104.88591 1.41827511787
106.160972 1.26810407639
107.435735 1.26811504364
108.760651 1.318171978
110.035554 1.26818990707
111.260591 1.21799206734
112.435371 1.16792297363
113.760616 1.3182349205
115.009 1.21802592278
116.514614 1.41830086708
117.689607 1.16800117493
119.014343 1.31805205345
120.239462 1.21807384491
121.514275 1.26813602448
122.8892 1.36820006371
124.314611 1.41839885712
125.70327 1.11815190315
126.979293 1.26819491386
128.304277 1.31829810143
129.679479 1.36824607849
130.954287 1.26805400848
132.229071 1.26807403564
133.554361 1.31832885742
134.879224 1.31821203232
136.237466 1.31825590134
137.498871 1.16810798645
138.673806 1.16794705391
139.948707 1.26812291145
141.210132 1.21813797951
142.384991 1.16799783707
143.559572 1.16791510582
144.734618 1.16799092293
145.95927 1.21796703339
147.284881 1.31822419167
148.459651 1.16804480553
149.734515 1.2681221962
150.909693 1.16800093651
152.184526 1.26813292503
153.35953 1.1680161953
154.634381 1.26810193062
156.144892 1.26811909676
157.896349 1.61894893646
159.521323 1.61875605583
161.046099 1.51860904694
162.77109 1.71881985664
164.246172 1.46857094765
165.670702 1.4183177948
166.995015 1.3181540966
168.820591 1.81907296181
170.345484 1.51872992516
172.020676 1.66896390915
173.7961 1.76894402504
175.27076 1.46847295761
176.895647 1.61854195595
178.119924 1.21808409691
179.59496 1.46845602989
181.019426 1.41825890541
