2.226133 1.61889696121
3.702759 1.46848797798
5.127518 1.4184319973
6.652206 1.51854109764
8.027513 1.36837792397
9.552778 1.51851916313
10.928099 1.36837291718
12.330853 1.36838507652
13.856345 1.51847410202
15.331651 1.46852898598
16.806455 1.46842694283
18.230991 1.41838598251
19.70601 1.46858906746
21.181415 1.46857094765
22.756224 1.56868505478
24.282871 1.51881885529
25.721177 1.31848406792
27.096716 1.36842703819
28.522223 1.41867518425
29.897883 1.36853504181
31.373258 1.46849584579
32.940291 1.31851792336
34.517533 1.56891894341
35.942818 1.41860580444
37.368471 1.41865897179
38.743853 1.36858010292
40.169247 1.41862392426
41.594828 1.41860103607
42.970015 1.36850094795
44.345565 1.36854696274
45.620675 1.26839995384
47.128349 1.46864008904
48.56738 1.31854295731
49.942925 1.36854505539
51.217998 1.26832008362
52.593194 1.36850881577
53.868673 1.26838612556
55.193906 1.31851005554
56.469442 1.26843500137
57.839658 1.31849598885
59.16473 1.31841683388
60.490234 1.31854605675
61.815715 1.31875896454
63.289264 1.21842193604
64.615818 1.31859493256
65.940985 1.31847214699
67.266633 1.31863689423
68.666279 1.36851286888
70.36404 1.56900119781
71.78868 1.41851186752
73.363591 1.56879496574
74.788715 1.41873407364
76.213524 1.41866397858
77.688302 1.46865797043
79.012805 1.31837797165
80.287787 1.26852202415
81.612459 1.31854319572
83.087197 1.46854686737
84.512233 1.41860795021
85.836946 1.31856513023
87.562106 1.71902513504
88.986913 1.41860485077
90.612327 1.61895799637
92.037143 1.41867899895
93.665094 1.26843595505
94.891453 1.21842813492
96.116733 1.21847200394
97.292255 1.16843795776
98.617645 1.3186109066
99.942904 1.31849598885
101.368841 1.41886901855
102.746132 1.31847286224
104.071865 1.31868696213
105.347125 1.26847982407
106.772536 1.41865801811
107.998112 1.21850299835
109.273841 1.26874709129
110.549839 1.26848006248
111.875214 1.31859087944
113.100441 1.21844100952
114.389564 1.16843318939
115.615126 1.2184650898
116.840351 1.21837496758
118.11604 1.26859903336
119.391448 1.26848006248
120.816843 1.41863703728
121.992878 1.1685731411
123.368382 1.36871004105
124.883157 1.26859498024
126.159916 1.26859593391
127.385296 1.21856021881
128.710839 1.31867599487
130.036559 1.3185710907
131.26201 1.21864795685
132.487625 1.21851611137
133.913197 1.41872620583
135.284673 1.21847200394
136.460176 1.16836905479
137.685459 1.21838712692
138.911089 1.21853494644
140.186428 1.26851296425
141.361714 1.16847300529
142.587528 1.21851086617
143.86293 1.26858496666
145.138296 1.26850605011
146.313822 1.16842198372
147.639253 1.31856703758
148.814908 1.16849517822
149.990061 1.1683549881
151.265517 1.2685649395
152.491123 1.21849179268
153.766506 1.26854991913
155.320866 1.21878886223
156.496775 1.16824316978
157.772237 1.26845383644
158.897325 1.11822915077
160.022657 1.11817598343
161.197613 1.16816997528
162.423072 1.21832299232
163.648295 1.21840906143
164.8737 1.21835303307
166.098953 1.21837997437
167.374158 1.26841282845
168.549538 1.16831088066
169.774615 1.21831202507
171.000137 1.21838498116
172.175272 1.16829800606
173.400368 1.21829104424
174.735186 1.21846008301
176.060853 1.31858301163
177.286255 1.21850895882
178.411712 1.11835193634
179.636944 1.21839499474
180.862677 1.21845912933
181.987822 1.11833906174
183.163047 1.16836094856
184.2884 1.11820697784
185.673342 1.16837286949
187.000181 1.31854200363
188.075321 1.06826400757
189.300846 1.2184278965
190.476012 1.16833996773
191.651125 1.16830396652
192.826346 1.16820597649
194.116655 1.16846489906
195.242689 1.11834096909
196.317731 1.06821489334
197.393116 1.0682580471
198.51819 1.11824393272
199.593192 1.06814408302
200.768377 1.16832399368
201.893882 1.11831688881
203.019432 1.11844110489
204.144899 1.118309021
205.270207 1.1184899807
206.395313 1.11826109886
207.520715 1.11823678017
208.595659 1.06810593605
209.72114 1.1183450222
210.896293 1.1682741642
212.129958 1.11825013161
213.305382 1.16831493378
214.380398 1.0681540966
215.556164 1.16860103607
216.806174 1.06816196442
217.88242 1.06823420525
219.007604 1.11828780174
220.132788 1.1182179451
221.258162 1.11825799942
222.333134 1.06809616089
223.408406 1.06817698479
224.533566 1.11829209328
225.65876 1.11835002899
226.734055 1.06817913055
227.859133 1.11824178696
228.934428 1.06816220284
230.172172 1.11817193031
231.347734 1.1683781147
232.422903 1.06830310822
233.548391 1.11823105812
234.673568 1.11826205254
235.79857 1.11817383766
237.024192 1.21842885017
238.149409 1.11834192276
239.274641 1.11819601059
240.400194 1.11832118034
241.525393 1.11832499504
242.650865 1.11833190918
243.776007 1.11825799942
244.951195 1.16828012466
246.126661 1.16828894615
247.405808 1.11830806732
249.001224 1.51885914803
250.626819 1.61897397041
252.051728 1.41867399216
253.426699 1.36867499352
254.951907 1.51891493797
256.427132 1.46864914894
257.852061 1.41865801811
259.177028 1.31862711906
260.652381 1.46875596046
262.177568 1.51883411407
263.452217 1.26835918427
264.927576 1.46875405312
266.302422 1.36854100227
267.727432 1.4187309742
269.103139 1.36875891685
270.528192 1.4185769558
271.86281 1.21851992607
272.98841 1.11837482452
274.163661 1.16833400726
275.389314 1.21840906143
276.564465 1.16826605797
277.855257 1.11849999428
278.981885 1.11846613884
280.157145 1.1683280468
281.333392 1.1684319973
282.458531 1.11826300621
283.533578 1.06811904907
284.659109 1.11823701859
285.834522 1.16849899292
286.91002 1.06814789772
288.035185 1.11827087402
289.160744 1.11859893799
290.555119 1.26840019226
291.78151 1.21870112419
292.956801 1.16834688187
294.031868 1.06817007065
295.157909 1.11867618561
296.283252 1.118268013
297.358823 1.06827688217
298.434053 1.06820297241
299.509166 1.06816196442
300.634756 1.11837387085
301.760053 1.11827397346
302.885609 1.11828994751
303.960794 1.0682721138
305.086022 1.11823391914
306.211605 1.11834216118
307.487015 1.26847720146
309.002659 1.21858000755
310.178825 1.16840004921
311.304287 1.11827206612
312.529671 1.21838402748
313.605178 1.0682311058
314.730618 1.11852693558
315.855841 1.11824011803
316.981314 1.1182410717
318.106573 1.11823987961
319.182027 1.0681951046
320.407327 1.21833992004
321.482383 1.06808686256
322.707609 1.21830701828
323.883385 1.16829299927
325.058647 1.16829609871
326.284471 1.21859002113
327.533684 1.11836194992
328.709302 1.16834783554
329.934572 1.21835899353
331.060047 1.11832404137
332.185237 1.11824703217
333.310659 1.11819911003
334.436089 1.11832380295
335.561622 1.11832213402
336.837025 1.26845192909
338.012241 1.16823601723
339.296504 1.11816883087
340.473014 1.16837382317
341.598297 1.11834287643
342.824025 1.2184419632
343.999298 1.16831898689
345.174469 1.16823387146
346.5679 1.26850414276
347.642977 1.06816220284
348.768502 1.11827397346
349.893672 1.1182179451
350.969178 1.0682618618
352.044255 1.06813216209
353.169778 1.11843681335
354.295962 1.11827397346
355.471267 1.16835689545
356.596722 1.11820316315
357.822194 1.21848678589
358.997437 1.168227911
360.12297 1.11827898026
361.248128 1.1182320118
362.373649 1.11825704575
363.548818 1.16824412346
364.783546 1.1182410717
365.909516 1.11812496185
367.134967 1.21844792366
368.210505 1.06820607185
369.430187 1.06813883781
370.606594 1.16830205917
371.731887 1.11821889877
372.857351 1.11848497391
374.032896 1.16829776764
375.158158 1.11827611923
376.333824 1.16835594177
377.409176 1.06836509705
378.58468 1.16838383675
379.760271 1.16831612587
380.985645 1.21836400032
382.111236 1.11831402779
383.355789 1.11826300621
384.581437 1.21834397316
385.706629 1.11821603775
386.83229 1.1183450222
387.957904 1.11821198463
389.233677 1.26879405975
390.359224 1.11817598343
391.484579 1.11834096909
392.610229 1.11831593513
393.78585 1.16847681999
394.96113 1.16825699806
396.136823 1.16838812828
397.312165 1.16830301285
398.437967 1.11850094795
399.680251 1.06822085381
400.806721 1.11838293076
402.103319 1.16848111153
403.278901 1.16824889183
404.40414 1.11824584007
405.680097 1.26865506172
406.705211 1.01813101768
407.880487 1.16827297211
409.056186 1.16833591461
410.181442 1.11825299263
411.30712 1.11837005615
412.432455 1.11828517914
413.657813 1.21832895279
414.983259 1.31845116615
416.058795 1.06808900833
417.134056 1.06816601753
418.260125 1.11832094193
419.435458 1.16834402084
420.669458 1.11824798584
421.745078 1.06828308105
422.820438 1.06829500198
423.845902 1.0181620121
424.971146 1.11825108528
426.146476 1.16832113266
427.272017 1.11825990677
428.347195 1.06809592247
429.572569 1.21828985214
430.86379 1.11837291718
431.940307 1.06831908226
433.015551 1.0682258606
434.091038 1.06817293167
435.16661 1.06825590134
436.291928 1.11830496788
437.367391 1.06815195084
438.510261 1.01828408241
439.635657 1.11831498146
440.711281 1.06826210022
441.736717 1.01836395264
442.812068 1.06827497482
443.837706 1.01821708679
444.913081 1.06816887856
445.988774 1.06832504272
447.164205 1.16837000847
448.239644 1.06833291054
449.315326 1.06817603111
450.390684 1.06828808784
451.465945 1.06818509102
452.541642 1.06828403473
453.666944 1.11822199821
454.792786 1.11847400665
456.441626 1.51900100708
457.716601 1.268460989
459.091611 1.36855697632
460.567225 1.46884608269
462.10683 1.36875510216
463.533964 1.41892814636
465.060054 1.51902699471
466.536067 1.46887803078
468.162598 1.61912417412
469.588457 1.41872215271
471.114867 1.51897192001
472.641525 1.51953721046
474.167403 1.51880908012
475.49347 1.31866407394
477.0196 1.518846035
478.495922 1.46895384789
479.89514 1.26864385605
481.421324 1.51917600632
482.846609 1.4188349247
484.371938 1.51887989044
485.74748 1.36874890327
487.172692 1.41873002052
488.597914 1.41870808601
490.1235 1.51878905296
491.599002 1.46880102158
493.273274 1.46881008148
494.85038 1.56881904602
496.32615 1.46879386902
497.852298 1.51890802383
499.2281 1.36876106262
500.803847 1.56879401207
502.229714 1.41860103607
503.49293 1.11827588081
504.568509 1.06821107864
505.693998 1.11831307411
506.919453 1.21838998795
507.995287 1.06825089455
509.070641 1.06815004349
510.196439 1.11835408211
511.221631 1.0180850029
512.296922 1.06820988655
513.322519 1.0181491375
514.497963 1.16829609871
515.523564 1.01818609238
516.598782 1.06815004349
517.62405 1.01811599731
518.699963 1.06813907623
519.775387 1.06828784943
520.959548 1.06813979149
522.135267 1.16833615303
523.415295 1.06832194328
524.591931 1.16834211349
525.617234 1.0181479454
526.693051 1.06839108467
527.868538 1.1683511734
528.944027 1.06836104393
530.020295 1.06817913055
531.145904 1.11850404739
532.271687 1.11834192276
533.447182 1.16835689545
534.572537 1.11822414398
535.59804 1.01810598373
536.673307 1.06813406944
537.748946 1.06827402115
538.937421 1.06821298599
540.063643 1.1183359623
541.189072 1.1182320118
542.414994 1.21852302551
543.440222 1.01810908318
544.51586 1.06853318214
545.59153 1.06821894646
546.616783 1.01810288429
547.792824 1.16849780083
548.86838 1.06841993332
549.893606 1.01808404922
551.019411 1.11834812164
552.09472 1.06818223
553.270572 1.16842293739
554.548454 1.06826090813
555.775139 1.21843910217
557.122964 1.21857213974
558.148619 1.01822090149
559.324308 1.1684679985
560.400035 1.0682349205
561.475443 1.0682489872
562.751058 1.26845908165
563.876785 1.11823391914
564.952163 1.0682451725
566.027857 1.06820702553
567.103406 1.06829786301
568.128979 1.01822113991
569.35448 1.21834015846
570.480188 1.11818194389
571.60558 1.11824989319
572.681317 1.06825613976
573.756712 1.06822109222
575.021283 1.11831998825
576.147119 1.11830806732
577.172999 1.0183570385
578.349138 1.16854500771
579.524847 1.16853094101
580.600178 1.06814098358
581.675969 1.06826806068
582.851473 1.16829204559
583.92681 1.06815314293
585.248306 1.11840701103
586.475256 1.21869087219
587.751215 1.26879191399
588.82658 1.06818604469
589.95239 1.11833095551
591.028094 1.06829214096
592.154435 1.11845493317
593.347898 1.06838703156
594.423247 1.06813502312
595.549155 1.11831498146
596.624756 1.06843590736
597.650491 1.01821613312
598.725942 1.06820607185
599.901394 1.16816902161
600.977625 1.06833100319
602.053038 1.06819486618
603.128663 1.06839203835
604.254737 1.11845088005
605.430357 1.16840004921
606.506127 1.06823587418
607.581529 1.06819105148
608.606944 1.0181658268
609.732919 1.11848187447
611.018523 1.1683678627
612.094889 1.06828594208
613.270475 1.16833305359
614.396375 1.11834597588
615.673801 1.0681848526
616.900602 1.21848511696
617.976034 1.06819319725
619.001437 1.0181760788
620.077273 1.06821203232
621.152698 1.06822800636
622.22841 1.06820297241
623.303991 1.0683631897
624.379345 1.06810307503
625.505128 1.11827707291
626.530534 1.01822590828
627.706546 1.16843605042
628.962415 1.11849689484
630.037826 1.06817579269
631.23823 1.1683819294
632.413712 1.16832017899
633.43961 1.01842212677
634.565121 1.11831498146
635.740655 1.16833782196
636.916766 1.16854810715
638.042257 1.11829900742
639.168118 1.11834597588
640.293709 1.11842107773
641.369098 1.06817507744
642.49485 1.11827111244
643.570227 1.06813502312
644.746094 1.16838479042
646.047545 1.11827516556
647.633547 1.41912508011
649.058895 1.41875219345
650.484183 1.41869592667
651.859444 1.36863994598
653.2851 1.41871213913
654.760455 1.46873497963
656.18596 1.41896009445
657.71171 1.51890802383
659.086953 1.36860895157
660.31202 1.21845793724
661.887471 1.56887888908
663.213164 1.31865000725
664.638764 1.41900014877
666.013935 1.36849117279
667.439715 1.41894602776
668.864918 1.41857004166
670.44979 1.36861801147
671.87479 1.41848611832
673.250396 1.36869215965
674.575462 1.31852507591
676.150827 1.56884002686
677.53596 1.21842813492
678.963015 1.41879105568
680.288827 1.31858491898
681.764789 1.46882987022
683.191048 1.41877603531
684.616902 1.41873788834
686.093078 1.46870398521
687.518963 1.41871285439
688.844909 1.31880092621
690.220979 1.36860799789
691.646811 1.41870212555
693.146962 1.31854891777
694.674632 1.51897001266
696.200178 1.51890778542
697.625576 1.4187169075
699.001267 1.36864995956
700.526932 1.51891493797
702.002364 1.46877193451
703.52826 1.51890611649
704.953677 1.41868877411
706.529274 1.56892609596
708.002567 1.26844096184
709.579863 1.56897807121
710.955767 1.36863994598
712.431728 1.46871614456
713.858046 1.41864395142
715.28402 1.41878890991
716.478607 1.06822800636
717.554436 1.06827998161
718.579925 1.01813793182
719.655853 1.0683119297
720.731371 1.06818699837
721.907132 1.1683151722
723.133494 1.21869707108
724.158895 1.0181081295
725.249821 1.06833481789
726.375286 1.11819005013
727.55096 1.16834998131
728.626898 1.06830906868
729.752424 1.11823916435
730.828637 1.06846499443
731.904312 1.06834220886
732.979776 1.06817007065
734.537214 1.41879105568
735.962617 1.41871213913
737.287986 1.31845498085
738.723598 1.26860499382
740.050602 1.31865000725
741.626852 1.56896281242
743.253526 1.6190328598
744.779858 1.51888799667
746.306206 1.51908397675
747.884373 1.56906199455
749.46051 1.56883597374
750.887057 1.41889691353
752.36314 1.46874308586
753.939433 1.56901597977
755.315775 1.36876296997
756.841944 1.51886510849
758.135665 1.16846418381
759.262736 1.1186978817
760.438389 1.16831994057
761.51403 1.06829690933
762.64004 1.11832594872
763.815821 1.16847991943
764.991821 1.16838312149
766.117538 1.1183719635
767.343552 1.21873617172
768.469505 1.11831712723
769.774222 1.11837410927
770.850966 1.06822705269
771.976539 1.11828804016
773.152201 1.16836094856
774.228049 1.06827807426
775.253562 1.01821184158
777.142196 1.66898107529
778.668003 1.51889705658
780.243435 1.56876683235
781.718807 1.46875
783.144044 1.41858887672
784.571096 1.41884994507
785.996722 1.41884207726
787.572438 1.568983078
789.098304 1.5189011097
790.473762 1.36872792244
791.899107 1.41867899895
793.374892 1.46881699562
794.850319 1.46876215935
796.3758 1.51879715919
797.801596 1.41875600815
799.377171 1.5688560009
801.231046 1.46883296967
802.507206 1.26862597466
803.983256 1.46893191338
805.609175 1.61909580231
807.335105 1.71918487549
808.710558 1.36866998672
810.136413 1.41873192787
811.512146 1.36893701553
812.937557 1.4186809063
814.313436 1.36880612373
815.789087 1.46884298325
817.278734 1.4688270092
818.754747 1.46890902519
820.280392 1.51885485649
821.655887 1.36869812012
823.131925 1.46895003319
824.322204 1.06809902191
825.498359 1.16847395897
826.624514 1.11849808693
827.800239 1.16832995415
828.876213 1.06820416451
830.051929 1.16835784912
831.29406 1.06838011742
832.471445 1.16856217384
833.497095 1.01823401451
834.623391 1.11854505539
835.749382 1.1183450222
836.825261 1.06842708588
838.051558 1.21862006187
839.227312 1.1684088707
840.353113 1.11842703819
841.378944 1.01819610596
