2.226133 1.61889696121
3.702759 1.46848797798
5.127518 1.4184319973
8.027513 1.36837792397
10.928099 1.36837291718
25.721177 1.31848406792
45.620675 1.26839995384
51.217998 1.26832008362
63.289264 1.21842193604
97.292255 1.16843795776
114.389564 1.16843318939
136.460176 1.16836905479
149.990061 1.1683549881
156.496775 1.16824316978
158.897325 1.11822915077
160.022657 1.11817598343
188.075321 1.06826400757
196.317731 1.06821489334
199.593192 1.06814408302
208.595659 1.06810593605
222.333134 1.06809616089
321.482383 1.06808686256
406.705211 1.01813101768
511.221631 1.0180850029
549.893606 1.01808404922
