1.459674 1.11808800697
2.88617 1.41852498055
4.211306 1.31830096245
5.837246 1.618694067
7.362323 1.51867198944
8.787608 1.41821908951
10.162519 1.3681640625
11.588341 1.41846609116
13.013254 1.41848397255
14.438151 1.41845703125
16.014056 1.56857895851
17.389483 1.36840415001
18.765248 1.36849093437
20.0395 1.26790595055
21.514655 1.46828508377
22.839717 1.31828713417
24.6469 1.66883182526
26.121569 1.46839213371
27.696237 1.56839704514
29.021328 1.31830811501
30.345895 1.31824111938
32.051586 1.41868114471
33.427726 1.36835002899
34.802692 1.36837601662
36.077883 1.26830387115
37.602929 1.51839089394
39.128613 1.51875495911
40.504246 1.3683950901
41.779676 1.26831293106
43.455693 1.66883206367
44.730947 1.26831507683
46.306711 1.56880283356
48.01195 1.56859588623
49.287836 1.26850008965
50.512608 1.21837091446
51.988928 1.46894001961
53.334774 1.1682240963
54.759942 1.41873502731
55.884448 1.11813402176
57.009523 1.11817193031
58.334839 1.3182091713
59.71053 1.36854600906
60.985357 1.26815605164
62.547065 1.21820402145
63.823993 1.26822185516
65.289999 1.31820011139
66.565063 1.26819896698
67.89187 1.31838989258
69.146621 1.21833205223
70.421743 1.26847290993
71.446478 1.01821017265
72.621948 1.16838979721
73.997775 1.36872005463
75.173573 1.1683409214
76.375738 1.11843109131
77.650312 1.26838707924
78.775589 1.11820697784
80.202474 1.41890382767
81.277004 1.06818699837
82.401619 1.11819195747
83.777507 1.36862301826
85.053186 1.2685251236
86.2786 1.21838593483
87.403865 1.11842417717
88.845063 1.26865196228
90.020913 1.16837596893
91.246401 1.21839094162
92.923746 1.31884717941
94.440588 1.31886792183
95.742813 1.21847987175
97.06864 1.31841015816
98.585538 1.31897187233
100.042728 1.36851596832
101.643703 1.51875209808
102.947738 1.21847391129
104.173659 1.21845912933
105.47519 1.21861195564
106.801125 1.31847786903
108.104262 1.21842002869
109.544633 1.16818881035
110.769525 1.21817302704
112.3324 1.31845498085
113.585896 1.16824793816
114.761761 1.16833782196
115.866164 1.01818108559
117.062184 1.11840605736
118.187259 1.11811184883
119.462899 1.26852321625
120.638764 1.16832900047
121.864553 1.21864008904
123.4909 1.4189119339
124.768209 1.26858282089
125.980376 1.1683049202
127.055835 1.06819200516
128.181226 1.11829710007
129.547406 1.26869487762
130.773465 1.21855807304
131.948525 1.16829895973
133.123205 1.16817784309
134.399205 1.2685520649
135.624371 1.2182161808
136.849299 1.21813297272
138.175226 1.31850910187
139.429848 1.16849184036
140.655547 1.21851110458
141.581206 0.918174982071
142.656957 1.06857609749
144.183261 1.51905798912
145.338485 1.06855797768
146.514561 1.16859793663
147.790259 1.26850605011
149.032163 1.11863613129
150.358089 1.31874203682
151.683826 1.31863903999
152.959315 1.26856708527
154.314904 1.06842398643
155.591627 1.26864600182
156.767056 1.16840314865
157.789158 0.918127059937
158.914529 1.11824297905
159.966004 1.01813101768
161.241779 1.26863002777
162.317504 1.06821799278
163.529083 1.11861395836
164.654354 1.11827611923
165.830186 1.1684858799
166.65401 0.817604064941
167.729066 1.06806707382
169.054276 1.3183619976
170.129577 1.06813216209
171.335016 1.16842889786
172.260561 0.918059825897
173.235831 0.968133926392
174.245191 0.918253898621
175.370086 1.11812090874
176.696339 1.31880402565
177.62132 0.918161869049
178.646515 1.01804900169
179.621492 0.967916965485
180.627412 0.917938947678
181.637918 0.96791601181
182.662908 1.01804709435
183.738202 1.06822395325
185.064346 1.11814498901
186.289874 1.11827301979
187.315019 1.01803898811
188.440432 1.11824512482
189.84038 1.31857800484
190.865636 1.01816797256
192.067776 1.11806488037
193.323296 1.21863293648
194.937464 1.51860618591
196.012323 1.06831598282
197.587496 1.56866717339
198.912823 1.31869602203
200.187985 1.26858401299
201.762666 1.56844615936
203.287821 1.51859402657
204.876213 1.46861600876
206.200648 1.31818699837
207.626305 1.41881108284
209.15103 1.51845097542
210.776581 1.61907696724
212.101994 1.31853818893
213.577401 1.46893000603
215.102537 1.51866006851
217.047163 1.56883096695
218.236171 1.06836104393
219.411479 1.16819787025
220.637516 1.21850395203
221.813419 1.16846489906
223.239649 1.41866493225
224.264468 1.01790189743
225.239741 0.968079090118
226.265468 1.01816391945
227.742322 1.31877589226
228.918147 1.16837787628
230.143174 1.21809601784
231.457805 1.21864581108
232.483778 1.0184648037
233.740291 1.16872811317
235.386339 1.46899318695
236.511789 1.11827397346
237.487241 0.968016147614
238.612045 1.11795711517
239.863842 1.16828203201
241.139239 1.26831579208
242.397004 1.16818284988
243.622983 1.21845889091
244.748592 1.11846399307
245.853445 1.01835083961
247.321478 1.26835107803
248.447637 1.11820197105
249.670155 1.11809897423
250.695644 1.01804089546
251.921428 1.21841812134
253.284602 1.11843299866
254.560838 1.26860785484
255.767109 1.11834192276
257.043531 1.26882910728
258.319224 1.2684378624
259.374385 0.968145132065
261.065168 1.26870989799
262.269653 1.11834597588
263.49523 1.21843218803
264.891863 1.06836009026
266.050118 1.11808609962
267.275732 1.21837902069
268.681373 1.31851696968
269.989463 1.21877408028
271.286102 1.1686270237
272.567532 1.11814618111
274.125089 1.31885409355
275.300801 1.1685051918
277.008416 1.51912283897
278.646694 1.41866207123
280.123814 1.46859097481
281.499128 1.3685438633
283.0751 1.56885385513
284.438611 1.31861400604
285.81438 1.36863684654
287.340812 1.51890206337
288.716494 1.36858892441
290.142288 1.41866111755
291.368226 1.2184779644
292.894214 1.51888108253
294.220341 1.31859898567
295.796476 1.56910800934
297.172207 1.36859512329
298.448432 1.26871395111
299.611652 1.01828598976
300.787144 1.16835403442
302.263295 1.46871900558
303.238622 0.967936992645
304.213971 0.968024969101
305.479258 1.21848106384
306.833651 1.26856613159
307.909595 1.06830596924
309.355538 1.218572855
311.010203 1.46888995171
311.985792 0.968057155609
313.291157 1.21846699715
314.946723 1.41902709007
316.37224 1.41889595985
317.939398 1.16857290268
319.315229 1.36865901947
320.855492 1.36880397797
322.59714 1.26859307289
324.023699 1.41867804527
325.430668 1.31879210472
326.816744 1.21877408028
328.120339 1.21845722198
329.246043 1.11836504936
330.402964 1.06846117973
331.836504 1.16854000092
333.079036 1.11844992638
334.462522 1.21865797043
335.667738 1.11844110489
337.226113 1.46891403198
338.567352 1.11867904663
340.472399 1.46895098686
341.648299 1.16848802567
342.823281 1.16834998131
344.486448 1.46878600121
345.81177 1.31858301163
347.187174 1.36871194839
348.713147 1.51893091202
349.988332 1.26860690117
351.413284 1.4186091423
352.688843 1.26850104332
354.164317 1.46885299683
355.621272 1.41857790947
357.197386 1.56906914711
358.572045 1.36832904816
359.997489 1.4188580513
361.272912 1.26854205132
