0.847844 0.567018032074
1.623668 0.767405986786
2.497988 0.867460012436
3.272189 0.76743888855
3.945995 0.667306900024
4.519318 0.567047834396
5.143352 0.617084980011
5.717048 0.517163991928
6.290311 0.56702208519
7.314197 1.01769399643
8.238743 0.917532920837
8.811935 0.566984891891
9.386009 0.567089080811
10.160164 0.767429113388
10.867833 0.617114782333
12.393464 1.51862716675
13.040797 0.567195892334
13.614896 0.56707406044
14.13873 0.517030000687
14.662921 0.517162084579
15.236797 0.567063808441
15.811127 0.567175149918
16.335131 0.51712012291
17.109843 0.767655134201
17.883884 0.767539978027
18.407743 0.517040967941
18.931865 0.517022848129
19.706255 0.767452955246
20.230138 0.516988039017
20.90454 0.667325019836
21.506912 0.517366886139
22.081227 0.567240953445
22.605257 0.51713180542
23.129607 0.51717209816
23.703678 0.567242145538
24.227627 0.517100095749
24.752111 0.517114877701
25.977037 1.21809005737
26.501308 0.517128944397
27.125773 0.617322206497
27.649694 0.517011165619
28.173997 0.517098903656
30.300405 2.11950087547
31.032612 0.517129898071
32.11935 0.917960882187
32.692714 0.567195892334
33.967412 1.2683699131
34.541222 0.567354917526
35.114955 0.56755399704
35.688307 0.567175865173
36.262051 0.567284822464
36.835534 0.567243814468
37.809471 0.9677298069
38.382872 0.567207098007
40.308917 1.91947603226
40.882368 0.567249059677
41.455911 0.567267179489
42.0223 0.517300128937
42.596132 0.567430973053
43.570141 0.967803001404
44.443398 0.717710018158
45.016982 0.567317962646
45.541066 0.517255067825
46.065493 0.517314910889
46.589856 0.517322063446
47.113934 0.517238855362
47.638615 0.517449140549
48.461685 0.567320823669
48.98527 0.517285108566
50.059397 1.0679731369
50.5836 0.517223119736
51.107634 0.517238140106
51.982182 0.86770606041
52.50668 0.517198085785
53.030731 0.517210006714
53.556822 0.51729798317
54.431544 0.867834806442
55.256102 0.817706108093
55.780663 0.51730298996
56.304854 0.517304897308
58.796787 2.32027006149
59.320932 0.517246961594
59.845455 0.517426967621
60.62013 0.767800807953
61.382369 0.517431020737
62.258397 0.86790895462
62.78258 0.51731801033
64.208724 1.41886901855
64.783178 0.56739783287
66.10932 1.1684319973
66.683127 0.567478895187
67.25714 0.567399024963
67.830655 0.567269086838
68.404243 0.567299127579
68.978433 0.567471981049
69.652206 0.667476892471
70.22583 0.567327022552
70.849923 0.617475986481
71.724059 0.867836952209
72.297826 0.567296028137
72.821847 0.517400026321
73.395612 0.567489147186
73.969193 0.567273855209
74.543108 0.567407846451
75.116602 0.567328214645
75.901221 0.517210960388
78.277585 2.37019395828
79.452358 1.16829895973
79.976454 0.517282962799
80.499988 0.517257928848
81.024438 0.517304897308
81.548603 0.51731300354
82.373384 0.817717075348
82.952443 0.517370939255
83.476851 0.517324924469
84.552206 1.06822085381
85.076263 0.517197132111
85.760189 0.517420053482
86.284902 0.517359972
86.809112 0.517309904099
89.136136 2.32013487816
89.661076 0.517315864563
90.485767 0.817804098129
91.010886 0.517547130585
91.815639 0.517366886139
92.34095 0.517323970795
94.031917 1.51881694794
95.306978 1.26855683327
95.831204 0.517302036285
96.404837 0.567404031754
96.978368 0.567336082458
97.502389 0.517450094223
98.176261 0.667584896088
100.152681 1.96954393387
100.676544 0.517343997955
101.200122 0.517312049866
101.773966 0.56741809845
103.449042 1.66886687279
103.973735 0.5173869133
104.547367 0.567369937897
105.181479 0.517405986786
105.705777 0.517271995544
106.256128 0.51734995842
106.78033 0.517256975174
107.304561 0.517299890518
107.830125 0.517353057861
108.60484 0.767736911774
109.203679 0.517394065857
109.727915 0.517253875732
110.402849 0.667675971985
112.729893 2.32006406784
114.706973 1.96975421906
115.231281 0.517345905304
115.755509 0.517263174057
116.302492 0.51744389534
116.826811 0.517304897308
117.584359 0.567404985428
118.108101 0.517304897308
118.681678 0.567326068878
119.305639 0.617462873459
119.879254 0.567310810089
121.003637 1.11815500259
121.626403 0.567450046539
122.423264 0.567448854446
122.998586 0.567378997803
123.873191 0.867777824402
124.447731 0.567378044128
126.524333 2.06981396675
127.099039 0.567492961884
127.673184 0.567311048508
128.497708 0.817747116089
129.373615 0.867809057236
130.036325 0.517320871353
130.610612 0.567291021347
131.135206 0.51730298996
131.659441 0.517295122147
133.686217 1.96977996826
134.210497 0.517310142517
134.734621 0.517174005508
135.259353 0.517397165298
135.85655 0.517362117767
136.380669 0.517155885696
136.905164 0.517289876938
137.529507 0.617417097092
138.054094 0.517373085022
138.928385 0.86789894104
139.803106 0.867774963379
140.648574 0.667600870132
141.222243 0.567368030548
141.796023 0.567461013794
142.369729 0.567399978638
144.596556 2.22021007538
145.170401 0.567462921143
145.744124 0.567430019379
146.268164 0.517435073853
148.04395 1.76948690414
148.717751 0.667510032654
149.241833 0.517384052277
151.067506 1.81934690475
151.641175 0.567373037338
152.165353 0.517513990402
153.01485 0.567481040955
154.191258 1.16842603683
155.768871 1.41882610321
156.643641 0.867774009705
157.168327 0.517356872559
157.692712 0.517356872559
158.217347 0.517334938049
158.74167 0.517328023911
161.092977 2.27036619186
161.617626 0.517312049866
162.141851 0.51718211174
162.666567 0.517422914505
163.190863 0.517338991165
163.715213 0.51731300354
164.390711 0.667599916458
164.915076 0.51731300354
166.992348 2.06996202469
167.732973 0.567405939102
168.306895 0.567569971085
168.880734 0.567512989044
169.805244 0.917893886566
170.378876 0.567310094833
170.952595 0.56741809845
171.526563 0.567362070084
172.050153 0.517194032669
172.624026 0.567336082458
173.248003 0.617383003235
174.472647 1.2183098793
175.046517 0.567530870438
175.570576 0.517328023911
176.144207 0.567314863205
176.717876 0.567250967026
177.291836 0.567306995392
178.045569 0.567408084869
178.570506 0.517572164536
179.094796 0.517299175262
179.619758 0.517467975616
180.216916 0.517426013947
181.091724 0.867808818817
182.016563 0.917848110199
184.044248 2.0198700428
184.747986 0.51736998558
185.624049 0.867884159088
186.148328 0.517294883728
186.922935 0.767623186111
187.447469 0.517286062241
187.971743 0.51727604866
188.496384 0.517381191254
