1.811744 1.36844682693
3.338389 1.51839113235
4.812825 1.46830487251
6.338075 1.51834487915
7.812561 1.46834897995
9.43932 1.61876296997
10.91387 1.46836590767
12.389366 1.46845912933
14.064841 1.66872096062
15.289676 1.21810507774
16.664504 1.36838006973
17.989106 1.31825113297
19.364151 1.36831998825
20.889133 1.51853203773
22.264139 1.36823892593
23.989711 1.71882891655
25.359337 1.26838803291
26.734704 1.36829614639
28.009737 1.26820492744
29.234992 1.21821904182
30.409847 1.1680560112
31.861725 1.26842212677
33.037935 1.16833519936
34.212761 1.16814208031
35.387961 1.16824293137
36.56267 1.16804504395
37.887779 1.31849193573
39.062852 1.16813087463
40.337769 1.26823997498
41.613048 1.26835894585
42.888859 1.26857686043
44.16392 1.26840209961
45.487297 1.2182161808
46.712509 1.21821498871
47.887416 1.16816687584
49.112189 1.21807289124
50.387524 1.26832389832
51.762688 1.36850690842
52.937833 1.16815209389
54.162673 1.21814513206
55.437647 1.26831293106
56.662823 1.21815800667
57.88769 1.21816897392
59.313347 1.41861414909
60.488251 1.16823005676
61.712979 1.21805596352
63.12815 1.21842002869
64.285883 1.11819577217
65.564222 1.1681201458
66.88933 1.31833982468
68.11459 1.21830701828
69.339463 1.21814489365
70.51471 1.16823410988
71.689638 1.16816496849
72.964657 1.26832389832
74.29004 1.31842184067
75.464936 1.16819286346
76.690156 1.21823883057
77.915146 1.21830201149
79.089911 1.16804504395
80.265505 1.16822695732
81.440306 1.16810107231
82.615427 1.16812586784
83.790286 1.16816401482
85.221727 1.36832809448
86.496492 1.26833701134
87.971337 1.4684882164
89.596217 1.61873006821
90.870581 1.26822519302
92.195333 1.31830692291
93.828704 1.46860003471
95.455436 1.61887812614
96.980746 1.51857590675
98.356807 1.36846899986
99.681845 1.31828713417
101.307424 1.61881613731
102.833133 1.51868200302
104.308445 1.4685921669
105.884173 1.56873893738
107.259329 1.36842393875
108.907449 1.51877593994
110.182056 1.26842498779
111.65684 1.46858286858
113.131683 1.46864199638
114.456153 1.31825613976
116.031477 1.5688290596
117.556268 1.51861715317
118.830744 1.26828098297
120.305892 1.46864509583
121.830769 1.51867794991
123.25557 1.4185898304
124.853156 1.36858701706
126.329708 1.46872520447
127.855125 1.51869797707
129.480696 1.61878800392
131.056443 1.56871604919
132.283049 1.1182641983
133.609235 1.31874990463
134.82343 1.16816091537
135.999031 1.16837000847
137.224277 1.21832990646
138.449738 1.21840596199
139.725329 1.26848196983
140.900369 1.16819596291
142.125481 1.218323946
143.300861 1.16818499565
144.576108 1.26835989952
145.801581 1.21835684776
146.926805 1.11821198463
148.102231 1.16851305962
149.227679 1.11823296547
150.452839 1.21833491325
151.771885 1.21827602386
152.966043 1.16825294495
154.141195 1.16828012466
155.470479 1.11832284927
156.696864 1.2182970047
157.871973 1.16828513145
159.047484 1.16837692261
160.372715 1.31844997406
161.647877 1.26836895943
162.823355 1.16830301285
164.098568 1.26838207245
165.324134 1.21847510338
166.549243 1.21828198433
167.724353 1.16819286346
169.050423 1.31850409508
170.275526 1.21830582619
171.614691 1.21876311302
172.789768 1.16823792458
174.015093 1.2183110714
175.290164 1.26826405525
176.646363 1.31851506233
177.921522 1.26837706566
179.297455 1.36876797676
180.522477 1.21819996834
181.78874 1.21826195717
183.064506 1.26865100861
184.289595 1.21820402145
185.515049 1.2183611393
186.946138 1.26838588715
188.222852 1.26861286163
189.397876 1.16821217537
190.622949 1.21826887131
192.298504 1.56871700287
193.673153 1.36836099625
195.097971 1.4185590744
196.673265 1.56875395775
197.997902 1.31838083267
199.322565 1.31826996803
200.998409 1.66905903816
202.473406 1.46862912178
204.048387 1.5686879158
205.673845 1.61889004707
207.198794 1.51872801781
208.72368 1.51859307289
210.248674 1.51885890961
211.623525 1.36841702461
213.098328 1.46853780746
214.423018 1.31844091415
215.874236 1.31879377365
217.454042 1.41863703728
218.930687 1.46869015694
220.40614 1.4686331749
221.981813 1.56876587868
223.858178 1.86924695969
225.433877 1.56877398491
226.938086 1.46873497963
228.41408 1.46883583069
229.739413 1.31844091415
231.215224 1.46856188774
232.791548 1.56909203529
234.117839 1.31876206398
235.393029 1.26835203171
236.968735 1.56883192062
238.244334 1.2683160305
239.564718 1.21839404106
240.790364 1.21841979027
242.015652 1.21835684776
243.271496 1.21842217445
244.546803 1.26837801933
245.722015 1.16826891899
246.947618 1.21837687492
248.309381 1.16836810112
249.535964 1.21850299835
250.761338 1.2184689045
251.887131 1.11844396591
253.113019 1.21863603592
254.338223 1.21832299232
255.51372 1.16829299927
256.689428 1.16851401329
257.915074 1.21844387054
259.142703 1.11844992638
260.318358 1.16842007637
261.493573 1.16831207275
262.869752 1.36895704269
264.14507 1.2683839798
265.32032 1.16824293137
266.495995 1.16824913025
267.721215 1.2182970047
268.846724 1.11830806732
270.02196 1.16829109192
271.297217 1.26832389832
272.472866 1.16842103004
273.698067 1.21824502945
274.974277 1.2685778141
276.250124 1.2686290741
277.475512 1.21839594841
279.39025 1.46899104118
280.966291 1.56874203682
282.340963 1.36845397949
283.765785 1.41857600212
285.190903 1.41851305962
286.816044 1.61882996559
288.391063 1.56876587868
289.866556 1.4687898159
291.24205 1.3688249588
292.867222 1.61890888214
294.342806 1.46876001358
295.768236 1.41883707047
297.243332 1.46878385544
298.619521 1.36864209175
300.244716 1.61891198158
301.7197 1.46869778633
303.764687 1.66929411888
305.190435 1.41881799698
306.565262 1.36849093437
308.040787 1.46894001961
309.71756 1.46878409386
311.247518 1.51919794083
312.573003 1.31852889061
314.148827 1.56887507439
315.574746 1.4186630249
317.050939 1.46894717216
318.326611 1.26845908165
319.702374 1.36861014366
321.128028 1.41868495941
322.604083 1.46871590614
323.97958 1.36855316162
325.155258 1.16837501526
326.428652 1.16863703728
327.704811 1.26855897903
328.980419 1.26864480972
330.339731 1.3186249733
331.565224 1.21846079826
332.740534 1.16835308075
333.966344 1.21850204468
335.191729 1.21837997437
336.367585 1.16853189468
337.543107 1.16841816902
338.768503 1.21840310097
340.162246 1.16847586632
341.388963 1.21856093407
342.664511 1.26858782768
343.839794 1.16832304001
345.11556 1.2684969902
346.444446 1.21834683418
347.700215 1.21834492683
348.925817 1.21859407425
350.201671 1.26858997345
351.427036 1.21841716766
352.602199 1.16820716858
353.878073 1.26860618591
355.103485 1.21841001511
356.228775 1.1183078289
357.554641 1.31848192215
358.729928 1.16827893257
360.005732 1.26846909523
361.180987 1.16828894615
362.406439 1.21838998795
363.582147 1.16829204559
364.907776 1.31859612465
