1.424558 1.11760783195
2.650636 1.21784114838
4.125116 1.4682328701
5.600029 1.46830606461
6.924799 1.31789183617
8.549961 1.61848211288
10.124519 1.56823205948
11.52147 1.36815500259
13.045845 1.51818490028
14.521579 1.46823501587
15.746191 1.21795606613
17.221123 1.46826386452
18.395937 1.16783285141
19.970428 1.56836891174
21.595678 1.61827015877
23.057336 1.41835403442
24.329905 1.21807813644
25.854431 1.5183827877
27.27874 1.41813421249
28.603281 1.3181579113
30.07776 1.46835112572
31.451956 1.36806082726
33.126272 1.4183318615
34.652346 1.5184481144
35.876949 1.21797990799
37.402675 1.51839208603
38.87756 1.46825194359
40.402435 1.51830196381
41.827483 1.4181740284
43.202295 1.36821198463
44.877736 1.66854381561
46.352752 1.46837210655
47.803962 1.26805400848
49.030153 1.21805596352
50.304425 1.2681889534
51.829559 1.51845884323
53.154702 1.31820106506
54.129157 0.967753887177
55.430384 1.26808190346
56.605357 1.16799616814
57.780023 1.16800785065
58.754634 0.967626094818
59.929326 1.16799402237
61.104 1.16800498962
62.379316 1.26815891266
63.649327 0.967745065689
65.02522 1.36813378334
66.398646 1.31811904907
67.473082 1.06799507141
68.597607 1.11781811714
69.421768 0.817478895187
70.346585 0.917746067047
71.370993 1.01773905754
72.495501 1.11785101891
74.230455 1.51851201057
75.304887 1.06771111488
76.429056 1.11790895462
77.404944 0.96776008606
78.429074 1.01798987389
79.553846 1.11812996864
80.728982 1.16810798645
81.654361 0.918705940247
82.652887 0.967862844467
83.703705 0.967880010605
84.728066 1.0179169178
85.852816 1.1179318428
87.178004 1.3182489872
88.244132 1.01782608032
89.368957 1.11810684204
90.343475 0.967806816101
91.518541 1.16801714897
92.543196 1.017827034
93.659502 1.0680410862
95.034953 1.1680560112
96.347156 1.11808514595
97.371642 1.01779699326
98.496532 1.11795806885
99.520658 1.01771306992
100.845479 1.3180668354
101.770214 0.917766094208
102.894979 1.11803412437
104.049178 1.06783390045
105.524328 1.46839904785
106.649298 1.11795806885
107.974203 1.31816601753
108.948923 0.967664003372
109.923497 0.967818975449
111.280551 1.26838111877
112.405273 1.11792302132
113.830931 1.41861391068
114.930671 1.01773500443
116.155818 1.21804094315
117.280711 1.1181678772
118.431813 1.06798815727
119.507127 1.06821489334
120.732009 1.21809315681
121.907183 1.16810679436
123.182069 1.26813697815
124.356792 1.16796994209
126.077342 1.31886696815
127.24973 1.11806297302
128.374775 1.11800003052
129.299351 0.917776107788
130.424032 1.1179587841
131.84966 1.41856384277
132.924419 1.06799292564
134.099246 1.1680560112
135.35205 1.16811299324
136.526842 1.16797709465
137.949422 1.26854896545
139.1742 1.21799993515
140.349209 1.16799092293
141.324019 0.967789888382
142.598923 1.26813912392
143.723965 1.11798620224
144.898705 1.16795992851
146.075353 1.16807317734
147.773061 1.5186021328
148.898163 1.11805987358
150.13712 1.11795306206
151.311912 1.16799712181
152.464327 1.06798195839
153.739435 1.26832890511
154.964424 1.21815800667
156.566595 1.26829814911
157.942507 1.36835598946
159.267558 1.3181989193
160.676888 1.31826901436
161.806509 1.11797213554
163.23199 1.41843891144
164.753739 1.36821293831
165.928441 1.16793394089
167.012015 1.01776194572
168.13674 1.11793494225
169.491817 1.26824498177
170.66732 1.16839003563
171.942248 1.26806592941
173.149571 1.11792898178
174.274381 1.11798501015
175.800295 1.51874089241
177.075287 1.26817297935
178.338931 1.21800708771
179.664997 1.06811213493
180.789318 1.11812901497
181.929192 1.11797308922
