1.794774 1.41801404953
3.32128 1.5182800293
4.695636 1.36811280251
6.320739 1.61841607094
7.84573 1.51832199097
9.370953 1.51832199097
11.095723 1.71864891052
12.470408 1.36832308769
13.845355 1.36822104454
15.320382 1.46839022636
16.895386 1.5685749054
18.470365 1.56830382347
19.945179 1.46841287613
21.570359 1.61855578423
22.895812 1.31812405586
24.320445 1.41820192337
25.67648 1.26819705963
27.001697 1.31823301315
28.37664 1.36821722984
29.801628 1.41822099686
31.12703 1.31827783585
32.683038 1.31822395325
34.059195 1.36837911606
35.434188 1.368309021
36.809652 1.36826896667
38.13453 1.31824994087
39.559484 1.41832590103
40.834945 1.26814413071
42.410058 1.56847405434
43.685094 1.26816391945
45.010004 1.31830787659
46.33477 1.31814694405
47.758713 1.31836605072
49.083774 1.31833696365
50.608309 1.51845693588
51.983013 1.36831593513
53.307882 1.31825590134
54.582678 1.26810121536
56.057421 1.46837091446
57.582533 1.51848006248
58.944221 1.31828594208
60.319199 1.36829590797
61.743556 1.41830015182
63.383343 1.21818614006
65.010032 1.61865210533
66.334967 1.3182990551
67.710336 1.36837697029
69.085308 1.36829400063
70.602577 1.41838908195
71.877746 1.26821303368
73.152608 1.26820111275
74.427791 1.26819801331
75.636267 1.16797709465
76.861134 1.21816802025
78.186371 1.31827497482
79.461286 1.2681851387
80.712109 1.21808719635
81.987442 1.26812601089
83.412472 1.4183409214
84.687774 1.26830482483
86.096403 1.368268013
87.42138 1.31828403473
88.747034 1.31829190254
90.121979 1.36826491356
91.477998 1.26813483238
92.753134 1.26818394661
94.194543 1.21829199791
95.470899 1.26841497421
96.645721 1.16810894012
97.870829 1.21823501587
99.146236 1.26834201813
100.32117 1.16806793213
101.547118 1.21822595596
102.722026 1.16821694374
103.996959 1.26820421219
105.372305 1.36836481094
106.597502 1.21825504303
107.815409 1.16821885109
109.14045 1.31832098961
110.51552 1.36833310127
111.749181 1.16806483269
113.358636 1.56858611107
114.883321 1.51850509644
116.458213 1.56872081757
117.782599 1.31824302673
118.957477 1.16803312302
120.532221 1.56860995293
122.006861 1.46845793724
123.481781 1.46847486496
125.09489 1.41847205162
126.771953 1.66906499863
128.14702 1.36833000183
129.47219 1.31844592094
130.79735 1.31816315651
132.322572 1.51851987839
133.89819 1.56862783432
135.168422 1.1680932045
136.443896 1.26839613914
137.818899 1.36827492714
139.09431 1.26823115349
140.269179 1.1680791378
141.4941 1.21813392639
142.719294 1.21813797951
143.944153 1.21809005737
145.219146 1.26820993423
146.394361 1.16809511185
147.569116 1.1679751873
148.844529 1.26831698418
150.11948 1.26824903488
151.344273 1.21806287766
152.569352 1.21803402901
153.744067 1.16800785065
155.282831 1.2181520462
156.558953 1.26828694344
157.633606 1.06787800789
159.009067 1.36842799187
160.183793 1.16798591614
161.308449 1.11791110039
162.583738 1.26821303368
163.758412 1.16794991493
164.933768 1.16822886467
166.359033 1.41846990585
167.583878 1.21811318398
168.75896 1.16800498962
170.134018 1.36826300621
171.409334 1.26825499535
172.584159 1.16806101799
173.90919 1.31818389893
175.116558 1.118019104
176.341742 1.21811199188
177.516501 1.16800308228
178.691617 1.16800189018
179.8665 1.16807389259
181.09154 1.21828699112
182.317107 1.2183380127
183.441889 1.11798000336
184.767596 1.31830406189
186.342147 1.31842899323
187.532419 1.16815710068
188.657212 1.11800885201
190.1326 1.46842002869
191.378989 1.21816301346
192.503853 1.11786603928
193.628413 1.1178278923
