1.765374 1.4679620266
2.941461 1.16782903671
4.416994 1.46805286407
6.091889 1.66819286346
7.56668 1.46812415123
9.054951 1.46823501587
10.679828 1.61857914925
12.004431 1.31789684296
13.328746 1.31813883781
14.653705 1.31791710854
16.228198 1.5683760643
17.803143 1.56822109222
19.32787 1.51830911636
20.701951 1.36794400215
22.12677 1.41812682152
23.55189 1.41802191734
25.161457 1.36824297905
26.736128 1.56849503517
28.260959 1.51848983765
29.68598 1.41833591461
31.160454 1.46826100349
32.835394 1.41833400726
34.362328 1.51858901978
35.637013 1.26812601089
36.962092 1.31819391251
38.336913 1.36813616753
39.920054 1.5182788372
41.295063 1.3680961132
42.820023 1.51837992668
44.345551 1.51864099503
45.920532 1.56840419769
47.595695 1.66847205162
49.401366 1.71903681755
50.626871 1.21843504906
51.802178 1.16829204559
53.12744 1.31852006912
54.451787 1.31825089455
55.476206 1.01775813103
56.750732 1.26810979843
57.97532 1.21793913841
59.350593 1.36833620071
60.475173 1.11796808243
61.850229 1.36838984489
63.203082 1.11794090271
64.36532 1.06788396835
65.339433 0.967693090439
66.464001 1.1178689003
67.588093 1.11798000336
68.56268 0.967643022537
69.837034 1.26821994781
71.062113 1.21809697151
72.136715 1.06791710854
73.211169 1.06774902344
74.416928 1.11805200577
75.591817 1.16789913177
76.715927 1.11794805527
78.091116 1.36821317673
79.215094 1.11788105965
80.589931 1.36812400818
81.865066 1.26813197136
83.03914 1.16795802116
84.013618 0.967767953873
85.025893 0.917830944061
86.400353 1.3682820797
87.52492 1.11784291267
88.599928 1.0680000782
89.901245 1.21825218201
90.875738 0.967720031738
91.850189 0.967686891556
93.075566 1.21820807457
94.326655 1.06789112091
95.703013 1.368527174
97.006016 1.01786899567
98.281582 1.26834416389
99.206116 0.917769908905
100.030292 0.81747508049
100.954992 0.917694807053
102.243774 1.16844296455
103.217761 0.967725992203
104.142601 0.917784929276
105.167292 1.01789593697
106.291984 1.11797595024
107.216198 0.917731046677
108.291234 1.06822109222
109.415993 1.1180229187
110.680811 1.16816616058
111.906014 1.21819376945
113.014981 1.06783294678
114.189362 1.16825509071
115.543292 1.26820993423
116.618439 1.06799292564
117.843265 1.21811795235
118.867241 1.01779007912
119.968267 1.0180850029
121.293209 1.31822299957
122.697099 1.31857705116
123.82181 1.11801290512
125.413739 1.26826000214
126.489584 1.06790399551
127.513522 1.0177359581
128.588531 1.06799507141
129.897058 1.21827101707
131.021757 1.11795115471
132.225863 1.11793899536
133.500962 1.26826500893
134.802577 1.21830415726
135.877639 1.06794190407
137.131966 1.16811800003
138.385146 1.16796207428
139.360046 0.967776060104
140.603791 1.11808514595
141.728417 1.11786794662
142.829216 1.01782512665
143.904171 1.06795120239
145.128935 1.21796989441
146.427824 1.21832895279
147.552287 1.1179690361
148.677026 1.11792993546
149.780538 1.01782798767
151.189603 1.31826996803
152.314751 1.11809182167
153.466518 1.06805491447
154.467799 0.917822122574
155.894551 1.16810798645
157.467944 1.46854496002
158.693031 1.21803116798
159.831311 1.0178000927
160.989124 1.06796002388
162.358322 1.11800384521
163.482964 1.11787390709
164.607868 1.11790013313
165.860047 1.16807889938
166.934923 1.06779003143
168.289118 1.26810193062
169.704008 1.268253088
171.063487 1.31816887856
172.088057 1.01772499084
173.162739 1.0678050518
174.137647 0.967796087265
175.390963 1.16822004318
176.465066 1.06785488129
177.789606 1.31827020645
179.314471 1.51865196228
180.589228 1.26819014549
181.981357 1.36841797829
183.556207 1.56861400604
185.030984 1.46852397919
186.859862 1.56863307953
188.235904 1.36821818352
189.711217 1.46838212013
190.835979 1.11792087555
192.211488 1.36838006973
193.886684 1.66857504845
195.362155 1.46850585938
