2.201066 1.61836194992
3.727113 1.51836299896
5.152254 1.41828393936
6.746958 1.56851220131
8.171336 1.41817712784
9.696697 1.51895308495
11.171929 1.46829009056
12.647109 1.4684419632
14.121899 1.46841001511
15.746622 1.61856985092
17.170952 1.41818785667
18.696463 1.51847100258
20.121461 1.41823005676
21.596373 1.46846985817
22.920695 1.3181450367
24.245749 1.31816220284
25.869814 1.56873893738
27.394479 1.51840591431
28.768936 1.36824798584
30.143643 1.36821985245
31.618345 1.46851301193
33.212133 1.41852498055
34.538345 1.3183658123
35.963617 1.41839909554
37.589287 1.61870908737
39.014604 1.41865181923
40.540131 1.51886892319
41.965493 1.41842699051
43.590915 1.61871504784
44.916243 1.3183619976
46.391349 1.46844792366
47.866546 1.46844887733
49.51298 1.51852488518
51.137801 1.61866092682
52.462084 1.31822896004
53.988824 1.51871585846
55.463642 1.46866798401
56.888119 1.41832995415
58.413342 1.5187189579
59.938102 1.51865100861
61.312649 1.36841082573
62.887743 1.56866002083
64.595197 1.46862101555
66.121986 1.51880002022
67.597196 1.468531847
69.122487 1.51855683327
70.447919 1.31840801239
71.923202 1.46859312057
73.366034 1.31861209869
74.691126 1.31835985184
76.166425 1.46855115891
77.491896 1.31841111183
78.867136 1.36851406097
80.242913 1.36868405342
81.618436 1.36875700951
82.943556 1.31833815575
84.26941 1.31875109673
85.594436 1.31825399399
87.069929 1.46858382225
88.495569 1.41852593422
89.820771 1.31842494011
91.196477 1.36860108376
92.471593 1.26830291748
93.897072 1.41868209839
95.543297 1.31859397888
96.819542 1.26842904091
98.194802 1.36848306656
99.520151 1.31832385063
100.945398 1.41854190826
102.320483 1.36832809448
103.696003 1.36841416359
104.971183 1.26840090752
106.297174 1.31836891174
107.572291 1.26837420464
108.997561 1.41848683357
110.323187 1.31856298447
111.698385 1.36843800545
113.024389 1.31856489182
114.299444 1.2683160305
115.774996 1.46866703033
117.213803 1.31833386421
118.53928 1.31838107109
119.864549 1.31834483147
121.240652 1.36854195595
122.565798 1.31838607788
123.840904 1.26829504967
125.26695 1.41856193542
126.812616 1.31858515739
128.23931 1.4186360836
129.564531 1.31844210625
130.889727 1.31838917732
132.166048 1.26864290237
133.441157 1.26831889153
134.81676 1.36851000786
136.192059 1.36847901344
137.567376 1.36849784851
138.963472 1.26843500137
140.238769 1.26850700378
141.514054 1.26833581924
142.789756 1.26847887039
144.215111 1.41852402687
145.440139 1.2182328701
146.815865 1.36855387688
148.141078 1.31838798523
149.366482 1.21828007698
150.641582 1.26830601692
152.016747 1.36836910248
153.342279 1.31842017174
154.567339 1.21824598312
155.893007 1.31853985786
157.394576 1.31842207909
158.721057 1.31851291656
160.136118 1.2683699131
161.461421 1.31830787659
162.686443 1.21814584732
164.011682 1.31838011742
165.337024 1.31830096245
166.662093 1.31829500198
167.887459 1.21834015846
169.112768 1.21820092201
170.338247 1.21843099594
171.613342 1.26825809479
172.788406 1.16824316978
174.013814 1.21831798553
175.339021 1.31838107109
176.664131 1.31831502914
177.939507 1.26833891869
179.214495 1.26821303368
180.552985 1.21826410294
181.878613 1.31852698326
183.253762 1.36834192276
184.428987 1.16815805435
185.654104 1.21825814247
186.929557 1.26830792427
188.388719 1.21829009056
189.614991 1.21837997437
190.840126 1.2182559967
192.115264 1.26834201813
193.390656 1.26827692986
194.565675 1.16818499565
195.891642 1.31840705872
197.116679 1.21822690964
198.392262 1.26847410202
199.717521 1.31847000122
